temp,ice,diameter,ice_d
0,0,0,0
0,0,0,0
0,0,0,0
0,0,0,0
0,0,0,0
0,0,0,0
0,0,0,0
0,0,0,0
0,0,0,0
0,0,0,0
0,0,0,0
0,0,0,0
0,0,0,0
0,0,0,0
0,0,0,0
0,0,0,0
0,0,0,0
0,0,0,0
0,0,0,0
0,0,0,0
0,0,0,0
0,0,0,0
0,0,0,0
0,0,0,0
0,0,0,0
0,0,0,0
0,0,0,0
0,0,0,0
0,0,0,0
0,0,0,0
0,0,0,0
0,0,0,0
0,0,0,0
0,0,0,0
0,0,0,0
0,0,0,0
0,0,0,0
0,0,0,0
0,0,0,0
0,0,0,0
0,0,0,0
0,0,0,0
0,0,0,0
0,0,0,0
0,0,0,0
0,0,0,0
0,0,0,0
0,0,0,0
0,0,0,0
0,0,0,0
0,0,0,0
0,0,0,0
0,0,0,0
0,0,0,0
0,0,0,0
0,0,0,0
0,0,0,0
0,0,0,0
0,0,0,0
0,0,0,0
0,0,0,0
0,0,0,0
0,0,0,0
0,0,0,0
0,0,0,0
0,0,0,0
0,0,0,0
0,0,0,0
0,0,0,0
0,0,0,0
0,0,0,0
0,0,0,0
0,0,0,0
0,0,0,0
0,0,0,0
0,0,0,0
0,0,0,0
0,0,0,0
0,0,0,0
0,0,0,0
0,0,0,0
0,0,0,0
0,0,0,0
0,0,0,0
0,0,0,0
0,0,0,0
0,0,0,0
0,0,0,0
0,0,0,0
0,0,0,0
0,0,0,0
0,0,0,0
0,0,0,0
0,0,0,0
0,0,0,0
0,0,0,0
0,0,0,0
0,0,0,0
0,0,0,0
0,0,0,0
0,0,0,0
0,0,0,0
0,0,0,0
0,0,0,0
0,0,0,0
0,0,0,0
0,0,0,0
0,0,0,0
0,0,0,0
0,0,0,0
0,0,0,0
0,0,0,0
0,0,0,0
0,0,0,0
0,0,0,0
0,0,0,0
0,0,0,0
0,0,0,0
0,0,0,0
0,0,0,0
0,0,0,0
0,0,0,0
0,0,0,0
0,0,0,0
0,0,0,0
0,0,0,0
0,0,0,0
0,0,0,0
0,0,0,0
0,0,0,0
0,0,0,0
0,0,0,0
0,0,0,0
0,0,0,0
0,0,0,0
0,0,0,0
0,0,0,0
0,0,0,0
0,0,0,0
0,0,0,0
0,0,0,0
0,0,0,0
0,0,0,0
0,0,0,0
0,0,0,0
0,0,0,0
0,0,0,0
0,0,0,0
0,0,0,0
0,0,0,0
0,0,0,0
0,0,0,0
0,0,0,0
0,0,0,0
0,0,0,0
0,0,0,0
0,0,0,0
0,0,0,0
0,0,0,0
0,0,0,0
0,0,0,0
0,0,0,0
0,0,0,0
0,0,0,0
0,0,0,0
0,0,0,0
0,0,0,0
0,0,0,0
0,0,0,0
0,0,0,0
0,0,0,0
0,0,0,0
0,0,0,0
0,0,0,0
0,0,0,0
0,0,0,0
0,0,0,0
0,0,0,0
0,0,0,0
0,0,0,0
0,0,0,0
0,0,0,0
0,0,0,0
0,0,0,0
0,0,0,0
0,0,0,0
0,0,0,0
0,0,0,0
0,0,0,0
0,0,0,0
0,0,0,0
0,0,0,0
0,0,0,0
0,0,0,0
0,0,0,0
0,0,0,0
0,0,0,0
0,0,0,0
0,0,0,0
0,0,0,0
0,0,0,0
0,0,0,0
0,0,0,0
0,0,0,0
0,0,0,0
0,0,0,0
0,0,0,0
0,0,0,0
0,0,0,0
0,0,0,0
0,0,0,0
0,0,0,0
0,0,0,0
0,0,0,0
0,0,0,0
0,0,0,0
0,0,0,0
0,0,0,0
0,0,0,0
0,0,0,0
0,0,0,0
0,0,0,0
0,0,0,0
0,0,0,0
0,0,0,0
0,0,0,0
0,0,0,0
0,0,0,0
0,0,0,0
0,0,0,0
0,0,0,0
0,0,0,0
0,0,0,0
0,0,0,0
0,0,0,0
0,0,0,0
0,0,0,0
0,0,0,0
0,0,0,0
0,0,0,0
0,0,0,0
0,0,0,0
0,0,0,0
0,0,0,0
0,0,0,0
0,0,0,0
0,0,0,0
0,0,0,0
0,0,0,0
0,0,0,0
0,0,0,0
0,0,0,0
0,0,0,0
0,0,0,0
0,0,0,0
0,0,0,0
0,0,0,0
0,0,0,0
0,0,0,0
0,0,0,0
0,0,0,0
0,0,0,0
0,0,0,0
0,0,0,0
0,0,0,0
0,0,0,0
0,0,0,0
0,0,0,0
0,0,0,0
0,0,0,0
0,0,0,0
0,0,0,0
0,0,0,0
0,0,0,0
0,0,0,0
0,0,0,0
0,0,0,0
0,0,0,0
0,0,0,0
0,0,0,0
0,0,0,0
0,0,0,0
0,0,0,0
0,0,0,0
0,0,0,0
0,0,0,0
0,0,0,0
0,0,0,0
0,0,0,0
0,0,0,0
0,0,0,0
0,0,0,0
0,0,0,0
0,0,0,0
0,0,0,0
0,0,0,0
0,0,0,0
0,0,0,0
0,0,0,0
0,0,0,0
0,0,0,0
0,0,0,0
0,0,0,0
0,0,0,0
0,0,0,0
0,0,0,0
0,0,0,0
0,0,0,0
0,0,0,0
0,0,0,0
0,0,0,0
0,0,0,0
0,0,0,0
0,0,0,0
0,0,0,0
0,0,0,0
0,0,0,0
0,0,0,0
0,0,0,0
0,0,0,0
0,0,0,0
0,0,0,0
0,0,0,0
0,0,0,0
0,0,0,0
0,0,0,0
0,0,0,0
0,0,0,0
0,0,0,0
0,0,0,0
0,0,0,0
0,0,0,0
0,0,0,0
0,0,0,0
0,0,0,0
0,0,0,0
0,0,0,0
0,0,0,0
0,0,0,0
0,0,0,0
0,0,0,0
0,0,0,0
0,0,0,0
0,0,0,0
0,0,0,0
0,0,0,0
0,0,0,0
0,0,0,0
0,0,0,0
0,0,0,0
0,0,0,0
0,0,0,0
0,0,0,0
0,0,0,0
0,0,0,0
0,0,0,0
0,0,0,0
0,0,0,0
0,0,0,0
0,0,0,0
0,0,0,0
0,0,0,0
0,0,0,0
0,0,0,0
0,0,0,0
0,0,0,0
0,0,0,0
0,0,0,0
0,0,0,0
0,0,0,0
0,0,0,0
0,0,0,0
0,0,0,0
0,0,0,0
0,0,0,0
0,0,0,0
0,0,0,0
0,0,0,0
0,0,0,0
0,0,0,0
0,0,0,0
0,0,0,0
0,0,0,0
0,0,0,0
0,0,0,0
0,0,0,0
0,0,0,0
0,0,0,0
0,0,0,0
0,0,0,0
0,0,0,0
0,0,0,0
0,0,0,0
0,0,0,0
0,0,0,0
0,0,0,0
0,0,0,0
0,0,0,0
0,0,0,0
0,0,0,0
0,0,0,0
0,0,0,0
0,0,0,0
0,0,0,0
0,0,0,0
0,0,0,0
0,0,0,0
0,0,0,0
0,0,0,0
0,0,0,0
0,0,0,0
0,0,0,0
0,0,0,0
0,0,0,0
0,0,0,0
0,0,0,0
0,0,0,0
0,0,0,0
0,0,0,0
0,0,0,0
0,0,0,0
0,0,0,0
0,0,0,0
0,0,0,0
0,0,0,0
0,0,0,0
0,0,0,0
0,0,0,0
0,0,0,0
0,0,0,0
0,0,0,0
0,0,0,0
0,0,0,0
0,0,0,0
0,0,0,0
0,0,0,0
0,0,0,0
0,0,0,0
0,0,0,0
0,0,0,0
0,0,0,0
0,0,0,0
0,0,0,0
0,0,0,0
0,0,0,0
0,0,0,0
0,0,0,0
0,0,0,0
0,0,0,0
0,0,0,0
0,0,0,0
0,0,0,0
0,0,0,0
0,0,0,0
0,0,0,0
0,0,0,0
0,0,0,0
0,0,0,0
0,0,0,0
0,0,0,0
0,0,0,0
0,0,0,0
0,0,0,0
0,0,0,0
0,0,0,0
0,0,0,0
0,0,0,0
0,0,0,0
0,0,0,0
0,0,0,0
0,0,0,0
0,0,0,0
0,0,0,0
0,0,0,0
0,0,0,0
0,0,0,0
0,0,0,0
0,0,0,0
0,0,0,0
0,0,0,0
0,0,0,0
0,0,0,0
0,0,0,0
0,0,0,0
0,0,0,0
0,0,0,0
0,0,0,0
0,0,0,0
0,0,0,0
0,0,0,0
0,0,0,0
0,0,0,0
0,0,0,0
0,0,0,0
0,0,0,0
0,0,0,0
0,0,0,0
0,0,0,0
0,0,0,0
0,0,0,0
0,0,0,0
0,0,0,0
0,0,0,0
0,0,0,0
0,0,0,0
0,0,0,0
0,0,0,0
0,0,0,0
0,0,0,0
0,0,0,0
0,0,0,0
0,0,0,0
0,0,0,0
0,0,0,0
0,0,0,0
0,0,0,0
0,0,0,0
0,0,0,0
0,0,0,0
0,0,0,0
0,0,0,0
0,0,0,0
0,0,0,0
0,0,0,0
0,0,0,0
0,0,0,0
0,0,0,0
0,0,0,0
0,0,0,0
0,0,0,0
0,0,0,0
0,0,0,0
0,0,0,0
0,0,0,0
0,0,0,0
0,0,0,0
0,0,0,0
0,0,0,0
0,0,0,0
0,0,0,0
0,0,0,0
0,0,0,0
0,0,0,0
0,0,0,0
0,0,0,0
0,0,0,0
0,0,0,0
0,0,0,0
0,0,0,0
0,0,0,0
0,0,0,0
0,0,0,0
0,0,0,0
0,0,0,0
0,0,0,0
0,0,0,0
0,0,0,0
0,0,0,0
0,0,0,0
0,0,0,0
0,0,0,0
0,0,0,0
0,0,0,0
0,0,0,0
0,0,0,0
0,0,0,0
0,0,0,0
0,0,0,0
0,0,0,0
0,0,0,0
0,0,0,0
0,0,0,0
0,0,0,0
0,0,0,0
0,0,0,0
0,0,0,0
0,0,0,0
0,0,0,0
0,0,0,0
0,0,0,0
0,0,0,0
0,0,0,0
0,0,0,0
0,0,0,0
0,0,0,0
0,0,0,0
0,0,0,0
0,0,0,0
0,0,0,0
0,0,0,0
0,0,0,0
0,0,0,0
0,0,0,0
0,0,0,0
0,0,0,0
0,0,0,0
0,0,0,0
0,0,0,0
0,0,0,0
0,0,0,0
0,0,0,0
0,0,0,0
0,0,0,0
0,0,0,0
0,0,0,0
0,0,0,0
0,0,0,0
0,0,0,0
0,0,0,0
0,0,0,0
0,0,0,0
0,0,0,0
0,0,0,0
0,0,0,0
0,0,0,0
0,0,0,0
0,0,0,0
0,0,0,0
0,0,0,0
0,0,0,0
0,0,0,0
0,0,0,0
0,0,0,0
0,0,0,0
0,0,0,0
0,0,0,0
0,0,0,0
0,0,0,0
0,0,0,0
0,0,0,0
0,0,0,0
0,0,0,0
0,0,0,0
0,0,0,0
0,0,0,0
0,0,0,0
0,0,0,0
0,0,0,0
0,0,0,0
0,0,0,0
0,0,0,0
0,0,0,0
0,0,0,0
0,0,0,0
0,0,0,0
0,0,0,0
0,0,0,0
0,0,0,0
0,0,0,0
0,0,0,0
0,0,0,0
0,0,0,0
0,0,0,0
0,0,0,0
0,0,0,0
0,0,0,0
0,0,0,0
0,0,0,0
0,0,0,0
0,0,0,0
0,0,0,0
0,0,0,0
0,0,0,0
0,0,0,0
0,0,0,0
0,0,0,0
0,0,0,0
0,0,0,0
0,0,0,0
0,0,0,0
0,0,0,0
0,0,0,0
0,0,0,0
0,0,0,0
0,0,0,0
0,0,0,0
0,0,0,0
0,0,0,0
0,0,0,0
0,0,0,0
0,0,0,0
0,0,0,0
0,0,0,0
0,0,0,0
0,0,0,0
0,0,0,0
0,0,0,0
0,0,0,0
0,0,0,0
0,0,0,0
0,0,0,0
0,0,0,0
0,0,0,0
0,0,0,0
0,0,0,0
0,0,0,0
0,0,0,0
0,0,0,0
0,0,0,0
0,0,0,0
0,0,0,0
0,0,0,0
0,0,0,0
0,0,0,0
0,0,0,0
0,0,0,0
0,0,0,0
0,0,0,0
0,0,0,0
0,0,0,0
0,0,0,0
0,0,0,0
0,0,0,0
0,0,0,0
0,0,0,0
0,0,0,0
0,0,0,0
0,0,0,0
0,0,0,0
0,0,0,0
0,0,0,0
0,0,0,0
0,0,0,0
0,0,0,0
0,0,0,0
0,0,0,0
0,0,0,0
0,0,0,0
0,0,0,0
0,0,0,0
0,0,0,0
0,0,0,0
0,0,0,0
0,0,0,0
0,0,0,0
0,0,0,0
0,0,0,0
0,0,0,0
0,0,0,0
0,0,0,0
0,0,0,0
0,0,0,0
0,0,0,0
0,0,0,0
0,0,0,0
0,0,0,0
0,0,0,0
0,0,0,0
0,0,0,0
0,0,0,0
0,0,0,0
0,0,0,0
0,0,0,0
0,0,0,0
0,0,0,0
0,0,0,0
0,0,0,0
0,0,0,0
0,0,0,0
0,0,0,0
0,0,0,0
0,0,0,0
0,0,0,0
0,0,0,0
0,0,0,0
0,0,0,0
0,0,0,0
0,0,0,0
0,0,0,0
0,0,0,0
0,0,0,0
0,0,0,0
0,0,0,0
0,0,0,0
0,0,0,0
0,0,0,0
0,0,0,0
0,0,0,0
0,0,0,0
0,0,0,0
0,0,0,0
0,0,0,0
0,0,0,0
0,0,0,0
0,0,0,0
0,0,0,0
0,0,0,0
0,0,0,0
0,0,0,0
0,0,0,0
0,0,0,0
0,0,0,0
0,0,0,0
0,0,0,0
0,0,0,0
0,0,0,0
0,0,0,0
0,0,0,0
0,0,0,0
0,0,0,0
0,0,0,0
0,0,0,0
0,0,0,0
0,0,0,0
0,0,0,0
0,0,0,0
0,0,0,0
0,0,0,0
0,0,0,0
0,0,0,0
0,0,0,0
0,0,0,0
0,0,0,0
0,0,0,0
0,0,0,0
0,0,0,0
0,0,0,0
0,0,0,0
0,0,0,0
0,0,0,0
0,0,0,0
0,0,0,0
0,0,0,0
0,0,0,0
0,0,0,0
0,0,0,0
0,0,0,0
0,0,0,0
0,0,0,0
0,0,0,0
0,0,0,0
0,0,0,0
0,0,0,0
0,0,0,0
0,0,0,0
0,0,0,0
0,0,0,0
0,0,0,0
0,0,0,0
0,0,0,0
0,0,0,0
0,0,0,0
0,0,0,0
0,0,0,0
0,0,0,0
0,0,0,0
0,0,0,0
0,0,0,0
0,0,0,0
0,0,0,0
0,0,0,0
0,0,0,0
0,0,0,0
0,0,0,0
0,0,0,0
0,0,0,0
0,0,0,0
0,0,0,0
0,0,0,0
0,0,0,0
0,0,0,0
0,0,0,0
0,0,0,0
0,0,0,0
0,0,0,0
0,0,0,0
0,0,0,0
0,0,0,0
0,0,0,0
0,0,0,0
0,0,0,0
0,0,0,0
0,0,0,0
0,0,0,0
0,0,0,0
0,0,0,0
0,0,0,0
0,0,0,0
0,0,0,0
0,0,0,0
0,0,0,0
0,0,0,0
0,0,0,0
0,0,0,0
0,0,0,0
0,0,0,0
0,0,0,0
0,0,0,0
0,0,0,0
0,0,0,0
0,0,0,0
0,0,0,0
0,0,0,0
0,0,0,0
0,0,0,0
0,0,0,0
0,0,0,0
0,0,0,0
0,0,0,0
0,0,0,0
0,0,0,0
0,0,0,0
0,0,0,0
0,0,0,0
0,0,0,0
0,0,0,0
0,0,0,0
0,0,0,0
0,0,0,0
0,0,0,0
0,0,0,0
0,0,0,0
0,0,0,0
0,0,0,0
0,0,0,0
0,0,0,0
0,0,0,0
0,0,0,0
0,0,0,0
0,0,0,0
0,0,0,0
0,0,0,0
0,0,0,0
0,0,0,0
0,0,0,0
0,0,0,0
0,0,0,0
0,0,0,0
0,0,0,0
0,0,0,0
0,0,0,0
0,0,0,0
0,0,0,0
0,0,0,0
0,0,0,0
0,0,0,0
0,0,0,0
0,0,0,0
0,0,0,0
0,0,0,0
0,0,0,0
0,0,0,0
0,0,0,0
0,0,0,0
0,0,0,0
0,0,0,0
0,0,0,0
0,0,0,0
0,0,0,0
0,0,0,0
0,0,0,0
0,0,0,0
0,0,0,0
0,0,0,0
0,0,0,0
0,0,0,0
0,0,0,0
0,0,0,0
0,0,0,0
0,0,0,0
0,0,0,0
0,0,0,0
0,0,0,0
0,0,0,0
0,0,0,0
0,0,0,0
0,0,0,0
0,0,0,0
0,0,0,0
0,0,0,0
0,0,0,0
0,0,0,0
0,0,0,0
0,0,0,0
0,0,0,0
0,0,0,0
0,0,0,0
0,0,0,0
0,0,0,0
0,0,0,0
0,0,0,0
0,0,0,0
0,0,0,0
0,0,0,0
0,0,0,0
0,0,0,0
0,0,0,0
0,0,0,0
0,0,0,0
0,0,0,0
0,0,0,0
0,0,0,0
0,0,0,0
0,0,0,0
0,0,0,0
0,0,0,0
0,0,0,0
0,0,0,0
0,0,0,0
0,0,0,0
0,0,0,0
0,0,0,0
0,0,0,0
0,0,0,0
0,0,0,0
0,0,0,0
0,0,0,0
0,0,0,0
0,0,0,0
0,0,0,0
0,0,0,0
0,0,0,0
0,0,0,0
0,0,0,0
0,0,0,0
0,0,0,0
0,0,0,0
0,0,0,0
0,0,0,0
0,0,0,0
0,0,0,0
0,0,0,0
0,0,0,0
0,0,0,0
0,0,0,0
0,0,0,0
0,0,0,0
0,0,0,0
0,0,0,0
0,0,0,0
0,0,0,0
0,0,0,0
0,0,0,0
0,0,0,0
0,0,0,0
0,0,0,0
0,0,0,0
0,0,0,0
0,0,0,0
0,0,0,0
0,0,0,0
0,0,0,0
0,0,0,0
0,0,0,0
0,0,0,0
0,0,0,0
0,0,0,0
0,0,0,0
0,0,0,0
0,0,0,0
0,0,0,0
0,0,0,0
0,0,0,0
0,0,0,0
0,0,0,0
0,0,0,0
0,0,0,0
0,0,0,0
0,0,0,0
0,0,0,0
0,0,0,0
0,0,0,0
0,0,0,0
0,0,0,0
0,0,0,0
0,0,0,0
0,0,0,0
0,0,0,0
0,0,0,0
0,0,0,0
0,0,0,0
0,0,0,0
0,0,0,0
0,0,0,0
0,0,0,0
0,0,0,0
0,0,0,0
0,0,0,0
0,0,0,0
0,0,0,0
0,0,0,0
0,0,0,0
0,0,0,0
0,0,0,0
0,0,0,0
0,0,0,0
0,0,0,0
0,0,0,0
0,0,0,0
0,0,0,0
0,0,0,0
0,0,0,0
0,0,0,0
0,0,0,0
0,0,0,0
0,0,0,0
0,0,0,0
0,0,0,0
0,0,0,0
0,0,0,0
0,0,0,0
0,0,0,0
0,0,0,0
0,0,0,0
0,0,0,0
0,0,0,0
0,0,0,0
0,0,0,0
0,0,0,0
0,0,0,0
0,0,0,0
0,0,0,0
0,0,0,0
0,0,0,0
0,0,0,0
0,0,0,0
0,0,0,0
0,0,0,0
0,0,0,0
0,0,0,0
0,0,0,0
0,0,0,0
0,0,0,0
0,0,0,0
0,0,0,0
0,0,0,0
0,0,0,0
0,0,0,0
0,0,0,0
0,0,0,0
0,0,0,0
0,0,0,0
0,0,0,0
0,0,0,0
0,0,0,0
0,0,0,0
0,0,0,0
0,0,0,0
0,0,0,0
0,0,0,0
0,0,0,0
0,0,0,0
0,0,0,0
0,0,0,0
0,0,0,0
0,0,0,0
0,0,0,0
0,0,0,0
0,0,0,0
0,0,0,0
0,0,0,0
0,0,0,0
0,0,0,0
0,0,0,0
0,0,0,0
0,0,0,0
0,0,0,0
0,0,0,0
0,0,0,0
0,0,0,0
0,0,0,0
0,0,0,0
0,0,0,0
0,0,0,0
0,0,0,0
0,0,0,0
0,0,0,0
0,0,0,0
0,0,0,0
0,0,0,0
0,0,0,0
0,0,0,0
0,0,0,0
0,0,0,0
0,0,0,0
0,0,0,0
0,0,0,0
0,0,0,0
0,0,0,0
0,0,0,0
0,0,0,0
0,0,0,0
0,0,0,0
0,0,0,0
0,0,0,0
0,0,0,0
0,0,0,0
0,0,0,0
0,0,0,0
0,0,0,0
0,0,0,0
0,0,0,0
0,0,0,0
0,0,0,0
0,0,0,0
0,0,0,0
0,0,0,0
0,0,0,0
0,0,0,0
0,0,0,0
0,0,0,0
0,0,0,0
0,0,0,0
0,0,0,0
0,0,0,0
0,0,0,0
0,0,0,0
0,0,0,0
0,0,0,0
0,0,0,0
0,0,0,0
0,0,0,0
0,0,0,0
0,0,0,0
0,0,0,0
0,0,0,0
0,0,0,0
0,0,0,0
0,0,0,0
0,0,0,0
0,0,0,0
0,0,0,0
0,0,0,0
0,0,0,0
0,0,0,0
0,0,0,0
0,0,0,0
0,0,0,0
0,0,0,0
0,0,0,0
0,0,0,0
0,0,0,0
0,0,0,0
0,0,0,0
0,0,0,0
0,0,0,0
0,0,0,0
0,0,0,0
0,0,0,0
0,0,0,0
0,0,0,0
0,0,0,0
0,0,0,0
0,0,0,0
0,0,0,0
0,0,0,0
0,0,0,0
0,0,0,0
0,0,0,0
0,0,0,0
0,0,0,0
0,0,0,0
0,0,0,0
0,0,0,0
0,0,0,0
0,0,0,0
0,0,0,0
0,0,0,0
0,0,0,0
0,0,0,0
0,0,0,0
0,0,0,0
0,0,0,0
0,0,0,0
0,0,0,0
0,0,0,0
0,0,0,0
0,0,0,0
0,0,0,0
0,0,0,0
0,0,0,0
0,0,0,0
0,0,0,0
0,0,0,0
0,0,0,0
0,0,0,0
0,0,0,0
0,0,0,0
0,0,0,0
0,0,0,0
0,0,0,0
0,0,0,0
0,0,0,0
0,0,0,0
0,0,0,0
0,0,0,0
0,0,0,0
0,0,0,0
0,0,0,0
0,0,0,0
0,0,0,0
0,0,0,0
0,0,0,0
0,0,0,0
0,0,0,0
0,0,0,0
0,0,0,0
0,0,0,0
0,0,0,0
0,0,0,0
0,0,0,0
0,0,0,0
0,0,0,0
0,0,0,0
0,0,0,0
0,0,0,0
0,0,0,0
0,0,0,0
0,0,0,0
0,0,0,0
0,0,0,0
0,0,0,0
0,0,0,0
0,0,0,0
0,0,0,0
0,0,0,0
0,0,0,0
0,0,0,0
0,0,0,0
0,0,0,0
0,0,0,0
0,0,0,0
0,0,0,0
0,0,0,0
0,0,0,0
0,0,0,0
0,0,0,0
0,0,0,0
0,0,0,0
0,0,0,0
0,0,0,0
0,0,0,0
0,0,0,0
0,0,0,0
0,0,0,0
0,0,0,0
0,0,0,0
0,0,0,0
0,0,0,0
0,0,0,0
0,0,0,0
0,0,0,0
0,0,0,0
0,0,0,0
0,0,0,0
0,0,0,0
0,0,0,0
0,0,0,0
0,0,0,0
0,0,0,0
0,0,0,0
0,0,0,0
0,0,0,0
0,0,0,0
0,0,0,0
0,0,0,0
0,0,0,0
0,0,0,0
0,0,0,0
0,0,0,0
0,0,0,0
0,0,0,0
0,0,0,0
0,0,0,0
0,0,0,0
0,0,0,0
0,0,0,0
0,0,0,0
0,0,0,0
0,0,0,0
0,0,0,0
0,0,0,0
0,0,0,0
0,0,0,0
0,0,0,0
0,0,0,0
0,0,0,0
0,0,0,0
0,0,0,0
0,0,0,0
0,0,0,0
0,0,0,0
0,0,0,0
0,0,0,0
0,0,0,0
0,0,0,0
0,0,0,0
0,0,0,0
0,0,0,0
0,0,0,0
0,0,0,0
0,0,0,0
0,0,0,0
0,0,0,0
0,0,0,0
0,0,0,0
0,0,0,0
0,0,0,0
0,0,0,0
0,0,0,0
0,0,0,0
0,0,0,0
0,0,0,0
0,0,0,0
0,0,0,0
0,0,0,0
0,0,0,0
0,0,0,0
0,0,0,0
0,0,0,0
0,0,0,0
0,0,0,0
0,0,0,0
0,0,0,0
0,0,0,0
0,0,0,0
0,0,0,0
0,0,0,0
0,0,0,0
0,0,0,0
0,0,0,0
0,0,0,0
0,0,0,0
0,0,0,0
0,0,0,0
0,0,0,0
0,0,0,0
0,0,0,0
0,0,0,0
0,0,0,0
0,0,0,0
0,0,0,0
0,0,0,0
0,0,0,0
0,0,0,0
0,0,0,0
0,0,0,0
0,0,0,0
0,0,0,0
0,0,0,0
0,0,0,0
0,0,0,0
0,0,0,0
0,0,0,0
0,0,0,0
0,0,0,0
0,0,0,0
0,0,0,0
0,0,0,0
0,0,0,0
0,0,0,0
0,0,0,0
0,0,0,0
0,0,0,0
0,0,0,0
0,0,0,0
0,0,0,0
0,0,0,0
0,0,0,0
0,0,0,0
0,0,0,0
0,0,0,0
0,0,0,0
0,0,0,0
0,0,0,0
0,0,0,0
0,0,0,0
0,0,0,0
0,0,0,0
0,0,0,0
0,0,0,0
0,0,0,0
0,0,0,0
0,0,0,0
0,0,0,0
0,0,0,0
0,0,0,0
0,0,0,0
0,0,0,0
0,0,0,0
0,0,0,0
0,0,0,0
0,0,0,0
0,0,0,0
0,0,0,0
0,0,0,0
0,0,0,0
0,0,0,0
0,0,0,0
0,0,0,0
0,0,0,0
0,0,0,0
0,0,0,0
0,0,0,0
0,0,0,0
0,0,0,0
0,0,0,0
0,0,0,0
0,0,0,0
0,0,0,0
0,0,0,0
0,0,0,0
0,0,0,0
0,0,0,0
0,0,0,0
0,0,0,0
0,0,0,0
0,0,0,0
0,0,0,0
0,0,0,0
0,0,0,0
0,0,0,0
0,0,0,0
0,0,0,0
0,0,0,0
0,0,0,0
0,0,0,0
0,0,0,0
0,0,0,0
0,0,0,0
0,0,0,0
0,0,0,0
0,0,0,0
0,0,0,0
0,0,0,0
0,0,0,0
0,0,0,0
0,0,0,0
0,0,0,0
0,0,0,0
0,0,0,0
0,0,0,0
0,0,0,0
0,0,0,0
0,0,0,0
0,0,0,0
0,0,0,0
0,0,0,0
0,0,0,0
0,0,0,0
0,0,0,0
0,0,0,0
0,0,0,0
0,0,0,0
0,0,0,0
0,0,0,0
0,0,0,0
0,0,0,0
0,0,0,0
0,0,0,0
0,0,0,0
0,0,0,0
0,0,0,0
0,0,0,0
0,0,0,0
0,0,0,0
0,0,0,0
0,0,0,0
0,0,0,0
0,0,0,0
0,0,0,0
0,0,0,0
0,0,0,0
0,0,0,0
0,0,0,0
0,0,0,0
0,0,0,0
0,0,0,0
0,0,0,0
0,0,0,0
0,0,0,0
0,0,0,0
0,0,0,0
0,0,0,0
0,0,0,0
0,0,0,0
0,0,0,0
0,0,0,0
0,0,0,0
0,0,0,0
0,0,0,0
0,0,0,0
0,0,0,0
0,0,0,0
0,0,0,0
0,0,0,0
0,0,0,0
0,0,0,0
0,0,0,0
0,0,0,0
0,0,0,0
0,0,0,0
0,0,0,0
0,0,0,0
0,0,0,0
0,0,0,0
0,0,0,0
0,0,0,0
0,0,0,0
0,0,0,0
0,0,0,0
0,0,0,0
0,0,0,0
0,0,0,0
0,0,0,0
0,0,0,0
0,0,0,0
0,0,0,0
0,0,0,0
0,0,0,0
0,0,0,0
0,0,0,0
0,0,0,0
0,0,0,0
0,0,0,0
0,0,0,0
0,0,0,0
0,0,0,0
0,0,0,0
0,0,0,0
0,0,0,0
0,0,0,0
0,0,0,0
0,0,0,0
0,0,0,0
0,0,0,0
0,0,0,0
0,0,0,0
0,0,0,0
0,0,0,0
0,0,0,0
0,0,0,0
0,0,0,0
0,0,0,0
0,0,0,0
0,0,0,0
0,0,0,0
0,0,0,0
0,0,0,0
0,0,0,0
0,0,0,0
0,0,0,0
0,0,0,0
0,0,0,0
0,0,0,0
0,0,0,0
0,0,0,0
0,0,0,0
0,0,0,0
0,0,0,0
0,0,0,0
0,0,0,0
0,0,0,0
0,0,0,0
0,0,0,0
0,0,0,0
0,0,0,0
0,0,0,0
0,0,0,0
0,0,0,0
0,0,0,0
0,0,0,0
0,0,0,0
0,0,0,0
0,0,0,0
0,0,0,0
0,0,0,0
0,0,0,0
0,0,0,0
0,0,0,0
0,0,0,0
0,0,0,0
0,0,0,0
0,0,0,0
0,0,0,0
0,0,0,0
0,0,0,0
0,0,0,0
0,0,0,0
0,0,0,0
0,0,0,0
0,0,0,0
0,0,0,0
0,0,0,0
0,0,0,0
0,0,0,0
0,0,0,0
0,0,0,0
0,0,0,0
0,0,0,0
0,0,0,0
0,0,0,0
0,0,0,0
0,0,0,0
0,0,0,0
0,0,0,0
0,0,0,0
0,0,0,0
0,0,0,0
0,0,0,0
0,0,0,0
0,0,0,0
0,0,0,0
0,0,0,0
0,0,0,0
0,0,0,0
0,0,0,0
0,0,0,0
0,0,0,0
0,0,0,0
0,0,0,0
0,0,0,0
0,0,0,0
0,0,0,0
0,0,0,0
0,0,0,0
0,0,0,0
0,0,0,0
0,0,0,0
0,0,0,0
0,0,0,0
0,0,0,0
0,0,0,0
0,0,0,0
0,0,0,0
0,0,0,0
0,0,0,0
0,0,0,0
0,0,0,0
0,0,0,0
0,0,0,0
0,0,0,0
0,0,0,0
0,0,0,0
0,0,0,0
0,0,0,0
0,0,0,0
0,0,0,0
0,0,0,0
0,0,0,0
0,0,0,0
0,0,0,0
0,0,0,0
0,0,0,0
0,0,0,0
0,0,0,0
0,0,0,0
0,0,0,0
0,0,0,0
0,0,0,0
0,0,0,0
0,0,0,0
0,0,0,0
0,0,0,0
0,0,0,0
0,0,0,0
0,0,0,0
0,0,0,0
0,0,0,0
0,0,0,0
0,0,0,0
0,0,0,0
0,0,0,0
0,0,0,0
0,0,0,0
0,0,0,0
0,0,0,0
0,0,0,0
0,0,0,0
0,0,0,0
0,0,0,0
0,0,0,0
0,0,0,0
0,0,0,0
0,0,0,0
0,0,0,0
0,0,0,0
0,0,0,0
0,0,0,0
0,0,0,0
0,0,0,0
0,0,0,0
0,0,0,0
0,0,0,0
0,0,0,0
0,0,0,0
0,0,0,0
0,0,0,0
0,0,0,0
0,0,0,0
0,0,0,0
0,0,0,0
0,0,0,0
0,0,0,0
0,0,0,0
0,0,0,0
0,0,0,0
0,0,0,0
0,0,0,0
0,0,0,0
0,0,0,0
0,0,0,0
0,0,0,0
0,0,0,0
0,0,0,0
0,0,0,0
0,0,0,0
0,0,0,0
0,0,0,0
0,0,0,0
0,0,0,0
0,0,0,0
0,0,0,0
0,0,0,0
0,0,0,0
0,0,0,0
0,0,0,0
0,0,0,0
0,0,0,0
0,0,0,0
0,0,0,0
0,0,0,0
0,0,0,0
0,0,0,0
0,0,0,0
0,0,0,0
0,0,0,0
0,0,0,0
0,0,0,0
0,0,0,0
0,0,0,0
0,0,0,0
0,0,0,0
0,0,0,0
0,0,0,0
0,0,0,0
0,0,0,0
0,0,0,0
0,0,0,0
0,0,0,0
0,0,0,0
0,0,0,0
0,0,0,0
0,0,0,0
0,0,0,0
0,0,0,0
0,0,0,0
0,0,0,0
0,0,0,0
0,0,0,0
0,0,0,0
0,0,0,0
0,0,0,0
0,0,0,0
0,0,0,0
0,0,0,0
0,0,0,0
0,0,0,0
0,0,0,0
0,0,0,0
0,0,0,0
0,0,0,0
0,0,0,0
0,0,0,0
0,0,0,0
0,0,0,0
0,0,0,0
0,0,0,0
0,0,0,0
0,0,0,0
0,0,0,0
0,0,0,0
0,0,0,0
0,0,0,0
0,0,0,0
0,0,0,0
0,0,0,0
0,0,0,0
0,0,0,0
0,0,0,0
0,0,0,0
0,0,0,0
0,0,0,0
0,0,0,0
0,0,0,0
0,0,0,0
0,0,0,0
0,0,0,0
0,0,0,0
0,0,0,0
0,0,0,0
0,0,0,0
0,0,0,0
0,0,0,0
0,0,0,0
0,0,0,0
0,0,0,0
0,0,0,0
0,0,0,0
0,0,0,0
0,0,0,0
0,0,0,0
0,0,0,0
0,0,0,0
0,0,0,0
0,0,0,0
0,0,0,0
0,0,0,0
0,0,0,0
0,0,0,0
0,0,0,0
0,0,0,0
0,0,0,0
0,0,0,0
0,0,0,0
0,0,0,0
0,0,0,0
0,0,0,0
0,0,0,0
0,0,0,0
0,0,0,0
0,0,0,0
0,0,0,0
0,0,0,0
0,0,0,0
0,0,0,0
0,0,0,0
0,0,0,0
0,0,0,0
0,0,0,0
0,0,0,0
0,0,0,0
0,0,0,0
0,0,0,0
0,0,0,0
0,0,0,0
0,0,0,0
0,0,0,0
0,0,0,0
0,0,0,0
0,0,0,0
0,0,0,0
0,0,0,0
0,0,0,0
0,0,0,0
0,0,0,0
0,0,0,0
0,0,0,0
0,0,0,0
0,0,0,0
0,0,0,0
0,0,0,0
0,0,0,0
0,0,0,0
0,0,0,0
0,0,0,0
0,0,0,0
0,0,0,0
0,0,0,0
0,0,0,0
0,0,0,0
0,0,0,0
0,0,0,0
0,0,0,0
0,0,0,0
0,0,0,0
0,0,0,0
0,0,0,0
0,0,0,0
0,0,0,0
0,0,0,0
0,0,0,0
0,0,0,0
0,0,0,0
0,0,0,0
0,0,0,0
0,0,0,0
0,0,0,0
0,0,0,0
0,0,0,0
0,0,0,0
0,0,0,0
0,0,0,0
0,0,0,0
0,0,0,0
0,0,0,0
0,0,0,0
0,0,0,0
0,0,0,0
0,0,0,0
0,0,0,0
0,0,0,0
0,0,0,0
0,0,0,0
0,0,0,0
0,0,0,0
0,0,0,0
0,0,0,0
0,0,0,0
0,0,0,0
0,0,0,0
0,0,0,0
0,0,0,0
0,0,0,0
0,0,0,0
0,0,0,0
0,0,0,0
0,0,0,0
0,0,0,0
0,0,0,0
0,0,0,0
0,0,0,0
0,0,0,0
0,0,0,0
0,0,0,0
0,0,0,0
0,0,0,0
0,0,0,0
0,0,0,0
0,0,0,0
0,0,0,0
0,0,0,0
0,0,0,0
0,0,0,0
0,0,0,0
0,0,0,0
0,0,0,0
0,0,0,0
0,0,0,0
0,0,0,0
0,0,0,0
0,0,0,0
0,0,0,0
0,0,0,0
0,0,0,0
0,0,0,0
0,0,0,0
0,0,0,0
0,0,0,0
0,0,0,0
0,0,0,0
0,0,0,0
0,0,0,0
0,0,0,0
0,0,0,0
0,0,0,0
0,0,0,0
0,0,0,0
0,0,0,0
0,0,0,0
0,0,0,0
0,0,0,0
0,0,0,0
0,0,0,0
0,0,0,0
0,0,0,0
0,0,0,0
0,0,0,0
0,0,0,0
0,0,0,0
0,0,0,0
0,0,0,0
0,0,0,0
0,0,0,0
0,0,0,0
0,0,0,0
0,0,0,0
0,0,0,0
0,0,0,0
0,0,0,0
0,0,0,0
0,0,0,0
0,0,0,0
0,0,0,0
0,0,0,0
0,0,0,0
0,0,0,0
0,0,0,0
0,0,0,0
0,0,0,0
0,0,0,0
0,0,0,0
0,0,0,0
0,0,0,0
0,0,0,0
0,0,0,0
0,0,0,0
0,0,0,0
0,0,0,0
0,0,0,0
0,0,0,0
0,0,0,0
0,0,0,0
0,0,0,0
0,0,0,0
0,0,0,0
0,0,0,0
0,0,0,0
0,0,0,0
0,0,0,0
0,0,0,0
0,0,0,0
0,0,0,0
0,0,0,0
0,0,0,0
0,0,0,0
0,0,0,0
0,0,0,0
0,0,0,0
0,0,0,0
0,0,0,0
0,0,0,0
0,0,0,0
0,0,0,0
0,0,0,0
0,0,0,0
0,0,0,0
0,0,0,0
0,0,0,0
0,0,0,0
0,0,0,0
0,0,0,0
0,0,0,0
0,0,0,0
0,0,0,0
0,0,0,0
0,0,0,0
0,0,0,0
0,0,0,0
0,0,0,0
0,0,0,0
0,0,0,0
0,0,0,0
0,0,0,0
0,0,0,0
0,0,0,0
0,0,0,0
0,0,0,0
0,0,0,0
0,0,0,0
0,0,0,0
0,0,0,0
0,0,0,0
0,0,0,0
0,0,0,0
0,0,0,0
0,0,0,0
0,0,0,0
0,0,0,0
0,0,0,0
0,0,0,0
0,0,0,0
0,0,0,0
0,0,0,0
0,0,0,0
0,0,0,0
0,0,0,0
0,0,0,0
0,0,0,0
0,0,0,0
0,0,0,0
0,0,0,0
0,0,0,0
0,0,0,0
0,0,0,0
0,0,0,0
0,0,0,0
0,0,0,0
0,0,0,0
0,0,0,0
0,0,0,0
0,0,0,0
0,0,0,0
0,0,0,0
0,0,0,0
0,0,0,0
0,0,0,0
0,0,0,0
0,0,0,0
0,0,0,0
0,0,0,0
0,0,0,0
0,0,0,0
0,0,0,0
0,0,0,0
0,0,0,0
0,0,0,0
0,0,0,0
0,0,0,0
0,0,0,0
0,0,0,0
0,0,0,0
0,0,0,0
0,0,0,0
0,0,0,0
0,0,0,0
0,0,0,0
0,0,0,0
0,0,0,0
0,0,0,0
0,0,0,0
0,0,0,0
0,0,0,0
0,0,0,0
0,0,0,0
0,0,0,0
0,0,0,0
0,0,0,0
0,0,0,0
0,0,0,0
0,0,0,0
0,0,0,0
0,0,0,0
0,0,0,0
0,0,0,0
0,0,0,0
0,0,0,0
0,0,0,0
0,0,0,0
0,0,0,0
0,0,0,0
0,0,0,0
0,0,0,0
0,0,0,0
0,0,0,0
0,0,0,0
0,0,0,0
0,0,0,0
0,0,0,0
0,0,0,0
0,0,0,0
0,0,0,0
0,0,0,0
0,0,0,0
0,0,0,0
0,0,0,0
0,0,0,0
0,0,0,0
0,0,0,0
0,0,0,0
0,0,0,0
0,0,0,0
0,0,0,0
0,0,0,0
0,0,0,0
0,0,0,0
0,0,0,0
0,0,0,0
0,0,0,0
0,0,0,0
0,0,0,0
0,0,0,0
0,0,0,0
0,0,0,0
0,0,0,0
0,0,0,0
0,0,0,0
0,0,0,0
0,0,0,0
0,0,0,0
0,0,0,0
0,0,0,0
0,0,0,0
0,0,0,0
0,0,0,0
0,0,0,0
0,0,0,0
0,0,0,0
0,0,0,0
0,0,0,0
0,0,0,0
0,0,0,0
0,0,0,0
0,0,0,0
0,0,0,0
0,0,0,0
0,0,0,0
0,0,0,0
0,0,0,0
0,0,0,0
0,0,0,0
0,0,0,0
0,0,0,0
0,0,0,0
0,0,0,0
0,0,0,0
0,0,0,0
0,0,0,0
0,0,0,0
0,0,0,0
0,0,0,0
0,0,0,0
0,0,0,0
0,0,0,0
0,0,0,0
0,0,0,0
0,0,0,0
0,0,0,0
0,0,0,0
0,0,0,0
0,0,0,0
0,0,0,0
0,0,0,0
0,0,0,0
0,0,0,0
0,0,0,0
0,0,0,0
0,0,0,0
0,0,0,0
0,0,0,0
0,0,0,0
0,0,0,0
0,0,0,0
0,0,0,0
0,0,0,0
0,0,0,0
0,0,0,0
0,0,0,0
0,0,0,0
0,0,0,0
0,0,0,0
0,0,0,0
0,0,0,0
0,0,0,0
0,0,0,0
0,0,0,0
0,0,0,0
0,0,0,0
0,0,0,0
0,0,0,0
0,0,0,0
0,0,0,0
0,0,0,0
0,0,0,0
0,0,0,0
0,0,0,0
0,0,0,0
0,0,0,0
0,0,0,0
0,0,0,0
0,0,0,0
0,0,0,0
0,0,0,0
0,0,0,0
0,0,0,0
0,0,0,0
0,0,0,0
0,0,0,0
0,0,0,0
0,0,0,0
0,0,0,0
0,0,0,0
0,0,0,0
0,0,0,0
0,0,0,0
0,0,0,0
0,0,0,0
0,0,0,0
0,0,0,0
0,0,0,0
0,0,0,0
0,0,0,0
0,0,0,0
0,0,0,0
0,0,0,0
0,0,0,0
0,0,0,0
0,0,0,0
0,0,0,0
0,0,0,0
0,0,0,0
0,0,0,0
0,0,0,0
0,0,0,0
0,0,0,0
0,0,0,0
0,0,0,0
0,0,0,0
0,0,0,0
0,0,0,0
0,0,0,0
0,0,0,0
0,0,0,0
0,0,0,0
0,0,0,0
0,0,0,0
0,0,0,0
0,0,0,0
0,0,0,0
0,0,0,0
0,0,0,0
0,0,0,0
0,0,0,0
0,0,0,0
0,0,0,0
0,0,0,0
0,0,0,0
0,0,0,0
0,0,0,0
0,0,0,0
0,0,0,0
0,0,0,0
0,0,0,0
0,0,0,0
0,0,0,0
0,0,0,0
0,0,0,0
0,0,0,0
0,0,0,0
0,0,0,0
0,0,0,0
0,0,0,0
0,0,0,0
0,0,0,0
0,0,0,0
0,0,0,0
0,0,0,0
0,0,0,0
0,0,0,0
0,0,0,0
0,0,0,0
0,0,0,0
0,0,0,0
0,0,0,0
0,0,0,0
0,0,0,0
0,0,0,0
0,0,0,0
0,0,0,0
0,0,0,0
0,0,0,0
0,0,0,0
0,0,0,0
0,0,0,0
0,0,0,0
0,0,0,0
0,0,0,0
0,0,0,0
0,0,0,0
0,0,0,0
0,0,0,0
0,0,0,0
0,0,0,0
0,0,0,0
0,0,0,0
0,0,0,0
0,0,0,0
0,0,0,0
0,0,0,0
0,0,0,0
0,0,0,0
0,0,0,0
0,0,0,0
0,0,0,0
0,0,0,0
0,0,0,0
0,0,0,0
0,0,0,0
0,0,0,0
0,0,0,0
0,0,0,0
0,0,0,0
0,0,0,0
0,0,0,0
0,0,0,0
0,0,0,0
0,0,0,0
0,0,0,0
0,0,0,0
0,0,0,0
0,0,0,0
0,0,0,0
0,0,0,0
0,0,0,0
0,0,0,0
0,0,0,0
0,0,0,0
0,0,0,0
0,0,0,0
0,0,0,0
0,0,0,0
0,0,0,0
0,0,0,0
0,0,0,0
0,0,0,0
0,0,0,0
0,0,0,0
0,0,0,0
0,0,0,0
0,0,0,0
0,0,0,0
0,0,0,0
0,0,0,0
0,0,0,0
0,0,0,0
0,0,0,0
0,0,0,0
0,0,0,0
0,0,0,0
0,0,0,0
0,0,0,0
0,0,0,0
0,0,0,0
0,0,0,0
0,0,0,0
0,0,0,0
0,0,0,0
0,0,0,0
0,0,0,0
0,0,0,0
0,0,0,0
0,0,0,0
0,0,0,0
0,0,0,0
0,0,0,0
0,0,0,0
0,0,0,0
0,0,0,0
0,0,0,0
0,0,0,0
0,0,0,0
0,0,0,0
0,0,0,0
0,0,0,0
0,0,0,0
0,0,0,0
0,0,0,0
0,0,0,0
0,0,0,0
0,0,0,0
0,0,0,0
0,0,0,0
0,0,0,0
0,0,0,0
0,0,0,0
0,0,0,0
0,0,0,0
0,0,0,0
0,0,0,0
0,0,0,0
0,0,0,0
0,0,0,0
0,0,0,0
0,0,0,0
0,0,0,0
0,0,0,0
0,0,0,0
0,0,0,0
0,0,0,0
0,0,0,0
0,0,0,0
0,0,0,0
0,0,0,0
0,0,0,0
0,0,0,0
0,0,0,0
0,0,0,0
0,0,0,0
0,0,0,0
0,0,0,0
0,0,0,0
0,0,0,0
0,0,0,0
0,0,0,0
0,0,0,0
0,0,0,0
0,0,0,0
0,0,0,0
0,0,0,0
0,0,0,0
0,0,0,0
0,0,0,0
0,0,0,0
0,0,0,0
0,0,0,0
0,0,0,0
0,0,0,0
0,0,0,0
0,0,0,0
0,0,0,0
0,0,0,0
0,0,0,0
0,0,0,0
0,0,0,0
0,0,0,0
0,0,0,0
0,0,0,0
0,0,0,0
0,0,0,0
0,0,0,0
0,0,0,0
0,0,0,0
0,0,0,0
0,0,0,0
0,0,0,0
0,0,0,0
0,0,0,0
0,0,0,0
0,0,0,0
0,0,0,0
0,0,0,0
0,0,0,0
0,0,0,0
0,0,0,0
0,0,0,0
0,0,0,0
0,0,0,0
0,0,0,0
0,0,0,0
0,0,0,0
0,0,0,0
0,0,0,0
0,0,0,0
0,0,0,0
0,0,0,0
0,0,0,0
0,0,0,0
0,0,0,0
0,0,0,0
0,0,0,0
0,0,0,0
0,0,0,0
0,0,0,0
0,0,0,0
0,0,0,0
0,0,0,0
0,0,0,0
0,0,0,0
0,0,0,0
0,0,0,0
0,0,0,0
0,0,0,0
0,0,0,0
0,0,0,0
0,0,0,0
0,0,0,0
0,0,0,0
0,0,0,0
0,0,0,0
0,0,0,0
0,0,0,0
0,0,0,0
0,0,0,0
0,0,0,0
0,0,0,0
0,0,0,0
0,0,0,0
0,0,0,0
0,0,0,0
0,0,0,0
0,0,0,0
0,0,0,0
0,0,0,0
0,0,0,0
0,0,0,0
0,0,0,0
0,0,0,0
0,0,0,0
0,0,0,0
0,0,0,0
0,0,0,0
0,0,0,0
0,0,0,0
0,0,0,0
0,0,0,0
0,0,0,0
0,0,0,0
0,0,0,0
0,0,0,0
0,0,0,0
0,0,0,0
0,0,0,0
0,0,0,0
0,0,0,0
0,0,0,0
0,0,0,0
0,0,0,0
0,0,0,0
0,0,0,0
0,0,0,0
0,0,0,0
0,0,0,0
0,0,0,0
0,0,0,0
0,0,0,0
0,0,0,0
0,0,0,0
0,0,0,0
0,0,0,0
0,0,0,0
0,0,0,0
0,0,0,0
0,0,0,0
0,0,0,0
0,0,0,0
0,0,0,0
0,0,0,0
0,0,0,0
0,0,0,0
0,0,0,0
0,0,0,0
0,0,0,0
0,0,0,0
0,0,0,0
0,0,0,0
0,0,0,0
0,0,0,0
0,0,0,0
0,0,0,0
0,0,0,0
0,0,0,0
0,0,0,0
0,0,0,0
0,0,0,0
0,0,0,0
0,0,0,0
0,0,0,0
0,0,0,0
0,0,0,0
0,0,0,0
0,0,0,0
0,0,0,0
0,0,0,0
0,0,0,0
0,0,0,0
0,0,0,0
0,0,0,0
0,0,0,0
0,0,0,0
0,0,0,0
0,0,0,0
0,0,0,0
0,0,0,0
0,0,0,0
0,0,0,0
0,0,0,0
0,0,0,0
0,0,0,0
0,0,0,0
0,0,0,0
0,0,0,0
0,0,0,0
0,0,0,0
0,0,0,0
0,0,0,0
0,0,0,0
0,0,0,0
0,0,0,0
0,0,0,0
0,0,0,0
0,0,0,0
0,0,0,0
0,0,0,0
0,0,0,0
0,0,0,0
0,0,0,0
0,0,0,0
0,0,0,0
0,0,0,0
0,0,0,0
0,0,0,0
0,0,0,0
0,0,0,0
0,0,0,0
0,0,0,0
0,0,0,0
0,0,0,0
0,0,0,0
0,0,0,0
0,0,0,0
0,0,0,0
0,0,0,0
0,0,0,0
0,0,0,0
0,0,0,0
0,0,0,0
0,0,0,0
0,0,0,0
0,0,0,0
0,0,0,0
0,0,0,0
0,0,0,0
0,0,0,0
0,0,0,0
0,0,0,0
0,0,0,0
0,0,0,0
0,0,0,0
0,0,0,0
0,0,0,0
0,0,0,0
0,0,0,0
0,0,0,0
0,0,0,0
0,0,0,0
0,0,0,0
0,0,0,0
0,0,0,0
0,0,0,0
0,0,0,0
0,0,0,0
0,0,0,0
0,0,0,0
0,0,0,0
0,0,0,0
0,0,0,0
0,0,0,0
0,0,0,0
0,0,0,0
0,0,0,0
0,0,0,0
0,0,0,0
0,0,0,0
0,0,0,0
0,0,0,0
0,0,0,0
0,0,0,0
0,0,0,0
0,0,0,0
0,0,0,0
0,0,0,0
0,0,0,0
0,0,0,0
0,0,0,0
0,0,0,0
0,0,0,0
0,0,0,0
0,0,0,0
0,0,0,0
0,0,0,0
0,0,0,0
0,0,0,0
0,0,0,0
0,0,0,0
0,0,0,0
0,0,0,0
0,0,0,0
0,0,0,0
0,0,0,0
0,0,0,0
0,0,0,0
0,0,0,0
0,0,0,0
0,0,0,0
0,0,0,0
0,0,0,0
0,0,0,0
0,0,0,0
0,0,0,0
0,0,0,0
0,0,0,0
0,0,0,0
0,0,0,0
0,0,0,0
0,0,0,0
0,0,0,0
0,0,0,0
0,0,0,0
0,0,0,0
0,0,0,0
0,0,0,0
0,0,0,0
0,0,0,0
0,0,0,0
0,0,0,0
0,0,0,0
0,0,0,0
0,0,0,0
0,0,0,0
0,0,0,0
0,0,0,0
0,0,0,0
0,0,0,0
0,0,0,0
0,0,0,0
0,0,0,0
0,0,0,0
0,0,0,0
0,0,0,0
0,0,0,0
0,0,0,0
0,0,0,0
0,0,0,0
0,0,0,0
0,0,0,0
0,0,0,0
0,0,0,0
0,0,0,0
0,0,0,0
0,0,0,0
0,0,0,0
0,0,0,0
0,0,0,0
0,0,0,0
0,0,0,0
0,0,0,0
0,0,0,0
0,0,0,0
0,0,0,0
0,0,0,0
0,0,0,0
0,0,0,0
0,0,0,0
0,0,0,0
0,0,0,0
0,0,0,0
0,0,0,0
0,0,0,0
0,0,0,0
0,0,0,0
0,0,0,0
0,0,0,0
0,0,0,0
0,0,0,0
0,0,0,0
0,0,0,0
0,0,0,0
0,0,0,0
0,0,0,0
0,0,0,0
0,0,0,0
0,0,0,0
0,0,0,0
0,0,0,0
0,0,0,0
0,0,0,0
0,0,0,0
0,0,0,0
0,0,0,0
0,0,0,0
0,0,0,0
0,0,0,0
0,0,0,0
0,0,0,0
0,0,0,0
0,0,0,0
0,0,0,0
0,0,0,0
0,0,0,0
0,0,0,0
0,0,0,0
0,0,0,0
0,0,0,0
0,0,0,0
0,0,0,0
0,0,0,0
0,0,0,0
0,0,0,0
0,0,0,0
0,0,0,0
0,0,0,0
0,0,0,0
0,0,0,0
0,0,0,0
0,0,0,0
0,0,0,0
0,0,0,0
0,0,0,0
0,0,0,0
0,0,0,0
0,0,0,0
0,0,0,0
0,0,0,0
0,0,0,0
0,0,0,0
0,0,0,0
0,0,0,0
0,0,0,0
0,0,0,0
0,0,0,0
0,0,0,0
0,0,0,0
0,0,0,0
0,0,0,0
0,0,0,0
0,0,0,0
0,0,0,0
0,0,0,0
0,0,0,0
0,0,0,0
0,0,0,0
0,0,0,0
0,0,0,0
0,0,0,0
0,0,0,0
0,0,0,0
0,0,0,0
0,0,0,0
0,0,0,0
0,0,0,0
0,0,0,0
0,0,0,0
0,0,0,0
0,0,0,0
0,0,0,0
0,0,0,0
0,0,0,0
0,0,0,0
0,0,0,0
0,0,0,0
0,0,0,0
0,0,0,0
0,0,0,0
0,0,0,0
0,0,0,0
0,0,0,0
0,0,0,0
0,0,0,0
0,0,0,0
0,0,0,0
0,0,0,0
0,0,0,0
0,0,0,0
0,0,0,0
0,0,0,0
0,0,0,0
0,0,0,0
0,0,0,0
0,0,0,0
0,0,0,0
0,0,0,0
0,0,0,0
0,0,0,0
0,0,0,0
0,0,0,0
0,0,0,0
0,0,0,0
0,0,0,0
0,0,0,0
0,0,0,0
0,0,0,0
0,0,0,0
0,0,0,0
0,0,0,0
0,0,0,0
0,0,0,0
0,0,0,0
0,0,0,0
0,0,0,0
0,0,0,0
0,0,0,0
0,0,0,0
0,0,0,0
0,0,0,0
0,0,0,0
0,0,0,0
0,0,0,0
0,0,0,0
0,0,0,0
0,0,0,0
0,0,0,0
0,0,0,0
0,0,0,0
0,0,0,0
0,0,0,0
0,0,0,0
0,0,0,0
0,0,0,0
0,0,0,0
0,0,0,0
0,0,0,0
0,0,0,0
0,0,0,0
0,0,0,0
0,0,0,0
0,0,0,0
0,0,0,0
0,0,0,0
0,0,0,0
0,0,0,0
0,0,0,0
0,0,0,0
0,0,0,0
0,0,0,0
0,0,0,0
0,0,0,0
0,0,0,0
0,0,0,0
0,0,0,0
0,0,0,0
0,0,0,0
0,0,0,0
0,0,0,0
0,0,0,0
0,0,0,0
0,0,0,0
0,0,0,0
0,0,0,0
0,0,0,0
0,0,0,0
0,0,0,0
0,0,0,0
0,0,0,0
0,0,0,0
0,0,0,0
0,0,0,0
0,0,0,0
0,0,0,0
0,0,0,0
0,0,0,0
0,0,0,0
0,0,0,0
0,0,0,0
0,0,0,0
0,0,0,0
0,0,0,0
0,0,0,0
0,0,0,0
0,0,0,0
0,0,0,0
0,0,0,0
0,0,0,0
0,0,0,0
0,0,0,0
0,0,0,0
0,0,0,0
0,0,0,0
0,0,0,0
0,0,0,0
0,0,0,0
0,0,0,0
0,0,0,0
0,0,0,0
0,0,0,0
0,0,0,0
0,0,0,0
0,0,0,0
0,0,0,0
0,0,0,0
0,0,0,0
0,0,0,0
0,0,0,0
0,0,0,0
0,0,0,0
0,0,0,0
0,0,0,0
0,0,0,0
0,0,0,0
0,0,0,0
0,0,0,0
0,0,0,0
0,0,0,0
0,0,0,0
0,0,0,0
0,0,0,0
0,0,0,0
0,0,0,0
0,0,0,0
0,0,0,0
0,0,0,0
0,0,0,0
0,0,0,0
0,0,0,0
0,0,0,0
0,0,0,0
0,0,0,0
0,0,0,0
0,0,0,0
0,0,0,0
0,0,0,0
0,0,0,0
0,0,0,0
0,0,0,0
0,0,0,0
0,0,0,0
0,0,0,0
0,0,0,0
0,0,0,0
0,0,0,0
0,0,0,0
0,0,0,0
0,0,0,0
0,0,0,0
0,0,0,0
0,0,0,0
0,0,0,0
0,0,0,0
0,0,0,0
0,0,0,0
0,0,0,0
0,0,0,0
0,0,0,0
0,0,0,0
0,0,0,0
0,0,0,0
0,0,0,0
0,0,0,0
0,0,0,0
0,0,0,0
0,0,0,0
0,0,0,0
0,0,0,0
0,0,0,0
0,0,0,0
0,0,0,0
0,0,0,0
0,0,0,0
0,0,0,0
0,0,0,0
0,0,0,0
0,0,0,0
0,0,0,0
0,0,0,0
0,0,0,0
0,0,0,0
0,0,0,0
0,0,0,0
0,0,0,0
0,0,0,0
0,0,0,0
0,0,0,0
0,0,0,0
0,0,0,0
0,0,0,0
0,0,0,0
0,0,0,0
0,0,0,0
0,0,0,0
0,0,0,0
0,0,0,0
0,0,0,0
0,0,0,0
0,0,0,0
0,0,0,0
0,0,0,0
0,0,0,0
0,0,0,0
0,0,0,0
0,0,0,0
0,0,0,0
0,0,0,0
0,0,0,0
0,0,0,0
0,0,0,0
0,0,0,0
0,0,0,0
0,0,0,0
0,0,0,0
0,0,0,0
0,0,0,0
0,0,0,0
0,0,0,0
0,0,0,0
0,0,0,0
0,0,0,0
0,0,0,0
0,0,0,0
0,0,0,0
0,0,0,0
0,0,0,0
0,0,0,0
0,0,0,0
0,0,0,0
0,0,0,0
0,0,0,0
0,0,0,0
0,0,0,0
0,0,0,0
0,0,0,0
0,0,0,0
0,0,0,0
0,0,0,0
0,0,0,0
0,0,0,0
0,0,0,0
0,0,0,0
0,0,0,0
0,0,0,0
0,0,0,0
0,0,0,0
0,0,0,0
0,0,0,0
0,0,0,0
0,0,0,0
0,0,0,0
0,0,0,0
0,0,0,0
0,0,0,0
0,0,0,0
0,0,0,0
0,0,0,0
0,0,0,0
0,0,0,0
0,0,0,0
0,0,0,0
0,0,0,0
0,0,0,0
0,0,0,0
0,0,0,0
0,0,0,0
0,0,0,0
0,0,0,0
0,0,0,0
0,0,0,0
0,0,0,0
0,0,0,0
0,0,0,0
0,0,0,0
0,0,0,0
0,0,0,0
0,0,0,0
0,0,0,0
0,0,0,0
0,0,0,0
0,0,0,0
0,0,0,0
0,0,0,0
0,0,0,0
0,0,0,0
0,0,0,0
0,0,0,0
0,0,0,0
0,0,0,0
0,0,0,0
0,0,0,0
0,0,0,0
0,0,0,0
0,0,0,0
0,0,0,0
0,0,0,0
0,0,0,0
0,0,0,0
0,0,0,0
0,0,0,0
0,0,0,0
0,0,0,0
0,0,0,0
0,0,0,0
0,0,0,0
0,0,0,0
0,0,0,0
0,0,0,0
0,0,0,0
0,0,0,0
0,0,0,0
0,0,0,0
0,0,0,0
0,0,0,0
0,0,0,0
0,0,0,0
0,0,0,0
0,0,0,0
0,0,0,0
0,0,0,0
0,0,0,0
0,0,0,0
0,0,0,0
0,0,0,0
0,0,0,0
0,0,0,0
0,0,0,0
0,0,0,0
0,0,0,0
0,0,0,0
0,0,0,0
0,0,0,0
0,0,0,0
0,0,0,0
0,0,0,0
0,0,0,0
0,0,0,0
0,0,0,0
0,0,0,0
0,0,0,0
0,0,0,0
0,0,0,0
0,0,0,0
0,0,0,0
0,0,0,0
0,0,0,0
0,0,0,0
0,0,0,0
0,0,0,0
0,0,0,0
0,0,0,0
0,0,0,0
0,0,0,0
0,0,0,0
0,0,0,0
0,0,0,0
0,0,0,0
0,0,0,0
0,0,0,0
0,0,0,0
0,0,0,0
0,0,0,0
0,0,0,0
0,0,0,0
0,0,0,0
0,0,0,0
0,0,0,0
0,0,0,0
0,0,0,0
0,0,0,0
0,0,0,0
0,0,0,0
0,0,0,0
0,0,0,0
0,0,0,0
0,0,0,0
0,0,0,0
0,0,0,0
0,0,0,0
0,0,0,0
0,0,0,0
0,0,0,0
0,0,0,0
0,0,0,0
0,0,0,0
0,0,0,0
0,0,0,0
0,0,0,0
0,0,0,0
0,0,0,0
0,0,0,0
0,0,0,0
0,0,0,0
0,0,0,0
0,0,0,0
0,0,0,0
0,0,0,0
0,0,0,0
0,0,0,0
0,0,0,0
0,0,0,0
0,0,0,0
0,0,0,0
0,0,0,0
0,0,0,0
0,0,0,0
0,0,0,0
0,0,0,0
0,0,0,0
0,0,0,0
0,0,0,0
0,0,0,0
0,0,0,0
0,0,0,0
0,0,0,0
0,0,0,0
0,0,0,0
0,0,0,0
0,0,0,0
0,0,0,0
0,0,0,0
0,0,0,0
0,0,0,0
0,0,0,0
0,0,0,0
0,0,0,0
0,0,0,0
0,0,0,0
0,0,0,0
0,0,0,0
0,0,0,0
0,0,0,0
0,0,0,0
0,0,0,0
0,0,0,0
0,0,0,0
0,0,0,0
0,0,0,0
0,0,0,0
0,0,0,0
0,0,0,0
0,0,0,0
0,0,0,0
0,0,0,0
0,0,0,0
0,0,0,0
0,0,0,0
0,0,0,0
0,0,0,0
0,0,0,0
0,0,0,0
0,0,0,0
0,0,0,0
0,0,0,0
0,0,0,0
0,0,0,0
0,0,0,0
0,0,0,0
0,0,0,0
0,0,0,0
0,0,0,0
0,0,0,0
0,0,0,0
0,0,0,0
0,0,0,0
0,0,0,0
0,0,0,0
0,0,0,0
0,0,0,0
0,0,0,0
0,0,0,0
0,0,0,0
0,0,0,0
0,0,0,0
0,0,0,0
0,0,0,0
0,0,0,0
0,0,0,0
0,0,0,0
0,0,0,0
0,0,0,0
0,0,0,0
0,0,0,0
0,0,0,0
0,0,0,0
0,0,0,0
0,0,0,0
0,0,0,0
0,0,0,0
0,0,0,0
0,0,0,0
0,0,0,0
0,0,0,0
0,0,0,0
0,0,0,0
0,0,0,0
0,0,0,0
0,0,0,0
0,0,0,0
0,0,0,0
0,0,0,0
0,0,0,0
0,0,0,0
0,0,0,0
0,0,0,0
0,0,0,0
0,0,0,0
0,0,0,0
0,0,0,0
0,0,0,0
0,0,0,0
0,0,0,0
0,0,0,0
0,0,0,0
0,0,0,0
0,0,0,0
0,0,0,0
0,0,0,0
0,0,0,0
0,0,0,0
0,0,0,0
0,0,0,0
0,0,0,0
0,0,0,0
0,0,0,0
0,0,0,0
0,0,0,0
0,0,0,0
0,0,0,0
0,0,0,0
0,0,0,0
0,0,0,0
0,0,0,0
0,0,0,0
0,0,0,0
0,0,0,0
0,0,0,0
0,0,0,0
0,0,0,0
0,0,0,0
0,0,0,0
0,0,0,0
0,0,0,0
0,0,0,0
0,0,0,0
0,0,0,0
0,0,0,0
0,0,0,0
0,0,0,0
0,0,0,0
0,0,0,0
0,0,0,0
0,0,0,0
0,0,0,0
0,0,0,0
0,0,0,0
0,0,0,0
0,0,0,0
0,0,0,0
0,0,0,0
0,0,0,0
0,0,0,0
0,0,0,0
0,0,0,0
0,0,0,0
0,0,0,0
0,0,0,0
0,0,0,0
0,0,0,0
0,0,0,0
0,0,0,0
0,0,0,0
0,0,0,0
0,0,0,0
0,0,0,0
0,0,0,0
0,0,0,0
0,0,0,0
0,0,0,0
0,0,0,0
0,0,0,0
0,0,0,0
0,0,0,0
0,0,0,0
0,0,0,0
0,0,0,0
0,0,0,0
0,0,0,0
0,0,0,0
0,0,0,0
0,0,0,0
0,0,0,0
0,0,0,0
0,0,0,0
0,0,0,0
0,0,0,0
0,0,0,0
0,0,0,0
0,0,0,0
0,0,0,0
0,0,0,0
0,0,0,0
0,0,0,0
0,0,0,0
0,0,0,0
0,0,0,0
0,0,0,0
0,0,0,0
0,0,0,0
0,0,0,0
0,0,0,0
0,0,0,0
0,0,0,0
0,0,0,0
0,0,0,0
0,0,0,0
0,0,0,0
0,0,0,0
0,0,0,0
0,0,0,0
0,0,0,0
0,0,0,0
0,0,0,0
0,0,0,0
0,0,0,0
0,0,0,0
0,0,0,0
0,0,0,0
0,0,0,0
0,0,0,0
0,0,0,0
0,0,0,0
0,0,0,0
0,0,0,0
0,0,0,0
0,0,0,0
0,0,0,0
0,0,0,0
0,0,0,0
0,0,0,0
0,0,0,0
0,0,0,0
0,0,0,0
0,0,0,0
0,0,0,0
0,0,0,0
0,0,0,0
0,0,0,0
0,0,0,0
0,0,0,0
0,0,0,0
0,0,0,0
0,0,0,0
0,0,0,0
0,0,0,0
0,0,0,0
0,0,0,0
0,0,0,0
0,0,0,0
0,0,0,0
0,0,0,0
0,0,0,0
0,0,0,0
0,0,0,0
0,0,0,0
0,0,0,0
0,0,0,0
0,0,0,0
0,0,0,0
0,0,0,0
0,0,0,0
0,0,0,0
0,0,0,0
0,0,0,0
0,0,0,0
0,0,0,0
0,0,0,0
0,0,0,0
0,0,0,0
0,0,0,0
0,0,0,0
0,0,0,0
0,0,0,0
0,0,0,0
0,0,0,0
0,0,0,0
0,0,0,0
0,0,0,0
0,0,0,0
0,0,0,0
0,0,0,0
0,0,0,0
0,0,0,0
0,0,0,0
0,0,0,0
0,0,0,0
0,0,0,0
0,0,0,0
0,0,0,0
0,0,0,0
0,0,0,0
0,0,0,0
0,0,0,0
0,0,0,0
0,0,0,0
0,0,0,0
0,0,0,0
0,0,0,0
0,0,0,0
0,0,0,0
0,0,0,0
0,0,0,0
0,0,0,0
0,0,0,0
0,0,0,0
0,0,0,0
0,0,0,0
0,0,0,0
0,0,0,0
0,0,0,0
0,0,0,0
0,0,0,0
0,0,0,0
0,0,0,0
0,0,0,0
0,0,0,0
0,0,0,0
0,0,0,0
0,0,0,0
0,0,0,0
0,0,0,0
0,0,0,0
0,0,0,0
0,0,0,0
0,0,0,0
0,0,0,0
0,0,0,0
0,0,0,0
0,0,0,0
0,0,0,0
0,0,0,0
0,0,0,0
0,0,0,0
0,0,0,0
0,0,0,0
0,0,0,0
0,0,0,0
0,0,0,0
0,0,0,0
0,0,0,0
0,0,0,0
0,0,0,0
0,0,0,0
0,0,0,0
0,0,0,0
0,0,0,0
0,0,0,0
0,0,0,0
0,0,0,0
0,0,0,0
0,0,0,0
0,0,0,0
0,0,0,0
0,0,0,0
0,0,0,0
0,0,0,0
0,0,0,0
0,0,0,0
0,0,0,0
0,0,0,0
0,0,0,0
0,0,0,0
0,0,0,0
0,0,0,0
0,0,0,0
0,0,0,0
0,0,0,0
0,0,0,0
0,0,0,0
0,0,0,0
0,0,0,0
0,0,0,0
0,0,0,0
0,0,0,0
0,0,0,0
0,0,0,0
0,0,0,0
0,0,0,0
0,0,0,0
0,0,0,0
0,0,0,0
0,0,0,0
0,0,0,0
0,0,0,0
0,0,0,0
0,0,0,0
0,0,0,0
0,0,0,0
0,0,0,0
0,0,0,0
0,0,0,0
0,0,0,0
0,0,0,0
0,0,0,0
0,0,0,0
0,0,0,0
0,0,0,0
0,0,0,0
0,0,0,0
0,0,0,0
0,0,0,0
0,0,0,0
0,0,0,0
0,0,0,0
0,0,0,0
0,0,0,0
0,0,0,0
0,0,0,0
0,0,0,0
0,0,0,0
0,0,0,0
0,0,0,0
0,0,0,0
0,0,0,0
0,0,0,0
0,0,0,0
0,0,0,0
0,0,0,0
0,0,0,0
0,0,0,0
0,0,0,0
0,0,0,0
0,0,0,0
0,0,0,0
0,0,0,0
0,0,0,0
0,0,0,0
0,0,0,0
0,0,0,0
0,0,0,0
0,0,0,0
0,0,0,0
0,0,0,0
0,0,0,0
0,0,0,0
0,0,0,0
0,0,0,0
0,0,0,0
0,0,0,0
0,0,0,0
0,0,0,0
0,0,0,0
0,0,0,0
0,0,0,0
0,0,0,0
0,0,0,0
0,0,0,0
0,0,0,0
0,0,0,0
0,0,0,0
0,0,0,0
0,0,0,0
0,0,0,0
0,0,0,0
0,0,0,0
0,0,0,0
0,0,0,0
0,0,0,0
0,0,0,0
0,0,0,0
0,0,0,0
0,0,0,0
0,0,0,0
0,0,0,0
0,0,0,0
0,0,0,0
0,0,0,0
0,0,0,0
0,0,0,0
0,0,0,0
0,0,0,0
0,0,0,0
0,0,0,0
0,0,0,0
0,0,0,0
0,0,0,0
0,0,0,0
0,0,0,0
0,0,0,0
0,0,0,0
0,0,0,0
0,0,0,0
0,0,0,0
0,0,0,0
0,0,0,0
0,0,0,0
0,0,0,0
0,0,0,0
0,0,0,0
0,0,0,0
0,0,0,0
0,0,0,0
0,0,0,0
0,0,0,0
0,0,0,0
0,0,0,0
0,0,0,0
0,0,0,0
0,0,0,0
0,0,0,0
0,0,0,0
0,0,0,0
0,0,0,0
0,0,0,0
0,0,0,0
0,0,0,0
0,0,0,0
0,0,0,0
0,0,0,0
0,0,0,0
0,0,0,0
0,0,0,0
0,0,0,0
0,0,0,0
0,0,0,0
0,0,0,0
0,0,0,0
0,0,0,0
0,0,0,0
0,0,0,0
0,0,0,0
0,0,0,0
0,0,0,0
0,0,0,0
0,0,0,0
0,0,0,0
0,0,0,0
0,0,0,0
0,0,0,0
0,0,0,0
0,0,0,0
0,0,0,0
0,0,0,0
0,0,0,0
0,0,0,0
0,0,0,0
0,0,0,0
0,0,0,0
0,0,0,0
0,0,0,0
0,0,0,0
0,0,0,0
0,0,0,0
0,0,0,0
0,0,0,0
0,0,0,0
0,0,0,0
0,0,0,0
0,0,0,0
0,0,0,0
0,0,0,0
0,0,0,0
0,0,0,0
0,0,0,0
0,0,0,0
0,0,0,0
0,0,0,0
0,0,0,0
0,0,0,0
0,0,0,0
0,0,0,0
0,0,0,0
0,0,0,0
0,0,0,0
0,0,0,0
0,0,0,0
0,0,0,0
0,0,0,0
0,0,0,0
0,0,0,0
0,0,0,0
0,0,0,0
0,0,0,0
0,0,0,0
0,0,0,0
0,0,0,0
0,0,0,0
0,0,0,0
0,0,0,0
0,0,0,0
0,0,0,0
0,0,0,0
0,0,0,0
0,0,0,0
0,0,0,0
0,0,0,0
0,0,0,0
0,0,0,0
0,0,0,0
0,0,0,0
0,0,0,0
0,0,0,0
0,0,0,0
0,0,0,0
0,0,0,0
0,0,0,0
0,0,0,0
0,0,0,0
0,0,0,0
0,0,0,0
0,0,0,0
0,0,0,0
0,0,0,0
0,0,0,0
0,0,0,0
0,0,0,0
0,0,0,0
0,0,0,0
0,0,0,0
0,0,0,0
0,0,0,0
0,0,0,0
0,0,0,0
0,0,0,0
0,0,0,0
0,0,0,0
0,0,0,0
0,0,0,0
0,0,0,0
0,0,0,0
0,0,0,0
0,0,0,0
0,0,0,0
0,0,0,0
0,0,0,0
0,0,0,0
0,0,0,0
0,0,0,0
0,0,0,0
0,0,0,0
0,0,0,0
0,0,0,0
0,0,0,0
0,0,0,0
0,0,0,0
0,0,0,0
0,0,0,0
0,0,0,0
0,0,0,0
0,0,0,0
0,0,0,0
0,0,0,0
0,0,0,0
0,0,0,0
0,0,0,0
0,0,0,0
0,0,0,0
0,0,0,0
0,0,0,0
0,0,0,0
0,0,0,0
0,0,0,0
0,0,0,0
0,0,0,0
0,0,0,0
0,0,0,0
0,0,0,0
0,0,0,0
0,0,0,0
0,0,0,0
0,0,0,0
0,0,0,0
0,0,0,0
0,0,0,0
0,0,0,0
0,0,0,0
0,0,0,0
0,0,0,0
0,0,0,0
0,0,0,0
0,0,0,0
0,0,0,0
0,0,0,0
0,0,0,0
0,0,0,0
0,0,0,0
0,0,0,0
0,0,0,0
0,0,0,0
0,0,0,0
0,0,0,0
0,0,0,0
0,0,0,0
0,0,0,0
0,0,0,0
0,0,0,0
0,0,0,0
0,0,0,0
0,0,0,0
0,0,0,0
0,0,0,0
0,0,0,0
0,0,0,0
0,0,0,0
0,0,0,0
0,0,0,0
0,0,0,0
0,0,0,0
0,0,0,0
0,0,0,0
0,0,0,0
0,0,0,0
0,0,0,0
0,0,0,0
0,0,0,0
0,0,0,0
0,0,0,0
0,0,0,0
0,0,0,0
0,0,0,0
0,0,0,0
0,0,0,0
0,0,0,0
0,0,0,0
0,0,0,0
0,0,0,0
0,0,0,0
0,0,0,0
0,0,0,0
0,0,0,0
0,0,0,0
0,0,0,0
0,0,0,0
0,0,0,0
0,0,0,0
0,0,0,0
0,0,0,0
0,0,0,0
0,0,0,0
0,0,0,0
0,0,0,0
0,0,0,0
0,0,0,0
0,0,0,0
0,0,0,0
0,0,0,0
0,0,0,0
0,0,0,0
0,0,0,0
0,0,0,0
0,0,0,0
0,0,0,0
0,0,0,0
0,0,0,0
0,0,0,0
0,0,0,0
0,0,0,0
0,0,0,0
0,0,0,0
0,0,0,0
0,0,0,0
0,0,0,0
0,0,0,0
0,0,0,0
0,0,0,0
0,0,0,0
0,0,0,0
0,0,0,0
0,0,0,0
0,0,0,0
0,0,0,0
0,0,0,0
0,0,0,0
0,0,0,0
0,0,0,0
0,0,0,0
0,0,0,0
0,0,0,0
0,0,0,0
0,0,0,0
0,0,0,0
0,0,0,0
0,0,0,0
0,0,0,0
0,0,0,0
0,0,0,0
0,0,0,0
0,0,0,0
0,0,0,0
0,0,0,0
0,0,0,0
0,0,0,0
0,0,0,0
0,0,0,0
0,0,0,0
0,0,0,0
0,0,0,0
0,0,0,0
0,0,0,0
0,0,0,0
0,0,0,0
0,0,0,0
0,0,0,0
0,0,0,0
0,0,0,0
0,0,0,0
0,0,0,0
0,0,0,0
0,0,0,0
0,0,0,0
0,0,0,0
0,0,0,0
0,0,0,0
0,0,0,0
0,0,0,0
0,0,0,0
0,0,0,0
0,0,0,0
0,0,0,0
0,0,0,0
0,0,0,0
0,0,0,0
0,0,0,0
0,0,0,0
0,0,0,0
0,0,0,0
0,0,0,0
0,0,0,0
0,0,0,0
0,0,0,0
0,0,0,0
0,0,0,0
0,0,0,0
0,0,0,0
0,0,0,0
0,0,0,0
0,0,0,0
0,0,0,0
0,0,0,0
0,0,0,0
0,0,0,0
0,0,0,0
0,0,0,0
0,0,0,0
0,0,0,0
0,0,0,0
0,0,0,0
0,0,0,0
0,0,0,0
0,0,0,0
0,0,0,0
0,0,0,0
0,0,0,0
0,0,0,0
0,0,0,0
0,0,0,0
0,0,0,0
0,0,0,0
0,0,0,0
0,0,0,0
0,0,0,0
0,0,0,0
0,0,0,0
0,0,0,0
0,0,0,0
0,0,0,0
0,0,0,0
0,0,0,0
0,0,0,0
0,0,0,0
0,0,0,0
0,0,0,0
0,0,0,0
0,0,0,0
0,0,0,0
0,0,0,0
0,0,0,0
0,0,0,0
0,0,0,0
0,0,0,0
0,0,0,0
0,0,0,0
0,0,0,0
0,0,0,0
0,0,0,0
0,0,0,0
0,0,0,0
0,0,0,0
0,0,0,0
0,0,0,0
0,0,0,0
0,0,0,0
0,0,0,0
0,0,0,0
0,0,0,0
0,0,0,0
0,0,0,0
0,0,0,0
0,0,0,0
0,0,0,0
0,0,0,0
0,0,0,0
0,0,0,0
0,0,0,0
0,0,0,0
0,0,0,0
0,0,0,0
0,0,0,0
0,0,0,0
0,0,0,0
0,0,0,0
0,0,0,0
0,0,0,0
0,0,0,0
0,0,0,0
0,0,0,0
0,0,0,0
0,0,0,0
0,0,0,0
0,0,0,0
0,0,0,0
0,0,0,0
0,0,0,0
0,0,0,0
0,0,0,0
0,0,0,0
0,0,0,0
0,0,0,0
0,0,0,0
0,0,0,0
0,0,0,0
0,0,0,0
0,0,0,0
0,0,0,0
0,0,0,0
0,0,0,0
0,0,0,0
0,0,0,0
0,0,0,0
0,0,0,0
0,0,0,0
0,0,0,0
0,0,0,0
0,0,0,0
0,0,0,0
0,0,0,0
0,0,0,0
0,0,0,0
0,0,0,0
0,0,0,0
0,0,0,0
0,0,0,0
0,0,0,0
0,0,0,0
0,0,0,0
0,0,0,0
0,0,0,0
0,0,0,0
0,0,0,0
0,0,0,0
0,0,0,0
0,0,0,0
0,0,0,0
0,0,0,0
0,0,0,0
0,0,0,0
0,0,0,0
0,0,0,0
0,0,0,0
0,0,0,0
0,0,0,0
0,0,0,0
0,0,0,0
0,0,0,0
0,0,0,0
0,0,0,0
0,0,0,0
0,0,0,0
0,0,0,0
0,0,0,0
0,0,0,0
0,0,0,0
0,0,0,0
0,0,0,0
0,0,0,0
0,0,0,0
0,0,0,0
0,0,0,0
0,0,0,0
0,0,0,0
0,0,0,0
0,0,0,0
0,0,0,0
0,0,0,0
0,0,0,0
0,0,0,0
0,0,0,0
0,0,0,0
0,0,0,0
0,0,0,0
0,0,0,0
0,0,0,0
0,0,0,0
0,0,0,0
0,0,0,0
0,0,0,0
0,0,0,0
0,0,0,0
0,0,0,0
0,0,0,0
0,0,0,0
0,0,0,0
0,0,0,0
0,0,0,0
0,0,0,0
0,0,0,0
0,0,0,0
0,0,0,0
0,0,0,0
0,0,0,0
0,0,0,0
0,0,0,0
0,0,0,0
0,0,0,0
0,0,0,0
0,0,0,0
0,0,0,0
0,0,0,0
0,0,0,0
0,0,0,0
0,0,0,0
0,0,0,0
0,0,0,0
0,0,0,0
0,0,0,0
0,0,0,0
0,0,0,0
0,0,0,0
0,0,0,0
0,0,0,0
0,0,0,0
0,0,0,0
0,0,0,0
0,0,0,0
0,0,0,0
0,0,0,0
0,0,0,0
0,0,0,0
0,0,0,0
0,0,0,0
0,0,0,0
0,0,0,0
0,0,0,0
0,0,0,0
0,0,0,0
0,0,0,0
0,0,0,0
0,0,0,0
0,0,0,0
0,0,0,0
0,0,0,0
0,0,0,0
0,0,0,0
0,0,0,0
0,0,0,0
0,0,0,0
0,0,0,0
0,0,0,0
0,0,0,0
0,0,0,0
0,0,0,0
0,0,0,0
0,0,0,0
0,0,0,0
0,0,0,0
0,0,0,0
0,0,0,0
0,0,0,0
0,0,0,0
0,0,0,0
0,0,0,0
0,0,0,0
0,0,0,0
0,0,0,0
0,0,0,0
0,0,0,0
0,0,0,0
0,0,0,0
0,0,0,0
0,0,0,0
0,0,0,0
0,0,0,0
0,0,0,0
0,0,0,0
0,0,0,0
0,0,0,0
0,0,0,0
0,0,0,0
0,0,0,0
0,0,0,0
0,0,0,0
0,0,0,0
0,0,0,0
0,0,0,0
0,0,0,0
0,0,0,0
0,0,0,0
0,0,0,0
0,0,0,0
0,0,0,0
0,0,0,0
0,0,0,0
0,0,0,0
0,0,0,0
0,0,0,0
0,0,0,0
0,0,0,0
0,0,0,0
0,0,0,0
0,0,0,0
0,0,0,0
0,0,0,0
0,0,0,0
0,0,0,0
0,0,0,0
0,0,0,0
0,0,0,0
0,0,0,0
0,0,0,0
0,0,0,0
0,0,0,0
0,0,0,0
0,0,0,0
0,0,0,0
0,0,0,0
0,0,0,0
0,0,0,0
0,0,0,0
0,0,0,0
0,0,0,0
0,0,0,0
0,0,0,0
0,0,0,0
0,0,0,0
0,0,0,0
0,0,0,0
0,0,0,0
0,0,0,0
0,0,0,0
0,0,0,0
0,0,0,0
0,0,0,0
0,0,0,0
0,0,0,0
0,0,0,0
0,0,0,0
0,0,0,0
0,0,0,0
0,0,0,0
0,0,0,0
0,0,0,0
0,0,0,0
0,0,0,0
0,0,0,0
0,0,0,0
0,0,0,0
0,0,0,0
0,0,0,0
0,0,0,0
0,0,0,0
0,0,0,0
0,0,0,0
0,0,0,0
0,0,0,0
0,0,0,0
0,0,0,0
0,0,0,0
0,0,0,0
0,0,0,0
0,0,0,0
0,0,0,0
0,0,0,0
0,0,0,0
0,0,0,0
0,0,0,0
0,0,0,0
0,0,0,0
0,0,0,0
0,0,0,0
0,0,0,0
0,0,0,0
0,0,0,0
0,0,0,0
0,0,0,0
0,0,0,0
0,0,0,0
0,0,0,0
0,0,0,0
0,0,0,0
0,0,0,0
0,0,0,0
0,0,0,0
0,0,0,0
0,0,0,0
0,0,0,0
0,0,0,0
0,0,0,0
0,0,0,0
0,0,0,0
0,0,0,0
0,0,0,0
0,0,0,0
0,0,0,0
0,0,0,0
0,0,0,0
0,0,0,0
0,0,0,0
0,0,0,0
0,0,0,0
0,0,0,0
0,0,0,0
0,0,0,0
0,0,0,0
0,0,0,0
0,0,0,0
0,0,0,0
0,0,0,0
0,0,0,0
0,0,0,0
0,0,0,0
0,0,0,0
0,0,0,0
0,0,0,0
0,0,0,0
0,0,0,0
0,0,0,0
0,0,0,0
0,0,0,0
0,0,0,0
0,0,0,0
0,0,0,0
0,0,0,0
0,0,0,0
0,0,0,0
0,0,0,0
0,0,0,0
0,0,0,0
0,0,0,0
0,0,0,0
0,0,0,0
0,0,0,0
0,0,0,0
0,0,0,0
0,0,0,0
0,0,0,0
0,0,0,0
0,0,0,0
0,0,0,0
0,0,0,0
0,0,0,0
0,0,0,0
0,0,0,0
0,0,0,0
0,0,0,0
0,0,0,0
0,0,0,0
0,0,0,0
0,0,0,0
0,0,0,0
0,0,0,0
0,0,0,0
0,0,0,0
0,0,0,0
0,0,0,0
0,0,0,0
0,0,0,0
0,0,0,0
0,0,0,0
0,0,0,0
0,0,0,0
0,0,0,0
0,0,0,0
0,0,0,0
0,0,0,0
0,0,0,0
0,0,0,0
0,0,0,0
0,0,0,0
0,0,0,0
0,0,0,0
0,0,0,0
0,0,0,0
0,0,0,0
0,0,0,0
0,0,0,0
0,0,0,0
0,0,0,0
0,0,0,0
0,0,0,0
0,0,0,0
0,0,0,0
0,0,0,0
0,0,0,0
0,0,0,0
0,0,0,0
0,0,0,0
0,0,0,0
0,0,0,0
0,0,0,0
0,0,0,0
0,0,0,0
0,0,0,0
0,0,0,0
0,0,0,0
0,0,0,0
0,0,0,0
0,0,0,0
0,0,0,0
0,0,0,0
0,0,0,0
0,0,0,0
0,0,0,0
0,0,0,0
0,0,0,0
0,0,0,0
0,0,0,0
0,0,0,0
0,0,0,0
0,0,0,0
0,0,0,0
0,0,0,0
0,0,0,0
0,0,0,0
0,0,0,0
0,0,0,0
0,0,0,0
0,0,0,0
0,0,0,0
0,0,0,0
0,0,0,0
0,0,0,0
0,0,0,0
0,0,0,0
0,0,0,0
0,0,0,0
0,0,0,0
0,0,0,0
0,0,0,0
0,0,0,0
0,0,0,0
0,0,0,0
0,0,0,0
0,0,0,0
0,0,0,0
0,0,0,0
0,0,0,0
0,0,0,0
0,0,0,0
0,0,0,0
0,0,0,0
0,0,0,0
0,0,0,0
0,0,0,0
0,0,0,0
0,0,0,0
0,0,0,0
0,0,0,0
0,0,0,0
0,0,0,0
0,0,0,0
0,0,0,0
0,0,0,0
0,0,0,0
0,0,0,0
0,0,0,0
0,0,0,0
0,0,0,0
0,0,0,0
0,0,0,0
0,0,0,0
0,0,0,0
0,0,0,0
0,0,0,0
0,0,0,0
0,0,0,0
0,0,0,0
0,0,0,0
0,0,0,0
0,0,0,0
0,0,0,0
0,0,0,0
0,0,0,0
0,0,0,0
0,0,0,0
0,0,0,0
0,0,0,0
0,0,0,0
0,0,0,0
0,0,0,0
0,0,0,0
0,0,0,0
0,0,0,0
0,0,0,0
0,0,0,0
0,0,0,0
0,0,0,0
0,0,0,0
0,0,0,0
0,0,0,0
0,0,0,0
0,0,0,0
0,0,0,0
0,0,0,0
0,0,0,0
0,0,0,0
0,0,0,0
0,0,0,0
0,0,0,0
0,0,0,0
0,0,0,0
0,0,0,0
0,0,0,0
0,0,0,0
0,0,0,0
0,0,0,0
0,0,0,0
0,0,0,0
0,0,0,0
0,0,0,0
0,0,0,0
0,0,0,0
0,0,0,0
0,0,0,0
0,0,0,0
0,0,0,0
0,0,0,0
0,0,0,0
0,0,0,0
0,0,0,0
0,0,0,0
0,0,0,0
0,0,0,0
0,0,0,0
0,0,0,0
0,0,0,0
0,0,0,0
0,0,0,0
0,0,0,0
0,0,0,0
0,0,0,0
0,0,0,0
0,0,0,0
0,0,0,0
0,0,0,0
0,0,0,0
0,0,0,0
0,0,0,0
0,0,0,0
0,0,0,0
0,0,0,0
0,0,0,0
0,0,0,0
0,0,0,0
0,0,0,0
0,0,0,0
0,0,0,0
0,0,0,0
0,0,0,0
0,0,0,0
0,0,0,0
0,0,0,0
0,0,0,0
0,0,0,0
0,0,0,0
0,0,0,0
0,0,0,0
0,0,0,0
0,0,0,0
0,0,0,0
0,0,0,0
0,0,0,0
0,0,0,0
0,0,0,0
0,0,0,0
0,0,0,0
0,0,0,0
0,0,0,0
0,0,0,0
0,0,0,0
0,0,0,0
0,0,0,0
0,0,0,0
0,0,0,0
0,0,0,0
0,0,0,0
0,0,0,0
0,0,0,0
0,0,0,0
0,0,0,0
0,0,0,0
0,0,0,0
0,0,0,0
0,0,0,0
0,0,0,0
0,0,0,0
0,0,0,0
0,0,0,0
0,0,0,0
0,0,0,0
0,0,0,0
0,0,0,0
0,0,0,0
0,0,0,0
0,0,0,0
0,0,0,0
0,0,0,0
0,0,0,0
0,0,0,0
0,0,0,0
0,0,0,0
0,0,0,0
0,0,0,0
0,0,0,0
0,0,0,0
0,0,0,0
0,0,0,0
0,0,0,0
0,0,0,0
0,0,0,0
0,0,0,0
0,0,0,0
0,0,0,0
0,0,0,0
0,0,0,0
0,0,0,0
0,0,0,0
0,0,0,0
0,0,0,0
0,0,0,0
0,0,0,0
0,0,0,0
0,0,0,0
0,0,0,0
0,0,0,0
0,0,0,0
0,0,0,0
0,0,0,0
0,0,0,0
0,0,0,0
0,0,0,0
0,0,0,0
0,0,0,0
0,0,0,0
0,0,0,0
0,0,0,0
0,0,0,0
0,0,0,0
0,0,0,0
0,0,0,0
0,0,0,0
0,0,0,0
0,0,0,0
0,0,0,0
0,0,0,0
0,0,0,0
0,0,0,0
0,0,0,0
0,0,0,0
0,0,0,0
0,0,0,0
0,0,0,0
0,0,0,0
0,0,0,0
0,0,0,0
0,0,0,0
0,0,0,0
0,0,0,0
0,0,0,0
0,0,0,0
0,0,0,0
0,0,0,0
0,0,0,0
0,0,0,0
0,0,0,0
0,0,0,0
0,0,0,0
0,0,0,0
0,0,0,0
0,0,0,0
0,0,0,0
0,0,0,0
0,0,0,0
0,0,0,0
0,0,0,0
0,0,0,0
0,0,0,0
0,0,0,0
0,0,0,0
0,0,0,0
0,0,0,0
0,0,0,0
0,0,0,0
0,0,0,0
0,0,0,0
0,0,0,0
0,0,0,0
0,0,0,0
0,0,0,0
0,0,0,0
0,0,0,0
0,0,0,0
0,0,0,0
0,0,0,0
0,0,0,0
0,0,0,0
0,0,0,0
0,0,0,0
0,0,0,0
0,0,0,0
0,0,0,0
0,0,0,0
0,0,0,0
0,0,0,0
0,0,0,0
0,0,0,0
0,0,0,0
0,0,0,0
0,0,0,0
0,0,0,0
0,0,0,0
0,0,0,0
0,0,0,0
0,0,0,0
0,0,0,0
0,0,0,0
0,0,0,0
0,0,0,0
0,0,0,0
0,0,0,0
0,0,0,0
0,0,0,0
0,0,0,0
0,0,0,0
0,0,0,0
0,0,0,0
0,0,0,0
0,0,0,0
0,0,0,0
0,0,0,0
0,0,0,0
0,0,0,0
0,0,0,0
0,0,0,0
0,0,0,0
0,0,0,0
0,0,0,0
0,0,0,0
0,0,0,0
0,0,0,0
0,0,0,0
0,0,0,0
0,0,0,0
0,0,0,0
0,0,0,0
0,0,0,0
0,0,0,0
0,0,0,0
0,0,0,0
0,0,0,0
0,0,0,0
0,0,0,0
0,0,0,0
0,0,0,0
0,0,0,0
0,0,0,0
0,0,0,0
0,0,0,0
0,0,0,0
0,0,0,0
0,0,0,0
0,0,0,0
0,0,0,0
0,0,0,0
0,0,0,0
0,0,0,0
0,0,0,0
0,0,0,0
0,0,0,0
0,0,0,0
0,0,0,0
0,0,0,0
0,0,0,0
0,0,0,0
0,0,0,0
0,0,0,0
0,0,0,0
0,0,0,0
0,0,0,0
0,0,0,0
0,0,0,0
0,0,0,0
0,0,0,0
0,0,0,0
0,0,0,0
0,0,0,0
0,0,0,0
0,0,0,0
0,0,0,0
0,0,0,0
0,0,0,0
0,0,0,0
0,0,0,0
0,0,0,0
0,0,0,0
0,0,0,0
0,0,0,0
0,0,0,0
0,0,0,0
0,0,0,0
0,0,0,0
0,0,0,0
0,0,0,0
0,0,0,0
0,0,0,0
0,0,0,0
0,0,0,0
0,0,0,0
0,0,0,0
0,0,0,0
0,0,0,0
0,0,0,0
0,0,0,0
0,0,0,0
0,0,0,0
0,0,0,0
0,0,0,0
0,0,0,0
0,0,0,0
0,0,0,0
0,0,0,0
0,0,0,0
0,0,0,0
0,0,0,0
0,0,0,0
0,0,0,0
0,0,0,0
0,0,0,0
0,0,0,0
0,0,0,0
0,0,0,0
0,0,0,0
0,0,0,0
0,0,0,0
0,0,0,0
0,0,0,0
0,0,0,0
0,0,0,0
0,0,0,0
0,0,0,0
0,0,0,0
0,0,0,0
0,0,0,0
0,0,0,0
0,0,0,0
0,0,0,0
0,0,0,0
0,0,0,0
0,0,0,0
0,0,0,0
0,0,0,0
0,0,0,0
0,0,0,0
0,0,0,0
0,0,0,0
0,0,0,0
0,0,0,0
0,0,0,0
0,0,0,0
0,0,0,0
0,0,0,0
0,0,0,0
0,0,0,0
0,0,0,0
0,0,0,0
0,0,0,0
0,0,0,0
0,0,0,0
0,0,0,0
0,0,0,0
0,0,0,0
0,0,0,0
0,0,0,0
0,0,0,0
0,0,0,0
0,0,0,0
0,0,0,0
0,0,0,0
0,0,0,0
0,0,0,0
0,0,0,0
0,0,0,0
0,0,0,0
0,0,0,0
0,0,0,0
0,0,0,0
0,0,0,0
0,0,0,0
0,0,0,0
0,0,0,0
0,0,0,0
0,0,0,0
0,0,0,0
0,0,0,0
0,0,0,0
0,0,0,0
0,0,0,0
0,0,0,0
0,0,0,0
0,0,0,0
0,0,0,0
0,0,0,0
0,0,0,0
0,0,0,0
0,0,0,0
0,0,0,0
0,0,0,0
0,0,0,0
0,0,0,0
0,0,0,0
0,0,0,0
0,0,0,0
0,0,0,0
0,0,0,0
0,0,0,0
0,0,0,0
0,0,0,0
0,0,0,0
0,0,0,0
0,0,0,0
0,0,0,0
0,0,0,0
0,0,0,0
0,0,0,0
0,0,0,0
0,0,0,0
0,0,0,0
0,0,0,0
0,0,0,0
0,0,0,0
0,0,0,0
0,0,0,0
0,0,0,0
0,0,0,0
0,0,0,0
0,0,0,0
0,0,0,0
0,0,0,0
0,0,0,0
0,0,0,0
0,0,0,0
0,0,0,0
0,0,0,0
0,0,0,0
0,0,0,0
0,0,0,0
0,0,0,0
0,0,0,0
0,0,0,0
0,0,0,0
0,0,0,0
0,0,0,0
0,0,0,0
0,0,0,0
0,0,0,0
0,0,0,0
0,0,0,0
0,0,0,0
0,0,0,0
0,0,0,0
0,0,0,0
0,0,0,0
0,0,0,0
0,0,0,0
0,0,0,0
0,0,0,0
0,0,0,0
0,0,0,0
0,0,0,0
0,0,0,0
0,0,0,0
0,0,0,0
0,0,0,0
0,0,0,0
0,0,0,0
0,0,0,0
0,0,0,0
0,0,0,0
0,0,0,0
0,0,0,0
0,0,0,0
0,0,0,0
0,0,0,0
0,0,0,0
0,0,0,0
0,0,0,0
0,0,0,0
0,0,0,0
0,0,0,0
0,0,0,0
0,0,0,0
0,0,0,0
0,0,0,0
0,0,0,0
0,0,0,0
0,0,0,0
0,0,0,0
0,0,0,0
0,0,0,0
0,0,0,0
0,0,0,0
0,0,0,0
0,0,0,0
0,0,0,0
0,0,0,0
0,0,0,0
0,0,0,0
0,0,0,0
0,0,0,0
0,0,0,0
0,0,0,0
0,0,0,0
0,0,0,0
0,0,0,0
0,0,0,0
0,0,0,0
0,0,0,0
0,0,0,0
0,0,0,0
0,0,0,0
0,0,0,0
0,0,0,0
0,0,0,0
0,0,0,0
0,0,0,0
0,0,0,0
0,0,0,0
0,0,0,0
0,0,0,0
0,0,0,0
0,0,0,0
0,0,0,0
0,0,0,0
0,0,0,0
0,0,0,0
0,0,0,0
0,0,0,0
0,0,0,0
0,0,0,0
0,0,0,0
0,0,0,0
0,0,0,0
0,0,0,0
0,0,0,0
0,0,0,0
0,0,0,0
0,0,0,0
0,0,0,0
0,0,0,0
0,0,0,0
0,0,0,0
0,0,0,0
0,0,0,0
0,0,0,0
0,0,0,0
0,0,0,0
0,0,0,0
0,0,0,0
0,0,0,0
0,0,0,0
0,0,0,0
0,0,0,0
0,0,0,0
0,0,0,0
0,0,0,0
0,0,0,0
0,0,0,0
0,0,0,0
0,0,0,0
0,0,0,0
0,0,0,0
0,0,0,0
0,0,0,0
0,0,0,0
0,0,0,0
0,0,0,0
0,0,0,0
0,0,0,0
0,0,0,0
0,0,0,0
0,0,0,0
0,0,0,0
0,0,0,0
0,0,0,0
0,0,0,0
0,0,0,0
0,0,0,0
0,0,0,0
0,0,0,0
0,0,0,0
0,0,0,0
0,0,0,0
0,0,0,0
0,0,0,0
0,0,0,0
0,0,0,0
0,0,0,0
0,0,0,0
0,0,0,0
0,0,0,0
0,0,0,0
0,0,0,0
0,0,0,0
0,0,0,0
0,0,0,0
0,0,0,0
0,0,0,0
0,0,0,0
0,0,0,0
0,0,0,0
0,0,0,0
0,0,0,0
0,0,0,0
0,0,0,0
0,0,0,0
0,0,0,0
0,0,0,0
0,0,0,0
0,0,0,0
0,0,0,0
0,0,0,0
0,0,0,0
0,0,0,0
0,0,0,0
0,0,0,0
0,0,0,0
0,0,0,0
0,0,0,0
0,0,0,0
0,0,0,0
0,0,0,0
0,0,0,0
0,0,0,0
0,0,0,0
0,0,0,0
0,0,0,0
0,0,0,0
0,0,0,0
0,0,0,0
0,0,0,0
0,0,0,0
0,0,0,0
0,0,0,0
0,0,0,0
0,0,0,0
0,0,0,0
0,0,0,0
0,0,0,0
0,0,0,0
0,0,0,0
0,0,0,0
0,0,0,0
0,0,0,0
0,0,0,0
0,0,0,0
0,0,0,0
0,0,0,0
0,0,0,0
0,0,0,0
0,0,0,0
0,0,0,0
0,0,0,0
0,0,0,0
0,0,0,0
0,0,0,0
0,0,0,0
0,0,0,0
0,0,0,0
0,0,0,0
0,0,0,0
0,0,0,0
0,0,0,0
0,0,0,0
0,0,0,0
0,0,0,0
0,0,0,0
0,0,0,0
0,0,0,0
0,0,0,0
0,0,0,0
0,0,0,0
0,0,0,0
0,0,0,0
0,0,0,0
0,0,0,0
0,0,0,0
0,0,0,0
0,0,0,0
0,0,0,0
0,0,0,0
0,0,0,0
0,0,0,0
0,0,0,0
0,0,0,0
0,0,0,0
0,0,0,0
0,0,0,0
0,0,0,0
0,0,0,0
0,0,0,0
0,0,0,0
0,0,0,0
0,0,0,0
0,0,0,0
0,0,0,0
0,0,0,0
0,0,0,0
0,0,0,0
0,0,0,0
0,0,0,0
0,0,0,0
0,0,0,0
0,0,0,0
0,0,0,0
0,0,0,0
0,0,0,0
0,0,0,0
0,0,0,0
0,0,0,0
0,0,0,0
0,0,0,0
0,0,0,0
0,0,0,0
0,0,0,0
0,0,0,0
0,0,0,0
0,0,0,0
0,0,0,0
0,0,0,0
0,0,0,0
0,0,0,0
0,0,0,0
0,0,0,0
0,0,0,0
0,0,0,0
0,0,0,0
0,0,0,0
0,0,0,0
0,0,0,0
0,0,0,0
0,0,0,0
0,0,0,0
0,0,0,0
0,0,0,0
0,0,0,0
0,0,0,0
0,0,0,0
0,0,0,0
0,0,0,0
0,0,0,0
0,0,0,0
0,0,0,0
0,0,0,0
0,0,0,0
0,0,0,0
0,0,0,0
0,0,0,0
0,0,0,0
0,0,0,0
0,0,0,0
0,0,0,0
0,0,0,0
0,0,0,0
0,0,0,0
0,0,0,0
0,0,0,0
0,0,0,0
0,0,0,0
0,0,0,0
0,0,0,0
0,0,0,0
0,0,0,0
0,0,0,0
0,0,0,0
0,0,0,0
0,0,0,0
0,0,0,0
0,0,0,0
0,0,0,0
0,0,0,0
0,0,0,0
0,0,0,0
0,0,0,0
0,0,0,0
0,0,0,0
0,0,0,0
0,0,0,0
0,0,0,0
0,0,0,0
0,0,0,0
0,0,0,0
0,0,0,0
0,0,0,0
0,0,0,0
0,0,0,0
0,0,0,0
0,0,0,0
0,0,0,0
0,0,0,0
0,0,0,0
0,0,0,0
0,0,0,0
0,0,0,0
0,0,0,0
0,0,0,0
0,0,0,0
0,0,0,0
0,0,0,0
0,0,0,0
0,0,0,0
0,0,0,0
0,0,0,0
0,0,0,0
0,0,0,0
0,0,0,0
0,0,0,0
0,0,0,0
0,0,0,0
0,0,0,0
0,0,0,0
0,0,0,0
0,0,0,0
0,0,0,0
0,0,0,0
0,0,0,0
0,0,0,0
0,0,0,0
0,0,0,0
0,0,0,0
0,0,0,0
0,0,0,0
0,0,0,0
0,0,0,0
0,0,0,0
0,0,0,0
0,0,0,0
0,0,0,0
0,0,0,0
0,0,0,0
0,0,0,0
0,0,0,0
0,0,0,0
0,0,0,0
0,0,0,0
0,0,0,0
0,0,0,0
0,0,0,0
0,0,0,0
0,0,0,0
0,0,0,0
0,0,0,0
0,0,0,0
0,0,0,0
0,0,0,0
0,0,0,0
0,0,0,0
0,0,0,0
0,0,0,0
0,0,0,0
0,0,0,0
0,0,0,0
0,0,0,0
0,0,0,0
0,0,0,0
0,0,0,0
0,0,0,0
0,0,0,0
0,0,0,0
0,0,0,0
0,0,0,0
0,0,0,0
0,0,0,0
0,0,0,0
0,0,0,0
0,0,0,0
0,0,0,0
0,0,0,0
0,0,0,0
0,0,0,0
0,0,0,0
0,0,0,0
0,0,0,0
0,0,0,0
0,0,0,0
0,0,0,0
0,0,0,0
0,0,0,0
0,0,0,0
0,0,0,0
0,0,0,0
0,0,0,0
0,0,0,0
0,0,0,0
0,0,0,0
0,0,0,0
0,0,0,0
0,0,0,0
0,0,0,0
0,0,0,0
0,0,0,0
0,0,0,0
0,0,0,0
0,0,0,0
0,0,0,0
0,0,0,0
0,0,0,0
0,0,0,0
0,0,0,0
0,0,0,0
0,0,0,0
0,0,0,0
0,0,0,0
0,0,0,0
0,0,0,0
0,0,0,0
0,0,0,0
0,0,0,0
0,0,0,0
0,0,0,0
0,0,0,0
0,0,0,0
0,0,0,0
0,0,0,0
0,0,0,0
0,0,0,0
0,0,0,0
0,0,0,0
0,0,0,0
0,0,0,0
0,0,0,0
0,0,0,0
0,0,0,0
0,0,0,0
0,0,0,0
0,0,0,0
0,0,0,0
0,0,0,0
0,0,0,0
0,0,0,0
0,0,0,0
0,0,0,0
0,0,0,0
0,0,0,0
0,0,0,0
0,0,0,0
0,0,0,0
0,0,0,0
0,0,0,0
0,0,0,0
0,0,0,0
0,0,0,0
0,0,0,0
0,0,0,0
0,0,0,0
0,0,0,0
0,0,0,0
0,0,0,0
0,0,0,0
0,0,0,0
0,0,0,0
0,0,0,0
0,0,0,0
0,0,0,0
0,0,0,0
0,0,0,0
0,0,0,0
0,0,0,0
0,0,0,0
0,0,0,0
0,0,0,0
0,0,0,0
0,0,0,0
0,0,0,0
0,0,0,0
0,0,0,0
0,0,0,0
0,0,0,0
0,0,0,0
0,0,0,0
0,0,0,0
0,0,0,0
0,0,0,0
0,0,0,0
0,0,0,0
0,0,0,0
0,0,0,0
0,0,0,0
0,0,0,0
0,0,0,0
0,0,0,0
0,0,0,0
0,0,0,0
0,0,0,0
0,0,0,0
0,0,0,0
0,0,0,0
0,0,0,0
0,0,0,0
0,0,0,0
0,0,0,0
0,0,0,0
0,0,0,0
0,0,0,0
0,0,0,0
0,0,0,0
0,0,0,0
0,0,0,0
0,0,0,0
0,0,0,0
0,0,0,0
0,0,0,0
0,0,0,0
0,0,0,0
0,0,0,0
0,0,0,0
0,0,0,0
0,0,0,0
0,0,0,0
0,0,0,0
0,0,0,0
0,0,0,0
0,0,0,0
0,0,0,0
0,0,0,0
0,0,0,0
0,0,0,0
0,0,0,0
0,0,0,0
0,0,0,0
0,0,0,0
0,0,0,0
0,0,0,0
0,0,0,0
0,0,0,0
0,0,0,0
0,0,0,0
0,0,0,0
0,0,0,0
0,0,0,0
0,0,0,0
0,0,0,0
0,0,0,0
0,0,0,0
0,0,0,0
0,0,0,0
0,0,0,0
0,0,0,0
0,0,0,0
0,0,0,0
0,0,0,0
0,0,0,0
0,0,0,0
0,0,0,0
0,0,0,0
0,0,0,0
0,0,0,0
0,0,0,0
0,0,0,0
0,0,0,0
0,0,0,0
0,0,0,0
0,0,0,0
0,0,0,0
0,0,0,0
0,0,0,0
0,0,0,0
0,0,0,0
0,0,0,0
0,0,0,0
0,0,0,0
0,0,0,0
0,0,0,0
0,0,0,0
0,0,0,0
0,0,0,0
0,0,0,0
0,0,0,0
0,0,0,0
0,0,0,0
0,0,0,0
0,0,0,0
0,0,0,0
0,0,0,0
0,0,0,0
0,0,0,0
0,0,0,0
0,0,0,0
0,0,0,0
0,0,0,0
0,0,0,0
0,0,0,0
0,0,0,0
0,0,0,0
0,0,0,0
0,0,0,0
0,0,0,0
0,0,0,0
0,0,0,0
0,0,0,0
0,0,0,0
0,0,0,0
0,0,0,0
0,0,0,0
0,0,0,0
0,0,0,0
0,0,0,0
0,0,0,0
0,0,0,0
0,0,0,0
0,0,0,0
0,0,0,0
0,0,0,0
0,0,0,0
0,0,0,0
0,0,0,0
0,0,0,0
0,0,0,0
0,0,0,0
0,0,0,0
0,0,0,0
0,0,0,0
0,0,0,0
0,0,0,0
0,0,0,0
0,0,0,0
0,0,0,0
0,0,0,0
0,0,0,0
0,0,0,0
0,0,0,0
0,0,0,0
0,0,0,0
0,0,0,0
0,0,0,0
0,0,0,0
0,0,0,0
0,0,0,0
0,0,0,0
0,0,0,0
0,0,0,0
0,0,0,0
0,0,0,0
0,0,0,0
0,0,0,0
0,0,0,0
0,0,0,0
0,0,0,0
0,0,0,0
0,0,0,0
0,0,0,0
0,0,0,0
0,0,0,0
0,0,0,0
0,0,0,0
0,0,0,0
0,0,0,0
0,0,0,0
0,0,0,0
0,0,0,0
0,0,0,0
0,0,0,0
0,0,0,0
0,0,0,0
0,0,0,0
0,0,0,0
0,0,0,0
0,0,0,0
0,0,0,0
0,0,0,0
0,0,0,0
0,0,0,0
0,0,0,0
0,0,0,0
0,0,0,0
0,0,0,0
0,0,0,0
0,0,0,0
0,0,0,0
0,0,0,0
0,0,0,0
0,0,0,0
0,0,0,0
0,0,0,0
0,0,0,0
0,0,0,0
0,0,0,0
0,0,0,0
0,0,0,0
0,0,0,0
0,0,0,0
0,0,0,0
0,0,0,0
0,0,0,0
0,0,0,0
0,0,0,0
0,0,0,0
0,0,0,0
0,0,0,0
0,0,0,0
0,0,0,0
0,0,0,0
0,0,0,0
0,0,0,0
0,0,0,0
0,0,0,0
0,0,0,0
0,0,0,0
0,0,0,0
0,0,0,0
0,0,0,0
0,0,0,0
0,0,0,0
0,0,0,0
0,0,0,0
0,0,0,0
0,0,0,0
0,0,0,0
0,0,0,0
0,0,0,0
0,0,0,0
0,0,0,0
0,0,0,0
0,0,0,0
0,0,0,0
0,0,0,0
0,0,0,0
0,0,0,0
0,0,0,0
0,0,0,0
0,0,0,0
0,0,0,0
0,0,0,0
0,0,0,0
0,0,0,0
0,0,0,0
0,0,0,0
0,0,0,0
0,0,0,0
0,0,0,0
0,0,0,0
0,0,0,0
0,0,0,0
0,0,0,0
0,0,0,0
0,0,0,0
0,0,0,0
0,0,0,0
0,0,0,0
0,0,0,0
0,0,0,0
0,0,0,0
0,0,0,0
0,0,0,0
0,0,0,0
0,0,0,0
0,0,0,0
0,0,0,0
0,0,0,0
0,0,0,0
0,0,0,0
0,0,0,0
0,0,0,0
0,0,0,0
0,0,0,0
0,0,0,0
0,0,0,0
0,0,0,0
0,0,0,0
0,0,0,0
0,0,0,0
0,0,0,0
0,0,0,0
0,0,0,0
0,0,0,0
0,0,0,0
0,0,0,0
0,0,0,0
0,0,0,0
0,0,0,0
0,0,0,0
0,0,0,0
0,0,0,0
0,0,0,0
0,0,0,0
0,0,0,0
0,0,0,0
0,0,0,0
0,0,0,0
0,0,0,0
0,0,0,0
0,0,0,0
0,0,0,0
0,0,0,0
0,0,0,0
0,0,0,0
0,0,0,0
0,0,0,0
0,0,0,0
0,0,0,0
0,0,0,0
0,0,0,0
0,0,0,0
0,0,0,0
0,0,0,0
0,0,0,0
0,0,0,0
0,0,0,0
0,0,0,0
0,0,0,0
0,0,0,0
0,0,0,0
0,0,0,0
0,0,0,0
0,0,0,0
0,0,0,0
0,0,0,0
0,0,0,0
0,0,0,0
0,0,0,0
0,0,0,0
0,0,0,0
0,0,0,0
0,0,0,0
0,0,0,0
0,0,0,0
0,0,0,0
0,0,0,0
0,0,0,0
0,0,0,0
0,0,0,0
0,0,0,0
0,0,0,0
0,0,0,0
0,0,0,0
0,0,0,0
0,0,0,0
0,0,0,0
0,0,0,0
0,0,0,0
0,0,0,0
0,0,0,0
0,0,0,0
0,0,0,0
0,0,0,0
0,0,0,0
0,0,0,0
0,0,0,0
0,0,0,0
0,0,0,0
0,0,0,0
0,0,0,0
0,0,0,0
0,0,0,0
0,0,0,0
0,0,0,0
0,0,0,0
0,0,0,0
0,0,0,0
0,0,0,0
0,0,0,0
0,0,0,0
0,0,0,0
0,0,0,0
0,0,0,0
0,0,0,0
0,0,0,0
0,0,0,0
0,0,0,0
0,0,0,0
0,0,0,0
0,0,0,0
0,0,0,0
0,0,0,0
0,0,0,0
0,0,0,0
0,0,0,0
0,0,0,0
0,0,0,0
0,0,0,0
0,0,0,0
0,0,0,0
0,0,0,0
0,0,0,0
0,0,0,0
0,0,0,0
0,0,0,0
0,0,0,0
0,0,0,0
0,0,0,0
0,0,0,0
0,0,0,0
0,0,0,0
0,0,0,0
0,0,0,0
0,0,0,0
0,0,0,0
0,0,0,0
0,0,0,0
0,0,0,0
0,0,0,0
0,0,0,0
0,0,0,0
0,0,0,0
0,0,0,0
0,0,0,0
0,0,0,0
0,0,0,0
0,0,0,0
0,0,0,0
0,0,0,0
0,0,0,0
0,0,0,0
0,0,0,0
0,0,0,0
0,0,0,0
0,0,0,0
0,0,0,0
0,0,0,0
0,0,0,0
0,0,0,0
0,0,0,0
0,0,0,0
0,0,0,0
0,0,0,0
0,0,0,0
0,0,0,0
0,0,0,0
0,0,0,0
0,0,0,0
0,0,0,0
0,0,0,0
0,0,0,0
0,0,0,0
0,0,0,0
0,0,0,0
0,0,0,0
0,0,0,0
0,0,0,0
0,0,0,0
0,0,0,0
0,0,0,0
0,0,0,0
0,0,0,0
0,0,0,0
0,0,0,0
0,0,0,0
0,0,0,0
0,0,0,0
0,0,0,0
0,0,0,0
0,0,0,0
0,0,0,0
0,0,0,0
0,0,0,0
0,0,0,0
0,0,0,0
0,0,0,0
0,0,0,0
0,0,0,0
0,0,0,0
0,0,0,0
0,0,0,0
0,0,0,0
0,0,0,0
0,0,0,0
0,0,0,0
0,0,0,0
0,0,0,0
0,0,0,0
0,0,0,0
0,0,0,0
0,0,0,0
0,0,0,0
0,0,0,0
0,0,0,0
0,0,0,0
0,0,0,0
0,0,0,0
0,0,0,0
0,0,0,0
0,0,0,0
0,0,0,0
0,0,0,0
0,0,0,0
0,0,0,0
0,0,0,0
0,0,0,0
0,0,0,0
0,0,0,0
0,0,0,0
0,0,0,0
0,0,0,0
0,0,0,0
0,0,0,0
0,0,0,0
0,0,0,0
0,0,0,0
0,0,0,0
0,0,0,0
0,0,0,0
0,0,0,0
0,0,0,0
0,0,0,0
0,0,0,0
0,0,0,0
0,0,0,0
0,0,0,0
0,0,0,0
0,0,0,0
0,0,0,0
0,0,0,0
0,0,0,0
0,0,0,0
0,0,0,0
0,0,0,0
0,0,0,0
0,0,0,0
0,0,0,0
0,0,0,0
0,0,0,0
0,0,0,0
0,0,0,0
0,0,0,0
0,0,0,0
0,0,0,0
0,0,0,0
0,0,0,0
0,0,0,0
0,0,0,0
0,0,0,0
0,0,0,0
0,0,0,0
0,0,0,0
0,0,0,0
0,0,0,0
0,0,0,0
0,0,0,0
0,0,0,0
0,0,0,0
0,0,0,0
0,0,0,0
0,0,0,0
0,0,0,0
0,0,0,0
0,0,0,0
0,0,0,0
0,0,0,0
0,0,0,0
0,0,0,0
0,0,0,0
0,0,0,0
0,0,0,0
0,0,0,0
0,0,0,0
0,0,0,0
0,0,0,0
0,0,0,0
0,0,0,0
0,0,0,0
0,0,0,0
0,0,0,0
0,0,0,0
0,0,0,0
0,0,0,0
0,0,0,0
0,0,0,0
0,0,0,0
0,0,0,0
0,0,0,0
0,0,0,0
0,0,0,0
0,0,0,0
0,0,0,0
0,0,0,0
0,0,0,0
0,0,0,0
0,0,0,0
0,0,0,0
0,0,0,0
0,0,0,0
0,0,0,0
0,0,0,0
0,0,0,0
0,0,0,0
0,0,0,0
0,0,0,0
0,0,0,0
0,0,0,0
0,0,0,0
0,0,0,0
0,0,0,0
0,0,0,0
0,0,0,0
0,0,0,0
0,0,0,0
0,0,0,0
0,0,0,0
0,0,0,0
0,0,0,0
0,0,0,0
0,0,0,0
0,0,0,0
0,0,0,0
0,0,0,0
0,0,0,0
0,0,0,0
0,0,0,0
0,0,0,0
0,0,0,0
0,0,0,0
0,0,0,0
0,0,0,0
0,0,0,0
0,0,0,0
0,0,0,0
0,0,0,0
0,0,0,0
0,0,0,0
0,0,0,0
0,0,0,0
0,0,0,0
0,0,0,0
0,0,0,0
0,0,0,0
0,0,0,0
0,0,0,0
0,0,0,0
0,0,0,0
0,0,0,0
0,0,0,0
0,0,0,0
0,0,0,0
0,0,0,0
0,0,0,0
0,0,0,0
0,0,0,0
0,0,0,0
0,0,0,0
0,0,0,0
0,0,0,0
0,0,0,0
0,0,0,0
0,0,0,0
0,0,0,0
0,0,0,0
0,0,0,0
0,0,0,0
0,0,0,0
0,0,0,0
0,0,0,0
0,0,0,0
0,0,0,0
0,0,0,0
0,0,0,0
0,0,0,0
0,0,0,0
0,0,0,0
0,0,0,0
0,0,0,0
0,0,0,0
0,0,0,0
0,0,0,0
0,0,0,0
0,0,0,0
0,0,0,0
0,0,0,0
0,0,0,0
0,0,0,0
0,0,0,0
0,0,0,0
0,0,0,0
0,0,0,0
0,0,0,0
0,0,0,0
0,0,0,0
0,0,0,0
0,0,0,0
0,0,0,0
0,0,0,0
0,0,0,0
0,0,0,0
0,0,0,0
0,0,0,0
0,0,0,0
0,0,0,0
0,0,0,0
0,0,0,0
0,0,0,0
0,0,0,0
0,0,0,0
0,0,0,0
0,0,0,0
0,0,0,0
0,0,0,0
0,0,0,0
0,0,0,0
0,0,0,0
0,0,0,0
0,0,0,0
0,0,0,0
0,0,0,0
0,0,0,0
0,0,0,0
0,0,0,0
0,0,0,0
0,0,0,0
0,0,0,0
0,0,0,0
0,0,0,0
0,0,0,0
0,0,0,0
0,0,0,0
0,0,0,0
0,0,0,0
0,0,0,0
0,0,0,0
0,0,0,0
0,0,0,0
0,0,0,0
0,0,0,0
0,0,0,0
0,0,0,0
0,0,0,0
0,0,0,0
0,0,0,0
0,0,0,0
0,0,0,0
0,0,0,0
0,0,0,0
0,0,0,0
0,0,0,0
0,0,0,0
0,0,0,0
0,0,0,0
0,0,0,0
0,0,0,0
0,0,0,0
0,0,0,0
0,0,0,0
0,0,0,0
0,0,0,0
0,0,0,0
0,0,0,0
0,0,0,0
0,0,0,0
0,0,0,0
0,0,0,0
0,0,0,0
0,0,0,0
0,0,0,0
0,0,0,0
0,0,0,0
0,0,0,0
0,0,0,0
0,0,0,0
0,0,0,0
0,0,0,0
0,0,0,0
0,0,0,0
0,0,0,0
0,0,0,0
0,0,0,0
0,0,0,0
0,0,0,0
0,0,0,0
0,0,0,0
0,0,0,0
0,0,0,0
0,0,0,0
0,0,0,0
0,0,0,0
0,0,0,0
0,0,0,0
0,0,0,0
0,0,0,0
0,0,0,0
0,0,0,0
0,0,0,0
0,0,0,0
0,0,0,0
0,0,0,0
0,0,0,0
0,0,0,0
0,0,0,0
0,0,0,0
0,0,0,0
0,0,0,0
0,0,0,0
0,0,0,0
0,0,0,0
0,0,0,0
0,0,0,0
0,0,0,0
0,0,0,0
0,0,0,0
0,0,0,0
0,0,0,0
0,0,0,0
0,0,0,0
0,0,0,0
0,0,0,0
0,0,0,0
0,0,0,0
0,0,0,0
0,0,0,0
0,0,0,0
0,0,0,0
0,0,0,0
0,0,0,0
0,0,0,0
0,0,0,0
0,0,0,0
0,0,0,0
0,0,0,0
0,0,0,0
0,0,0,0
0,0,0,0
0,0,0,0
0,0,0,0
0,0,0,0
0,0,0,0
0,0,0,0
0,0,0,0
0,0,0,0
0,0,0,0
0,0,0,0
0,0,0,0
0,0,0,0
0,0,0,0
0,0,0,0
0,0,0,0
0,0,0,0
0,0,0,0
0,0,0,0
0,0,0,0
0,0,0,0
0,0,0,0
0,0,0,0
0,0,0,0
0,0,0,0
0,0,0,0
0,0,0,0
0,0,0,0
0,0,0,0
0,0,0,0
0,0,0,0
0,0,0,0
0,0,0,0
0,0,0,0
0,0,0,0
0,0,0,0
0,0,0,0
0,0,0,0
0,0,0,0
0,0,0,0
0,0,0,0
0,0,0,0
0,0,0,0
0,0,0,0
0,0,0,0
0,0,0,0
0,0,0,0
0,0,0,0
0,0,0,0
0,0,0,0
0,0,0,0
0,0,0,0
0,0,0,0
0,0,0,0
0,0,0,0
0,0,0,0
0,0,0,0
0,0,0,0
0,0,0,0
0,0,0,0
0,0,0,0
0,0,0,0
0,0,0,0
0,0,0,0
0,0,0,0
0,0,0,0
0,0,0,0
0,0,0,0
0,0,0,0
0,0,0,0
0,0,0,0
0,0,0,0
0,0,0,0
0,0,0,0
0,0,0,0
0,0,0,0
0,0,0,0
0,0,0,0
0,0,0,0
0,0,0,0
0,0,0,0
0,0,0,0
0,0,0,0
0,0,0,0
0,0,0,0
0,0,0,0
0,0,0,0
0,0,0,0
0,0,0,0
0,0,0,0
0,0,0,0
0,0,0,0
0,0,0,0
0,0,0,0
0,0,0,0
0,0,0,0
0,0,0,0
0,0,0,0
0,0,0,0
0,0,0,0
0,0,0,0
0,0,0,0
0,0,0,0
0,0,0,0
0,0,0,0
0,0,0,0
0,0,0,0
0,0,0,0
0,0,0,0
0,0,0,0
0,0,0,0
0,0,0,0
0,0,0,0
0,0,0,0
0,0,0,0
0,0,0,0
0,0,0,0
0,0,0,0
0,0,0,0
0,0,0,0
0,0,0,0
0,0,0,0
0,0,0,0
0,0,0,0
0,0,0,0
0,0,0,0
0,0,0,0
0,0,0,0
0,0,0,0
0,0,0,0
0,0,0,0
0,0,0,0
0,0,0,0
0,0,0,0
0,0,0,0
0,0,0,0
0,0,0,0
0,0,0,0
0,0,0,0
0,0,0,0
0,0,0,0
0,0,0,0
0,0,0,0
0,0,0,0
0,0,0,0
0,0,0,0
0,0,0,0
0,0,0,0
0,0,0,0
0,0,0,0
0,0,0,0
0,0,0,0
0,0,0,0
0,0,0,0
0,0,0,0
0,0,0,0
0,0,0,0
0,0,0,0
0,0,0,0
0,0,0,0
0,0,0,0
0,0,0,0
0,0,0,0
0,0,0,0
0,0,0,0
0,0,0,0
0,0,0,0
0,0,0,0
0,0,0,0
0,0,0,0
0,0,0,0
0,0,0,0
0,0,0,0
0,0,0,0
0,0,0,0
0,0,0,0
0,0,0,0
0,0,0,0
0,0,0,0
0,0,0,0
0,0,0,0
0,0,0,0
0,0,0,0
0,0,0,0
0,0,0,0
0,0,0,0
0,0,0,0
0,0,0,0
0,0,0,0
0,0,0,0
0,0,0,0
0,0,0,0
0,0,0,0
0,0,0,0
0,0,0,0
0,0,0,0
0,0,0,0
0,0,0,0
0,0,0,0
0,0,0,0
0,0,0,0
0,0,0,0
0,0,0,0
0,0,0,0
0,0,0,0
0,0,0,0
0,0,0,0
0,0,0,0
0,0,0,0
0,0,0,0
0,0,0,0
0,0,0,0
0,0,0,0
0,0,0,0
0,0,0,0
0,0,0,0
0,0,0,0
0,0,0,0
0,0,0,0
0,0,0,0
0,0,0,0
0,0,0,0
0,0,0,0
0,0,0,0
0,0,0,0
0,0,0,0
0,0,0,0
0,0,0,0
0,0,0,0
0,0,0,0
0,0,0,0
0,0,0,0
0,0,0,0
0,0,0,0
0,0,0,0
0,0,0,0
0,0,0,0
0,0,0,0
0,0,0,0
0,0,0,0
0,0,0,0
0,0,0,0
0,0,0,0
0,0,0,0
0,0,0,0
0,0,0,0
0,0,0,0
0,0,0,0
0,0,0,0
0,0,0,0
0,0,0,0
0,0,0,0
0,0,0,0
0,0,0,0
0,0,0,0
0,0,0,0
0,0,0,0
0,0,0,0
0,0,0,0
0,0,0,0
0,0,0,0
0,0,0,0
0,0,0,0
0,0,0,0
0,0,0,0
0,0,0,0
0,0,0,0
0,0,0,0
0,0,0,0
0,0,0,0
0,0,0,0
0,0,0,0
0,0,0,0
0,0,0,0
0,0,0,0
0,0,0,0
0,0,0,0
0,0,0,0
0,0,0,0
0,0,0,0
0,0,0,0
0,0,0,0
0,0,0,0
0,0,0,0
0,0,0,0
0,0,0,0
0,0,0,0
0,0,0,0
0,0,0,0
0,0,0,0
0,0,0,0
0,0,0,0
0,0,0,0
0,0,0,0
0,0,0,0
0,0,0,0
0,0,0,0
0,0,0,0
0,0,0,0
0,0,0,0
0,0,0,0
0,0,0,0
0,0,0,0
0,0,0,0
0,0,0,0
0,0,0,0
0,0,0,0
0,0,0,0
0,0,0,0
0,0,0,0
0,0,0,0
0,0,0,0
0,0,0,0
0,0,0,0
0,0,0,0
0,0,0,0
0,0,0,0
0,0,0,0
0,0,0,0
0,0,0,0
0,0,0,0
0,0,0,0
0,0,0,0
0,0,0,0
0,0,0,0
0,0,0,0
0,0,0,0
0,0,0,0
0,0,0,0
0,0,0,0
0,0,0,0
0,0,0,0
0,0,0,0
0,0,0,0
0,0,0,0
0,0,0,0
0,0,0,0
0,0,0,0
0,0,0,0
0,0,0,0
0,0,0,0
0,0,0,0
0,0,0,0
0,0,0,0
0,0,0,0
0,0,0,0
0,0,0,0
0,0,0,0
0,0,0,0
0,0,0,0
0,0,0,0
0,0,0,0
0,0,0,0
0,0,0,0
0,0,0,0
0,0,0,0
0,0,0,0
0,0,0,0
0,0,0,0
0,0,0,0
0,0,0,0
0,0,0,0
0,0,0,0
0,0,0,0
0,0,0,0
0,0,0,0
0,0,0,0
0,0,0,0
0,0,0,0
0,0,0,0
0,0,0,0
0,0,0,0
0,0,0,0
0,0,0,0
0,0,0,0
0,0,0,0
0,0,0,0
0,0,0,0
0,0,0,0
0,0,0,0
0,0,0,0
0,0,0,0
0,0,0,0
0,0,0,0
0,0,0,0
0,0,0,0
0,0,0,0
0,0,0,0
0,0,0,0
0,0,0,0
0,0,0,0
0,0,0,0
0,0,0,0
0,0,0,0
0,0,0,0
0,0,0,0
0,0,0,0
0,0,0,0
0,0,0,0
0,0,0,0
0,0,0,0
0,0,0,0
0,0,0,0
0,0,0,0
0,0,0,0
0,0,0,0
0,0,0,0
0,0,0,0
0,0,0,0
0,0,0,0
0,0,0,0
0,0,0,0
0,0,0,0
0,0,0,0
0,0,0,0
0,0,0,0
0,0,0,0
0,0,0,0
0,0,0,0
0,0,0,0
0,0,0,0
0,0,0,0
0,0,0,0
0,0,0,0
0,0,0,0
0,0,0,0
0,0,0,0
0,0,0,0
0,0,0,0
0,0,0,0
0,0,0,0
0,0,0,0
0,0,0,0
0,0,0,0
0,0,0,0
0,0,0,0
0,0,0,0
0,0,0,0
0,0,0,0
0,0,0,0
0,0,0,0
0,0,0,0
0,0,0,0
0,0,0,0
0,0,0,0
0,0,0,0
0,0,0,0
0,0,0,0
0,0,0,0
0,0,0,0
0,0,0,0
0,0,0,0
0,0,0,0
0,0,0,0
0,0,0,0
0,0,0,0
0,0,0,0
0,0,0,0
0,0,0,0
0,0,0,0
0,0,0,0
0,0,0,0
0,0,0,0
0,0,0,0
0,0,0,0
0,0,0,0
0,0,0,0
0,0,0,0
0,0,0,0
0,0,0,0
0,0,0,0
0,0,0,0
0,0,0,0
0,0,0,0
0,0,0,0
0,0,0,0
0,0,0,0
0,0,0,0
0,0,0,0
0,0,0,0
0,0,0,0
0,0,0,0
0,0,0,0
0,0,0,0
0,0,0,0
0,0,0,0
0,0,0,0
0,0,0,0
0,0,0,0
0,0,0,0
0,0,0,0
0,0,0,0
0,0,0,0
0,0,0,0
0,0,0,0
0,0,0,0
0,0,0,0
0,0,0,0
0,0,0,0
0,0,0,0
0,0,0,0
0,0,0,0
0,0,0,0
0,0,0,0
0,0,0,0
0,0,0,0
0,0,0,0
0,0,0,0
0,0,0,0
0,0,0,0
0,0,0,0
0,0,0,0
0,0,0,0
0,0,0,0
0,0,0,0
0,0,0,0
0,0,0,0
0,0,0,0
0,0,0,0
0,0,0,0
0,0,0,0
0,0,0,0
0,0,0,0
0,0,0,0
0,0,0,0
0,0,0,0
0,0,0,0
0,0,0,0
0,0,0,0
0,0,0,0
0,0,0,0
0,0,0,0
0,0,0,0
0,0,0,0
0,0,0,0
0,0,0,0
0,0,0,0
0,0,0,0
0,0,0,0
0,0,0,0
0,0,0,0
0,0,0,0
0,0,0,0
0,0,0,0
0,0,0,0
0,0,0,0
0,0,0,0
0,0,0,0
0,0,0,0
0,0,0,0
0,0,0,0
0,0,0,0
0,0,0,0
0,0,0,0
0,0,0,0
0,0,0,0
0,0,0,0
0,0,0,0
0,0,0,0
0,0,0,0
0,0,0,0
0,0,0,0
0,0,0,0
0,0,0,0
0,0,0,0
0,0,0,0
0,0,0,0
0,0,0,0
0,0,0,0
0,0,0,0
0,0,0,0
0,0,0,0
0,0,0,0
0,0,0,0
0,0,0,0
0,0,0,0
0,0,0,0
0,0,0,0
0,0,0,0
0,0,0,0
0,0,0,0
0,0,0,0
0,0,0,0
0,0,0,0
0,0,0,0
0,0,0,0
0,0,0,0
0,0,0,0
0,0,0,0
0,0,0,0
0,0,0,0
0,0,0,0
0,0,0,0
0,0,0,0
0,0,0,0
0,0,0,0
0,0,0,0
0,0,0,0
0,0,0,0
0,0,0,0
0,0,0,0
0,0,0,0
0,0,0,0
0,0,0,0
0,0,0,0
0,0,0,0
0,0,0,0
0,0,0,0
0,0,0,0
0,0,0,0
0,0,0,0
0,0,0,0
0,0,0,0
0,0,0,0
0,0,0,0
0,0,0,0
0,0,0,0
0,0,0,0
0,0,0,0
0,0,0,0
0,0,0,0
0,0,0,0
0,0,0,0
0,0,0,0
0,0,0,0
0,0,0,0
0,0,0,0
0,0,0,0
0,0,0,0
0,0,0,0
0,0,0,0
0,0,0,0
0,0,0,0
0,0,0,0
0,0,0,0
0,0,0,0
0,0,0,0
0,0,0,0
0,0,0,0
0,0,0,0
0,0,0,0
0,0,0,0
0,0,0,0
0,0,0,0
0,0,0,0
0,0,0,0
0,0,0,0
0,0,0,0
0,0,0,0
0,0,0,0
0,0,0,0
0,0,0,0
0,0,0,0
0,0,0,0
0,0,0,0
0,0,0,0
0,0,0,0
0,0,0,0
0,0,0,0
0,0,0,0
0,0,0,0
0,0,0,0
0,0,0,0
0,0,0,0
0,0,0,0
0,0,0,0
0,0,0,0
0,0,0,0
0,0,0,0
0,0,0,0
0,0,0,0
0,0,0,0
0,0,0,0
0,0,0,0
0,0,0,0
0,0,0,0
0,0,0,0
0,0,0,0
0,0,0,0
0,0,0,0
0,0,0,0
0,0,0,0
0,0,0,0
0,0,0,0
0,0,0,0
0,0,0,0
0,0,0,0
0,0,0,0
0,0,0,0
0,0,0,0
0,0,0,0
0,0,0,0
0,0,0,0
0,0,0,0
0,0,0,0
0,0,0,0
0,0,0,0
0,0,0,0
0,0,0,0
0,0,0,0
0,0,0,0
0,0,0,0
0,0,0,0
0,0,0,0
0,0,0,0
0,0,0,0
0,0,0,0
0,0,0,0
0,0,0,0
0,0,0,0
0,0,0,0
0,0,0,0
0,0,0,0
0,0,0,0
0,0,0,0
0,0,0,0
0,0,0,0
0,0,0,0
0,0,0,0
0,0,0,0
0,0,0,0
0,0,0,0
0,0,0,0
0,0,0,0
0,0,0,0
0,0,0,0
0,0,0,0
0,0,0,0
0,0,0,0
0,0,0,0
0,0,0,0
0,0,0,0
0,0,0,0
0,0,0,0
0,0,0,0
0,0,0,0
0,0,0,0
0,0,0,0
0,0,0,0
0,0,0,0
0,0,0,0
0,0,0,0
0,0,0,0
0,0,0,0
0,0,0,0
0,0,0,0
0,0,0,0
0,0,0,0
0,0,0,0
0,0,0,0
0,0,0,0
0,0,0,0
0,0,0,0
0,0,0,0
0,0,0,0
0,0,0,0
0,0,0,0
0,0,0,0
0,0,0,0
0,0,0,0
0,0,0,0
0,0,0,0
0,0,0,0
0,0,0,0
0,0,0,0
0,0,0,0
0,0,0,0
0,0,0,0
0,0,0,0
0,0,0,0
0,0,0,0
0,0,0,0
0,0,0,0
0,0,0,0
0,0,0,0
0,0,0,0
0,0,0,0
0,0,0,0
0,0,0,0
0,0,0,0
0,0,0,0
0,0,0,0
0,0,0,0
0,0,0,0
0,0,0,0
0,0,0,0
0,0,0,0
0,0,0,0
0,0,0,0
0,0,0,0
0,0,0,0
0,0,0,0
0,0,0,0
0,0,0,0
0,0,0,0
0,0,0,0
0,0,0,0
0,0,0,0
0,0,0,0
0,0,0,0
0,0,0,0
0,0,0,0
0,0,0,0
0,0,0,0
0,0,0,0
0,0,0,0
0,0,0,0
0,0,0,0
0,0,0,0
0,0,0,0
0,0,0,0
0,0,0,0
0,0,0,0
0,0,0,0
0,0,0,0
0,0,0,0
0,0,0,0
0,0,0,0
0,0,0,0
0,0,0,0
0,0,0,0
0,0,0,0
0,0,0,0
0,0,0,0
0,0,0,0
0,0,0,0
0,0,0,0
0,0,0,0
0,0,0,0
0,0,0,0
0,0,0,0
0,0,0,0
0,0,0,0
0,0,0,0
0,0,0,0
0,0,0,0
0,0,0,0
0,0,0,0
0,0,0,0
0,0,0,0
0,0,0,0
0,0,0,0
0,0,0,0
0,0,0,0
0,0,0,0
0,0,0,0
0,0,0,0
0,0,0,0
0,0,0,0
0,0,0,0
0,0,0,0
0,0,0,0
0,0,0,0
0,0,0,0
0,0,0,0
0,0,0,0
0,0,0,0
0,0,0,0
0,0,0,0
0,0,0,0
0,0,0,0
0,0,0,0
0,0,0,0
0,0,0,0
0,0,0,0
0,0,0,0
0,0,0,0
0,0,0,0
0,0,0,0
0,0,0,0
0,0,0,0
0,0,0,0
0,0,0,0
0,0,0,0
0,0,0,0
0,0,0,0
0,0,0,0
0,0,0,0
0,0,0,0
0,0,0,0
0,0,0,0
0,0,0,0
0,0,0,0
0,0,0,0
0,0,0,0
0,0,0,0
0,0,0,0
0,0,0,0
0,0,0,0
0,0,0,0
0,0,0,0
0,0,0,0
0,0,0,0
0,0,0,0
0,0,0,0
0,0,0,0
0,0,0,0
0,0,0,0
0,0,0,0
0,0,0,0
0,0,0,0
0,0,0,0
0,0,0,0
0,0,0,0
0,0,0,0
0,0,0,0
0,0,0,0
0,0,0,0
0,0,0,0
0,0,0,0
0,0,0,0
0,0,0,0
0,0,0,0
0,0,0,0
0,0,0,0
0,0,0,0
0,0,0,0
0,0,0,0
0,0,0,0
0,0,0,0
0,0,0,0
0,0,0,0
0,0,0,0
0,0,0,0
0,0,0,0
0,0,0,0
0,0,0,0
0,0,0,0
0,0,0,0
0,0,0,0
0,0,0,0
0,0,0,0
0,0,0,0
0,0,0,0
0,0,0,0
0,0,0,0
0,0,0,0
0,0,0,0
0,0,0,0
0,0,0,0
0,0,0,0
0,0,0,0
0,0,0,0
0,0,0,0
0,0,0,0
0,0,0,0
0,0,0,0
0,0,0,0
0,0,0,0
0,0,0,0
0,0,0,0
0,0,0,0
0,0,0,0
0,0,0,0
0,0,0,0
0,0,0,0
0,0,0,0
0,0,0,0
0,0,0,0
0,0,0,0
0,0,0,0
0,0,0,0
0,0,0,0
0,0,0,0
0,0,0,0
0,0,0,0
0,0,0,0
0,0,0,0
0,0,0,0
0,0,0,0
0,0,0,0
0,0,0,0
0,0,0,0
0,0,0,0
0,0,0,0
0,0,0,0
0,0,0,0
0,0,0,0
0,0,0,0
0,0,0,0
0,0,0,0
0,0,0,0
0,0,0,0
0,0,0,0
0,0,0,0
0,0,0,0
0,0,0,0
0,0,0,0
0,0,0,0
0,0,0,0
0,0,0,0
0,0,0,0
0,0,0,0
0,0,0,0
0,0,0,0
0,0,0,0
0,0,0,0
0,0,0,0
0,0,0,0
0,0,0,0
0,0,0,0
0,0,0,0
0,0,0,0
0,0,0,0
0,0,0,0
0,0,0,0
0,0,0,0
0,0,0,0
0,0,0,0
0,0,0,0
0,0,0,0
0,0,0,0
0,0,0,0
0,0,0,0
0,0,0,0
0,0,0,0
0,0,0,0
0,0,0,0
0,0,0,0
0,0,0,0
0,0,0,0
0,0,0,0
0,0,0,0
0,0,0,0
0,0,0,0
0,0,0,0
0,0,0,0
0,0,0,0
0,0,0,0
0,0,0,0
0,0,0,0
0,0,0,0
0,0,0,0
0,0,0,0
0,0,0,0
0,0,0,0
0,0,0,0
0,0,0,0
0,0,0,0
0,0,0,0
0,0,0,0
0,0,0,0
0,0,0,0
0,0,0,0
0,0,0,0
0,0,0,0
0,0,0,0
0,0,0,0
0,0,0,0
0,0,0,0
0,0,0,0
0,0,0,0
0,0,0,0
0,0,0,0
0,0,0,0
0,0,0,0
0,0,0,0
0,0,0,0
0,0,0,0
0,0,0,0
0,0,0,0
0,0,0,0
0,0,0,0
0,0,0,0
0,0,0,0
0,0,0,0
0,0,0,0
0,0,0,0
0,0,0,0
0,0,0,0
0,0,0,0
0,0,0,0
0,0,0,0
0,0,0,0
0,0,0,0
0,0,0,0
0,0,0,0
0,0,0,0
0,0,0,0
0,0,0,0
0,0,0,0
0,0,0,0
0,0,0,0
0,0,0,0
0,0,0,0
0,0,0,0
0,0,0,0
0,0,0,0
0,0,0,0
0,0,0,0
0,0,0,0
0,0,0,0
0,0,0,0
0,0,0,0
0,0,0,0
0,0,0,0
0,0,0,0
0,0,0,0
0,0,0,0
0,0,0,0
0,0,0,0
0,0,0,0
0,0,0,0
0,0,0,0
0,0,0,0
0,0,0,0
0,0,0,0
0,0,0,0
0,0,0,0
0,0,0,0
0,0,0,0
0,0,0,0
0,0,0,0
0,0,0,0
0,0,0,0
0,0,0,0
0,0,0,0
0,0,0,0
0,0,0,0
0,0,0,0
0,0,0,0
0,0,0,0
0,0,0,0
0,0,0,0
0,0,0,0
0,0,0,0
0,0,0,0
0,0,0,0
0,0,0,0
0,0,0,0
0,0,0,0
0,0,0,0
0,0,0,0
0,0,0,0
0,0,0,0
0,0,0,0
0,0,0,0
0,0,0,0
0,0,0,0
0,0,0,0
0,0,0,0
0,0,0,0
0,0,0,0
0,0,0,0
0,0,0,0
0,0,0,0
0,0,0,0
0,0,0,0
0,0,0,0
0,0,0,0
0,0,0,0
0,0,0,0
0,0,0,0
0,0,0,0
0,0,0,0
0,0,0,0
0,0,0,0
0,0,0,0
0,0,0,0
0,0,0,0
0,0,0,0
0,0,0,0
0,0,0,0
0,0,0,0
0,0,0,0
0,0,0,0
0,0,0,0
0,0,0,0
0,0,0,0
0,0,0,0
0,0,0,0
0,0,0,0
0,0,0,0
0,0,0,0
0,0,0,0
0,0,0,0
0,0,0,0
0,0,0,0
0,0,0,0
0,0,0,0
0,0,0,0
0,0,0,0
0,0,0,0
0,0,0,0
0,0,0,0
0,0,0,0
0,0,0,0
0,0,0,0
0,0,0,0
0,0,0,0
0,0,0,0
0,0,0,0
0,0,0,0
0,0,0,0
0,0,0,0
0,0,0,0
0,0,0,0
0,0,0,0
0,0,0,0
0,0,0,0
0,0,0,0
0,0,0,0
0,0,0,0
0,0,0,0
0,0,0,0
0,0,0,0
0,0,0,0
0,0,0,0
0,0,0,0
0,0,0,0
0,0,0,0
0,0,0,0
0,0,0,0
0,0,0,0
0,0,0,0
0,0,0,0
0,0,0,0
0,0,0,0
0,0,0,0
0,0,0,0
0,0,0,0
0,0,0,0
0,0,0,0
0,0,0,0
0,0,0,0
0,0,0,0
0,0,0,0
0,0,0,0
0,0,0,0
0,0,0,0
0,0,0,0
0,0,0,0
0,0,0,0
0,0,0,0
0,0,0,0
0,0,0,0
0,0,0,0
0,0,0,0
0,0,0,0
0,0,0,0
0,0,0,0
0,0,0,0
0,0,0,0
0,0,0,0
0,0,0,0
0,0,0,0
0,0,0,0
0,0,0,0
0,0,0,0
0,0,0,0
0,0,0,0
0,0,0,0
0,0,0,0
0,0,0,0
0,0,0,0
0,0,0,0
0,0,0,0
0,0,0,0
0,0,0,0
0,0,0,0
0,0,0,0
0,0,0,0
0,0,0,0
0,0,0,0
0,0,0,0
0,0,0,0
0,0,0,0
0,0,0,0
0,0,0,0
0,0,0,0
0,0,0,0
0,0,0,0
0,0,0,0
0,0,0,0
0,0,0,0
0,0,0,0
0,0,0,0
0,0,0,0
0,0,0,0
0,0,0,0
0,0,0,0
0,0,0,0
0,0,0,0
0,0,0,0
0,0,0,0
0,0,0,0
0,0,0,0
0,0,0,0
0,0,0,0
0,0,0,0
0,0,0,0
0,0,0,0
0,0,0,0
0,0,0,0
0,0,0,0
0,0,0,0
0,0,0,0
0,0,0,0
0,0,0,0
0,0,0,0
0,0,0,0
0,0,0,0
0,0,0,0
0,0,0,0
0,0,0,0
0,0,0,0
0,0,0,0
0,0,0,0
0,0,0,0
0,0,0,0
0,0,0,0
0,0,0,0
0,0,0,0
0,0,0,0
0,0,0,0
0,0,0,0
0,0,0,0
0,0,0,0
0,0,0,0
0,0,0,0
0,0,0,0
0,0,0,0
0,0,0,0
0,0,0,0
0,0,0,0
0,0,0,0
0,0,0,0
0,0,0,0
0,0,0,0
0,0,0,0
0,0,0,0
0,0,0,0
0,0,0,0
0,0,0,0
0,0,0,0
0,0,0,0
0,0,0,0
0,0,0,0
0,0,0,0
0,0,0,0
0,0,0,0
0,0,0,0
0,0,0,0
0,0,0,0
0,0,0,0
0,0,0,0
0,0,0,0
0,0,0,0
0,0,0,0
0,0,0,0
0,0,0,0
0,0,0,0
0,0,0,0
0,0,0,0
0,0,0,0
0,0,0,0
0,0,0,0
0,0,0,0
0,0,0,0
0,0,0,0
0,0,0,0
0,0,0,0
0,0,0,0
0,0,0,0
0,0,0,0
0,0,0,0
0,0,0,0
0,0,0,0
0,0,0,0
0,0,0,0
0,0,0,0
0,0,0,0
0,0,0,0
0,0,0,0
0,0,0,0
0,0,0,0
0,0,0,0
0,0,0,0
0,0,0,0
0,0,0,0
0,0,0,0
0,0,0,0
0,0,0,0
0,0,0,0
0,0,0,0
0,0,0,0
0,0,0,0
0,0,0,0
0,0,0,0
0,0,0,0
0,0,0,0
0,0,0,0
0,0,0,0
0,0,0,0
0,0,0,0
0,0,0,0
0,0,0,0
0,0,0,0
0,0,0,0
0,0,0,0
0,0,0,0
0,0,0,0
0,0,0,0
0,0,0,0
0,0,0,0
0,0,0,0
0,0,0,0
0,0,0,0
0,0,0,0
0,0,0,0
0,0,0,0
0,0,0,0
0,0,0,0
0,0,0,0
0,0,0,0
0,0,0,0
0,0,0,0
0,0,0,0
0,0,0,0
0,0,0,0
0,0,0,0
0,0,0,0
0,0,0,0
0,0,0,0
0,0,0,0
0,0,0,0
0,0,0,0
0,0,0,0
0,0,0,0
0,0,0,0
0,0,0,0
0,0,0,0
0,0,0,0
0,0,0,0
0,0,0,0
0,0,0,0
0,0,0,0
0,0,0,0
0,0,0,0
0,0,0,0
0,0,0,0
0,0,0,0
0,0,0,0
0,0,0,0
0,0,0,0
0,0,0,0
0,0,0,0
0,0,0,0
0,0,0,0
0,0,0,0
0,0,0,0
0,0,0,0
0,0,0,0
0,0,0,0
0,0,0,0
0,0,0,0
0,0,0,0
0,0,0,0
0,0,0,0
0,0,0,0
0,0,0,0
0,0,0,0
0,0,0,0
0,0,0,0
0,0,0,0
0,0,0,0
0,0,0,0
0,0,0,0
0,0,0,0
0,0,0,0
0,0,0,0
0,0,0,0
0,0,0,0
0,0,0,0
0,0,0,0
0,0,0,0
0,0,0,0
0,0,0,0
0,0,0,0
0,0,0,0
0,0,0,0
0,0,0,0
0,0,0,0
0,0,0,0
0,0,0,0
0,0,0,0
0,0,0,0
0,0,0,0
0,0,0,0
0,0,0,0
0,0,0,0
0,0,0,0
0,0,0,0
0,0,0,0
0,0,0,0
0,0,0,0
0,0,0,0
0,0,0,0
0,0,0,0
0,0,0,0
0,0,0,0
0,0,0,0
0,0,0,0
0,0,0,0
0,0,0,0
0,0,0,0
0,0,0,0
0,0,0,0
0,0,0,0
0,0,0,0
0,0,0,0
0,0,0,0
0,0,0,0
0,0,0,0
0,0,0,0
0,0,0,0
0,0,0,0
0,0,0,0
0,0,0,0
0,0,0,0
0,0,0,0
0,0,0,0
0,0,0,0
0,0,0,0
0,0,0,0
0,0,0,0
0,0,0,0
0,0,0,0
0,0,0,0
0,0,0,0
0,0,0,0
0,0,0,0
0,0,0,0
0,0,0,0
0,0,0,0
0,0,0,0
0,0,0,0
0,0,0,0
0,0,0,0
0,0,0,0
0,0,0,0
0,0,0,0
0,0,0,0
0,0,0,0
0,0,0,0
0,0,0,0
0,0,0,0
0,0,0,0
0,0,0,0
0,0,0,0
0,0,0,0
0,0,0,0
0,0,0,0
0,0,0,0
0,0,0,0
0,0,0,0
0,0,0,0
0,0,0,0
0,0,0,0
0,0,0,0
0,0,0,0
0,0,0,0
0,0,0,0
0,0,0,0
0,0,0,0
0,0,0,0
0,0,0,0
0,0,0,0
0,0,0,0
0,0,0,0
0,0,0,0
0,0,0,0
0,0,0,0
0,0,0,0
0,0,0,0
0,0,0,0
0,0,0,0
0,0,0,0
0,0,0,0
0,0,0,0
0,0,0,0
0,0,0,0
0,0,0,0
0,0,0,0
0,0,0,0
0,0,0,0
0,0,0,0
0,0,0,0
0,0,0,0
0,0,0,0
0,0,0,0
0,0,0,0
0,0,0,0
0,0,0,0
0,0,0,0
0,0,0,0
0,0,0,0
0,0,0,0
0,0,0,0
0,0,0,0
0,0,0,0
0,0,0,0
0,0,0,0
0,0,0,0
0,0,0,0
0,0,0,0
0,0,0,0
0,0,0,0
0,0,0,0
0,0,0,0
0,0,0,0
0,0,0,0
0,0,0,0
0,0,0,0
0,0,0,0
0,0,0,0
0,0,0,0
0,0,0,0
0,0,0,0
0,0,0,0
0,0,0,0
0,0,0,0
0,0,0,0
0,0,0,0
0,0,0,0
0,0,0,0
0,0,0,0
0,0,0,0
0,0,0,0
0,0,0,0
0,0,0,0
0,0,0,0
0,0,0,0
0,0,0,0
0,0,0,0
0,0,0,0
0,0,0,0
0,0,0,0
0,0,0,0
0,0,0,0
0,0,0,0
0,0,0,0
0,0,0,0
0,0,0,0
0,0,0,0
0,0,0,0
0,0,0,0
0,0,0,0
0,0,0,0
0,0,0,0
0,0,0,0
0,0,0,0
0,0,0,0
0,0,0,0
0,0,0,0
0,0,0,0
0,0,0,0
0,0,0,0
0,0,0,0
0,0,0,0
0,0,0,0
0,0,0,0
0,0,0,0
0,0,0,0
0,0,0,0
0,0,0,0
0,0,0,0
0,0,0,0
0,0,0,0
0,0,0,0
0,0,0,0
0,0,0,0
0,0,0,0
0,0,0,0
0,0,0,0
0,0,0,0
0,0,0,0
0,0,0,0
0,0,0,0
0,0,0,0
0,0,0,0
0,0,0,0
0,0,0,0
0,0,0,0
0,0,0,0
0,0,0,0
0,0,0,0
0,0,0,0
0,0,0,0
0,0,0,0
0,0,0,0
0,0,0,0
0,0,0,0
0,0,0,0
0,0,0,0
0,0,0,0
0,0,0,0
0,0,0,0
0,0,0,0
0,0,0,0
0,0,0,0
0,0,0,0
0,0,0,0
0,0,0,0
0,0,0,0
0,0,0,0
0,0,0,0
0,0,0,0
0,0,0,0
0,0,0,0
0,0,0,0
0,0,0,0
0,0,0,0
0,0,0,0
0,0,0,0
0,0,0,0
0,0,0,0
0,0,0,0
0,0,0,0
0,0,0,0
0,0,0,0
0,0,0,0
0,0,0,0
0,0,0,0
0,0,0,0
0,0,0,0
0,0,0,0
0,0,0,0
0,0,0,0
0,0,0,0
0,0,0,0
0,0,0,0
0,0,0,0
0,0,0,0
0,0,0,0
0,0,0,0
0,0,0,0
0,0,0,0
0,0,0,0
0,0,0,0
0,0,0,0
0,0,0,0
0,0,0,0
0,0,0,0
0,0,0,0
0,0,0,0
0,0,0,0
0,0,0,0
0,0,0,0
0,0,0,0
0,0,0,0
0,0,0,0
0,0,0,0
0,0,0,0
0,0,0,0
0,0,0,0
0,0,0,0
0,0,0,0
0,0,0,0
0,0,0,0
0,0,0,0
0,0,0,0
0,0,0,0
0,0,0,0
0,0,0,0
0,0,0,0
0,0,0,0
0,0,0,0
0,0,0,0
0,0,0,0
0,0,0,0
0,0,0,0
0,0,0,0
0,0,0,0
0,0,0,0
0,0,0,0
0,0,0,0
0,0,0,0
0,0,0,0
0,0,0,0
0,0,0,0
0,0,0,0
0,0,0,0
0,0,0,0
0,0,0,0
0,0,0,0
0,0,0,0
0,0,0,0
0,0,0,0
0,0,0,0
0,0,0,0
0,0,0,0
0,0,0,0
0,0,0,0
0,0,0,0
0,0,0,0
0,0,0,0
0,0,0,0
0,0,0,0
0,0,0,0
0,0,0,0
0,0,0,0
0,0,0,0
0,0,0,0
0,0,0,0
0,0,0,0
0,0,0,0
0,0,0,0
0,0,0,0
0,0,0,0
0,0,0,0
0,0,0,0
0,0,0,0
0,0,0,0
0,0,0,0
0,0,0,0
0,0,0,0
0,0,0,0
0,0,0,0
0,0,0,0
0,0,0,0
0,0,0,0
0,0,0,0
0,0,0,0
0,0,0,0
0,0,0,0
0,0,0,0
0,0,0,0
0,0,0,0
0,0,0,0
0,0,0,0
0,0,0,0
0,0,0,0
0,0,0,0
0,0,0,0
0,0,0,0
0,0,0,0
0,0,0,0
0,0,0,0
0,0,0,0
0,0,0,0
0,0,0,0
0,0,0,0
0,0,0,0
0,0,0,0
0,0,0,0
0,0,0,0
0,0,0,0
0,0,0,0
0,0,0,0
0,0,0,0
0,0,0,0
0,0,0,0
0,0,0,0
0,0,0,0
0,0,0,0
0,0,0,0
0,0,0,0
0,0,0,0
0,0,0,0
0,0,0,0
0,0,0,0
0,0,0,0
0,0,0,0
0,0,0,0
0,0,0,0
0,0,0,0
0,0,0,0
0,0,0,0
0,0,0,0
0,0,0,0
0,0,0,0
0,0,0,0
0,0,0,0
0,0,0,0
0,0,0,0
0,0,0,0
0,0,0,0
0,0,0,0
0,0,0,0
0,0,0,0
0,0,0,0
0,0,0,0
0,0,0,0
0,0,0,0
0,0,0,0
0,0,0,0
0,0,0,0
0,0,0,0
0,0,0,0
0,0,0,0
0,0,0,0
0,0,0,0
0,0,0,0
0,0,0,0
0,0,0,0
0,0,0,0
0,0,0,0
0,0,0,0
0,0,0,0
0,0,0,0
0,0,0,0
0,0,0,0
0,0,0,0
0,0,0,0
0,0,0,0
0,0,0,0
0,0,0,0
0,0,0,0
0,0,0,0
0,0,0,0
0,0,0,0
0,0,0,0
0,0,0,0
0,0,0,0
0,0,0,0
0,0,0,0
0,0,0,0
0,0,0,0
0,0,0,0
0,0,0,0
0,0,0,0
0,0,0,0
0,0,0,0
0,0,0,0
0,0,0,0
0,0,0,0
0,0,0,0
0,0,0,0
0,0,0,0
0,0,0,0
0,0,0,0
0,0,0,0
0,0,0,0
0,0,0,0
0,0,0,0
0,0,0,0
0,0,0,0
0,0,0,0
0,0,0,0
0,0,0,0
0,0,0,0
0,0,0,0
0,0,0,0
0,0,0,0
0,0,0,0
0,0,0,0
0,0,0,0
0,0,0,0
0,0,0,0
0,0,0,0
0,0,0,0
0,0,0,0
0,0,0,0
0,0,0,0
0,0,0,0
0,0,0,0
0,0,0,0
0,0,0,0
0,0,0,0
0,0,0,0
0,0,0,0
0,0,0,0
0,0,0,0
0,0,0,0
0,0,0,0
0,0,0,0
0,0,0,0
0,0,0,0
0,0,0,0
0,0,0,0
0,0,0,0
0,0,0,0
0,0,0,0
0,0,0,0
0,0,0,0
0,0,0,0
0,0,0,0
0,0,0,0
0,0,0,0
0,0,0,0
0,0,0,0
0,0,0,0
0,0,0,0
0,0,0,0
0,0,0,0
0,0,0,0
0,0,0,0
0,0,0,0
0,0,0,0
0,0,0,0
0,0,0,0
0,0,0,0
0,0,0,0
0,0,0,0
0,0,0,0
0,0,0,0
0,0,0,0
0,0,0,0
0,0,0,0
0,0,0,0
0,0,0,0
0,0,0,0
0,0,0,0
0,0,0,0
0,0,0,0
0,0,0,0
0,0,0,0
0,0,0,0
0,0,0,0
0,0,0,0
0,0,0,0
0,0,0,0
0,0,0,0
0,0,0,0
0,0,0,0
0,0,0,0
0,0,0,0
0,0,0,0
0,0,0,0
0,0,0,0
0,0,0,0
0,0,0,0
0,0,0,0
0,0,0,0
0,0,0,0
0,0,0,0
0,0,0,0
0,0,0,0
0,0,0,0
0,0,0,0
0,0,0,0
0,0,0,0
0,0,0,0
0,0,0,0
0,0,0,0
0,0,0,0
0,0,0,0
0,0,0,0
0,0,0,0
0,0,0,0
0,0,0,0
0,0,0,0
0,0,0,0
0,0,0,0
0,0,0,0
0,0,0,0
0,0,0,0
0,0,0,0
0,0,0,0
0,0,0,0
0,0,0,0
0,0,0,0
0,0,0,0
0,0,0,0
0,0,0,0
0,0,0,0
0,0,0,0
0,0,0,0
0,0,0,0
0,0,0,0
0,0,0,0
0,0,0,0
0,0,0,0
0,0,0,0
0,0,0,0
0,0,0,0
0,0,0,0
0,0,0,0
0,0,0,0
0,0,0,0
0,0,0,0
0,0,0,0
0,0,0,0
0,0,0,0
0,0,0,0
0,0,0,0
0,0,0,0
0,0,0,0
0,0,0,0
0,0,0,0
0,0,0,0
0,0,0,0
0,0,0,0
0,0,0,0
0,0,0,0
0,0,0,0
0,0,0,0
0,0,0,0
0,0,0,0
0,0,0,0
0,0,0,0
0,0,0,0
0,0,0,0
0,0,0,0
0,0,0,0
0,0,0,0
0,0,0,0
0,0,0,0
0,0,0,0
0,0,0,0
0,0,0,0
0,0,0,0
0,0,0,0
0,0,0,0
0,0,0,0
0,0,0,0
0,0,0,0
0,0,0,0
0,0,0,0
0,0,0,0
0,0,0,0
0,0,0,0
0,0,0,0
0,0,0,0
0,0,0,0
0,0,0,0
0,0,0,0
0,0,0,0
0,0,0,0
0,0,0,0
0,0,0,0
0,0,0,0
0,0,0,0
0,0,0,0
0,0,0,0
0,0,0,0
0,0,0,0
0,0,0,0
0,0,0,0
0,0,0,0
0,0,0,0
0,0,0,0
0,0,0,0
0,0,0,0
0,0,0,0
0,0,0,0
0,0,0,0
0,0,0,0
0,0,0,0
0,0,0,0
0,0,0,0
0,0,0,0
0,0,0,0
0,0,0,0
0,0,0,0
0,0,0,0
0,0,0,0
0,0,0,0
0,0,0,0
0,0,0,0
0,0,0,0
0,0,0,0
0,0,0,0
0,0,0,0
0,0,0,0
0,0,0,0
0,0,0,0
0,0,0,0
0,0,0,0
0,0,0,0
0,0,0,0
0,0,0,0
0,0,0,0
0,0,0,0
0,0,0,0
0,0,0,0
0,0,0,0
0,0,0,0
0,0,0,0
0,0,0,0
0,0,0,0
0,0,0,0
0,0,0,0
0,0,0,0
0,0,0,0
0,0,0,0
0,0,0,0
0,0,0,0
0,0,0,0
0,0,0,0
0,0,0,0
0,0,0,0
0,0,0,0
0,0,0,0
0,0,0,0
0,0,0,0
0,0,0,0
0,0,0,0
0,0,0,0
0,0,0,0
0,0,0,0
0,0,0,0
0,0,0,0
0,0,0,0
0,0,0,0
0,0,0,0
0,0,0,0
0,0,0,0
0,0,0,0
0,0,0,0
0,0,0,0
0,0,0,0
0,0,0,0
0,0,0,0
0,0,0,0
0,0,0,0
0,0,0,0
0,0,0,0
0,0,0,0
0,0,0,0
0,0,0,0
0,0,0,0
0,0,0,0
0,0,0,0
0,0,0,0
0,0,0,0
0,0,0,0
0,0,0,0
0,0,0,0
0,0,0,0
0,0,0,0
0,0,0,0
0,0,0,0
0,0,0,0
0,0,0,0
0,0,0,0
0,0,0,0
0,0,0,0
0,0,0,0
0,0,0,0
0,0,0,0
0,0,0,0
0,0,0,0
0,0,0,0
0,0,0,0
0,0,0,0
0,0,0,0
0,0,0,0
0,0,0,0
0,0,0,0
0,0,0,0
0,0,0,0
0,0,0,0
0,0,0,0
0,0,0,0
0,0,0,0
0,0,0,0
0,0,0,0
0,0,0,0
0,0,0,0
0,0,0,0
0,0,0,0
0,0,0,0
0,0,0,0
0,0,0,0
0,0,0,0
0,0,0,0
0,0,0,0
0,0,0,0
0,0,0,0
0,0,0,0
0,0,0,0
0,0,0,0
0,0,0,0
0,0,0,0
0,0,0,0
0,0,0,0
0,0,0,0
0,0,0,0
0,0,0,0
0,0,0,0
0,0,0,0
0,0,0,0
0,0,0,0
0,0,0,0
0,0,0,0
0,0,0,0
0,0,0,0
0,0,0,0
0,0,0,0
0,0,0,0
0,0,0,0
0,0,0,0
0,0,0,0
0,0,0,0
0,0,0,0
0,0,0,0
0,0,0,0
0,0,0,0
0,0,0,0
0,0,0,0
0,0,0,0
0,0,0,0
0,0,0,0
0,0,0,0
0,0,0,0
0,0,0,0
0,0,0,0
0,0,0,0
0,0,0,0
0,0,0,0
0,0,0,0
0,0,0,0
0,0,0,0
0,0,0,0
0,0,0,0
0,0,0,0
0,0,0,0
0,0,0,0
0,0,0,0
0,0,0,0
0,0,0,0
0,0,0,0
0,0,0,0
0,0,0,0
0,0,0,0
0,0,0,0
0,0,0,0
0,0,0,0
0,0,0,0
0,0,0,0
0,0,0,0
0,0,0,0
0,0,0,0
0,0,0,0
0,0,0,0
0,0,0,0
0,0,0,0
0,0,0,0
0,0,0,0
0,0,0,0
0,0,0,0
0,0,0,0
0,0,0,0
0,0,0,0
0,0,0,0
0,0,0,0
0,0,0,0
0,0,0,0
0,0,0,0
0,0,0,0
0,0,0,0
0,0,0,0
0,0,0,0
0,0,0,0
0,0,0,0
0,0,0,0
0,0,0,0
0,0,0,0
0,0,0,0
0,0,0,0
0,0,0,0
0,0,0,0
0,0,0,0
0,0,0,0
0,0,0,0
0,0,0,0
0,0,0,0
0,0,0,0
0,0,0,0
0,0,0,0
0,0,0,0
0,0,0,0
0,0,0,0
0,0,0,0
0,0,0,0
0,0,0,0
0,0,0,0
0,0,0,0
0,0,0,0
0,0,0,0
0,0,0,0
0,0,0,0
0,0,0,0
0,0,0,0
0,0,0,0
0,0,0,0
0,0,0,0
0,0,0,0
0,0,0,0
0,0,0,0
0,0,0,0
0,0,0,0
0,0,0,0
0,0,0,0
0,0,0,0
0,0,0,0
0,0,0,0
0,0,0,0
0,0,0,0
0,0,0,0
0,0,0,0
0,0,0,0
0,0,0,0
0,0,0,0
0,0,0,0
0,0,0,0
0,0,0,0
0,0,0,0
0,0,0,0
0,0,0,0
0,0,0,0
0,0,0,0
0,0,0,0
0,0,0,0
0,0,0,0
0,0,0,0
0,0,0,0
0,0,0,0
0,0,0,0
0,0,0,0
0,0,0,0
0,0,0,0
0,0,0,0
0,0,0,0
0,0,0,0
0,0,0,0
0,0,0,0
0,0,0,0
0,0,0,0
0,0,0,0
0,0,0,0
0,0,0,0
0,0,0,0
0,0,0,0
0,0,0,0
0,0,0,0
0,0,0,0
0,0,0,0
0,0,0,0
0,0,0,0
0,0,0,0
0,0,0,0
0,0,0,0
0,0,0,0
0,0,0,0
0,0,0,0
0,0,0,0
0,0,0,0
0,0,0,0
0,0,0,0
0,0,0,0
0,0,0,0
0,0,0,0
0,0,0,0
0,0,0,0
0,0,0,0
0,0,0,0
0,0,0,0
0,0,0,0
0,0,0,0
0,0,0,0
0,0,0,0
0,0,0,0
0,0,0,0
0,0,0,0
0,0,0,0
0,0,0,0
0,0,0,0
0,0,0,0
0,0,0,0
0,0,0,0
0,0,0,0
0,0,0,0
0,0,0,0
0,0,0,0
0,0,0,0
0,0,0,0
0,0,0,0
0,0,0,0
0,0,0,0
0,0,0,0
0,0,0,0
0,0,0,0
0,0,0,0
0,0,0,0
0,0,0,0
0,0,0,0
0,0,0,0
0,0,0,0
0,0,0,0
0,0,0,0
0,0,0,0
0,0,0,0
0,0,0,0
0,0,0,0
0,0,0,0
0,0,0,0
0,0,0,0
0,0,0,0
0,0,0,0
0,0,0,0
0,0,0,0
0,0,0,0
0,0,0,0
0,0,0,0
0,0,0,0
0,0,0,0
0,0,0,0
0,0,0,0
0,0,0,0
0,0,0,0
0,0,0,0
0,0,0,0
0,0,0,0
0,0,0,0
0,0,0,0
0,0,0,0
0,0,0,0
0,0,0,0
0,0,0,0
0,0,0,0
0,0,0,0
0,0,0,0
0,0,0,0
0,0,0,0
0,0,0,0
0,0,0,0
0,0,0,0
0,0,0,0
0,0,0,0
0,0,0,0
0,0,0,0
0,0,0,0
0,0,0,0
0,0,0,0
0,0,0,0
0,0,0,0
0,0,0,0
0,0,0,0
0,0,0,0
0,0,0,0
0,0,0,0
0,0,0,0
0,0,0,0
0,0,0,0
0,0,0,0
0,0,0,0
0,0,0,0
0,0,0,0
0,0,0,0
0,0,0,0
0,0,0,0
0,0,0,0
0,0,0,0
0,0,0,0
0,0,0,0
0,0,0,0
0,0,0,0
0,0,0,0
0,0,0,0
0,0,0,0
0,0,0,0
0,0,0,0
0,0,0,0
0,0,0,0
0,0,0,0
0,0,0,0
0,0,0,0
0,0,0,0
0,0,0,0
0,0,0,0
0,0,0,0
0,0,0,0
0,0,0,0
0,0,0,0
0,0,0,0
0,0,0,0
0,0,0,0
0,0,0,0
0,0,0,0
0,0,0,0
0,0,0,0
0,0,0,0
0,0,0,0
0,0,0,0
0,0,0,0
0,0,0,0
0,0,0,0
0,0,0,0
0,0,0,0
0,0,0,0
0,0,0,0
0,0,0,0
0,0,0,0
0,0,0,0
0,0,0,0
0,0,0,0
0,0,0,0
0,0,0,0
0,0,0,0
0,0,0,0
0,0,0,0
0,0,0,0
0,0,0,0
0,0,0,0
0,0,0,0
0,0,0,0
0,0,0,0
0,0,0,0
0,0,0,0
0,0,0,0
0,0,0,0
0,0,0,0
0,0,0,0
0,0,0,0
0,0,0,0
0,0,0,0
0,0,0,0
0,0,0,0
0,0,0,0
0,0,0,0
0,0,0,0
0,0,0,0
0,0,0,0
0,0,0,0
0,0,0,0
0,0,0,0
0,0,0,0
0,0,0,0
0,0,0,0
0,0,0,0
0,0,0,0
0,0,0,0
0,0,0,0
0,0,0,0
0,0,0,0
0,0,0,0
0,0,0,0
0,0,0,0
0,0,0,0
0,0,0,0
0,0,0,0
0,0,0,0
0,0,0,0
0,0,0,0
0,0,0,0
0,0,0,0
0,0,0,0
0,0,0,0
0,0,0,0
0,0,0,0
0,0,0,0
0,0,0,0
0,0,0,0
0,0,0,0
0,0,0,0
0,0,0,0
0,0,0,0
0,0,0,0
0,0,0,0
0,0,0,0
0,0,0,0
0,0,0,0
0,0,0,0
0,0,0,0
0,0,0,0
0,0,0,0
0,0,0,0
0,0,0,0
0,0,0,0
0,0,0,0
0,0,0,0
0,0,0,0
0,0,0,0
0,0,0,0
0,0,0,0
0,0,0,0
0,0,0,0
0,0,0,0
0,0,0,0
0,0,0,0
0,0,0,0
0,0,0,0
0,0,0,0
0,0,0,0
0,0,0,0
0,0,0,0
0,0,0,0
0,0,0,0
0,0,0,0
0,0,0,0
0,0,0,0
0,0,0,0
0,0,0,0
0,0,0,0
0,0,0,0
0,0,0,0
0,0,0,0
0,0,0,0
0,0,0,0
0,0,0,0
0,0,0,0
0,0,0,0
0,0,0,0
0,0,0,0
0,0,0,0
0,0,0,0
0,0,0,0
0,0,0,0
0,0,0,0
0,0,0,0
0,0,0,0
0,0,0,0
0,0,0,0
0,0,0,0
0,0,0,0
0,0,0,0
0,0,0,0
0,0,0,0
0,0,0,0
0,0,0,0
0,0,0,0
0,0,0,0
0,0,0,0
0,0,0,0
0,0,0,0
0,0,0,0
0,0,0,0
0,0,0,0
0,0,0,0
0,0,0,0
0,0,0,0
0,0,0,0
0,0,0,0
0,0,0,0
0,0,0,0
0,0,0,0
0,0,0,0
0,0,0,0
0,0,0,0
0,0,0,0
0,0,0,0
0,0,0,0
0,0,0,0
0,0,0,0
0,0,0,0
0,0,0,0
0,0,0,0
0,0,0,0
0,0,0,0
0,0,0,0
0,0,0,0
0,0,0,0
0,0,0,0
0,0,0,0
0,0,0,0
0,0,0,0
0,0,0,0
0,0,0,0
0,0,0,0
0,0,0,0
0,0,0,0
0,0,0,0
0,0,0,0
0,0,0,0
0,0,0,0
0,0,0,0
0,0,0,0
0,0,0,0
0,0,0,0
0,0,0,0
0,0,0,0
0,0,0,0
0,0,0,0
0,0,0,0
0,0,0,0
0,0,0,0
0,0,0,0
0,0,0,0
0,0,0,0
0,0,0,0
0,0,0,0
0,0,0,0
0,0,0,0
0,0,0,0
0,0,0,0
0,0,0,0
0,0,0,0
0,0,0,0
0,0,0,0
0,0,0,0
0,0,0,0
0,0,0,0
0,0,0,0
0,0,0,0
0,0,0,0
0,0,0,0
0,0,0,0
0,0,0,0
0,0,0,0
0,0,0,0
0,0,0,0
0,0,0,0
0,0,0,0
0,0,0,0
0,0,0,0
0,0,0,0
0,0,0,0
0,0,0,0
0,0,0,0
0,0,0,0
0,0,0,0
0,0,0,0
0,0,0,0
0,0,0,0
0,0,0,0
0,0,0,0
0,0,0,0
0,0,0,0
0,0,0,0
0,0,0,0
0,0,0,0
0,0,0,0
0,0,0,0
0,0,0,0
0,0,0,0
0,0,0,0
0,0,0,0
0,0,0,0
0,0,0,0
0,0,0,0
0,0,0,0
0,0,0,0
0,0,0,0
0,0,0,0
0,0,0,0
0,0,0,0
0,0,0,0
0,0,0,0
0,0,0,0
0,0,0,0
0,0,0,0
0,0,0,0
0,0,0,0
0,0,0,0
0,0,0,0
0,0,0,0
0,0,0,0
0,0,0,0
0,0,0,0
0,0,0,0
0,0,0,0
0,0,0,0
0,0,0,0
0,0,0,0
0,0,0,0
0,0,0,0
0,0,0,0
0,0,0,0
0,0,0,0
0,0,0,0
0,0,0,0
0,0,0,0
0,0,0,0
0,0,0,0
0,0,0,0
0,0,0,0
0,0,0,0
0,0,0,0
0,0,0,0
0,0,0,0
0,0,0,0
0,0,0,0
0,0,0,0
0,0,0,0
0,0,0,0
0,0,0,0
0,0,0,0
0,0,0,0
0,0,0,0
0,0,0,0
0,0,0,0
0,0,0,0
0,0,0,0
0,0,0,0
0,0,0,0
0,0,0,0
0,0,0,0
0,0,0,0
0,0,0,0
0,0,0,0
0,0,0,0
0,0,0,0
0,0,0,0
0,0,0,0
0,0,0,0
0,0,0,0
0,0,0,0
0,0,0,0
0,0,0,0
0,0,0,0
0,0,0,0
0,0,0,0
0,0,0,0
0,0,0,0
0,0,0,0
0,0,0,0
0,0,0,0
0,0,0,0
0,0,0,0
0,0,0,0
0,0,0,0
0,0,0,0
0,0,0,0
0,0,0,0
0,0,0,0
0,0,0,0
0,0,0,0
0,0,0,0
0,0,0,0
0,0,0,0
0,0,0,0
0,0,0,0
0,0,0,0
0,0,0,0
0,0,0,0
0,0,0,0
0,0,0,0
0,0,0,0
0,0,0,0
0,0,0,0
0,0,0,0
0,0,0,0
0,0,0,0
0,0,0,0
0,0,0,0
0,0,0,0
0,0,0,0
0,0,0,0
0,0,0,0
0,0,0,0
0,0,0,0
0,0,0,0
0,0,0,0
0,0,0,0
0,0,0,0
0,0,0,0
0,0,0,0
0,0,0,0
0,0,0,0
0,0,0,0
0,0,0,0
0,0,0,0
0,0,0,0
0,0,0,0
0,0,0,0
0,0,0,0
0,0,0,0
0,0,0,0
0,0,0,0
0,0,0,0
0,0,0,0
0,0,0,0
0,0,0,0
0,0,0,0
0,0,0,0
0,0,0,0
0,0,0,0
0,0,0,0
0,0,0,0
0,0,0,0
0,0,0,0
0,0,0,0
0,0,0,0
0,0,0,0
0,0,0,0
0,0,0,0
0,0,0,0
0,0,0,0
0,0,0,0
0,0,0,0
0,0,0,0
0,0,0,0
0,0,0,0
0,0,0,0
0,0,0,0
0,0,0,0
0,0,0,0
0,0,0,0
0,0,0,0
0,0,0,0
0,0,0,0
0,0,0,0
0,0,0,0
0,0,0,0
0,0,0,0
0,0,0,0
0,0,0,0
0,0,0,0
0,0,0,0
0,0,0,0
0,0,0,0
0,0,0,0
0,0,0,0
0,0,0,0
0,0,0,0
0,0,0,0
0,0,0,0
0,0,0,0
0,0,0,0
0,0,0,0
0,0,0,0
0,0,0,0
0,0,0,0
0,0,0,0
0,0,0,0
0,0,0,0
0,0,0,0
0,0,0,0
0,0,0,0
0,0,0,0
0,0,0,0
0,0,0,0
0,0,0,0
0,0,0,0
0,0,0,0
0,0,0,0
0,0,0,0
0,0,0,0
0,0,0,0
0,0,0,0
0,0,0,0
0,0,0,0
0,0,0,0
0,0,0,0
0,0,0,0
0,0,0,0
0,0,0,0
0,0,0,0
0,0,0,0
0,0,0,0
0,0,0,0
0,0,0,0
0,0,0,0
0,0,0,0
0,0,0,0
0,0,0,0
0,0,0,0
0,0,0,0
0,0,0,0
0,0,0,0
0,0,0,0
0,0,0,0
0,0,0,0
0,0,0,0
0,0,0,0
0,0,0,0
0,0,0,0
0,0,0,0
0,0,0,0
0,0,0,0
0,0,0,0
0,0,0,0
0,0,0,0
0,0,0,0
0,0,0,0
0,0,0,0
0,0,0,0
0,0,0,0
0,0,0,0
0,0,0,0
0,0,0,0
0,0,0,0
0,0,0,0
0,0,0,0
0,0,0,0
0,0,0,0
0,0,0,0
0,0,0,0
0,0,0,0
0,0,0,0
0,0,0,0
0,0,0,0
0,0,0,0
0,0,0,0
0,0,0,0
0,0,0,0
0,0,0,0
0,0,0,0
0,0,0,0
0,0,0,0
0,0,0,0
0,0,0,0
0,0,0,0
0,0,0,0
0,0,0,0
0,0,0,0
0,0,0,0
0,0,0,0
0,0,0,0
0,0,0,0
0,0,0,0
0,0,0,0
0,0,0,0
0,0,0,0
0,0,0,0
0,0,0,0
0,0,0,0
0,0,0,0
0,0,0,0
0,0,0,0
0,0,0,0
0,0,0,0
0,0,0,0
0,0,0,0
0,0,0,0
0,0,0,0
0,0,0,0
0,0,0,0
0,0,0,0
0,0,0,0
0,0,0,0
0,0,0,0
0,0,0,0
0,0,0,0
0,0,0,0
0,0,0,0
0,0,0,0
0,0,0,0
0,0,0,0
0,0,0,0
0,0,0,0
0,0,0,0
0,0,0,0
0,0,0,0
0,0,0,0
0,0,0,0
0,0,0,0
0,0,0,0
0,0,0,0
0,0,0,0
0,0,0,0
0,0,0,0
0,0,0,0
0,0,0,0
0,0,0,0
0,0,0,0
0,0,0,0
0,0,0,0
0,0,0,0
0,0,0,0
0,0,0,0
0,0,0,0
0,0,0,0
0,0,0,0
0,0,0,0
0,0,0,0
0,0,0,0
0,0,0,0
0,0,0,0
0,0,0,0
0,0,0,0
0,0,0,0
0,0,0,0
0,0,0,0
0,0,0,0
0,0,0,0
0,0,0,0
0,0,0,0
0,0,0,0
0,0,0,0
0,0,0,0
0,0,0,0
0,0,0,0
0,0,0,0
0,0,0,0
0,0,0,0
0,0,0,0
0,0,0,0
0,0,0,0
0,0,0,0
0,0,0,0
0,0,0,0
0,0,0,0
0,0,0,0
0,0,0,0
0,0,0,0
0,0,0,0
0,0,0,0
0,0,0,0
0,0,0,0
0,0,0,0
0,0,0,0
0,0,0,0
0,0,0,0
0,0,0,0
0,0,0,0
0,0,0,0
0,0,0,0
0,0,0,0
0,0,0,0
0,0,0,0
0,0,0,0
0,0,0,0
0,0,0,0
0,0,0,0
0,0,0,0
0,0,0,0
0,0,0,0
0,0,0,0
0,0,0,0
0,0,0,0
0,0,0,0
0,0,0,0
0,0,0,0
0,0,0,0
0,0,0,0
0,0,0,0
0,0,0,0
0,0,0,0
0,0,0,0
0,0,0,0
0,0,0,0
0,0,0,0
0,0,0,0
0,0,0,0
0,0,0,0
0,0,0,0
0,0,0,0
0,0,0,0
0,0,0,0
0,0,0,0
0,0,0,0
0,0,0,0
0,0,0,0
0,0,0,0
0,0,0,0
0,0,0,0
0,0,0,0
0,0,0,0
0,0,0,0
0,0,0,0
0,0,0,0
0,0,0,0
0,0,0,0
0,0,0,0
0,0,0,0
0,0,0,0
0,0,0,0
0,0,0,0
0,0,0,0
0,0,0,0
0,0,0,0
0,0,0,0
0,0,0,0
0,0,0,0
0,0,0,0
0,0,0,0
0,0,0,0
0,0,0,0
0,0,0,0
0,0,0,0
0,0,0,0
0,0,0,0
0,0,0,0
0,0,0,0
0,0,0,0
0,0,0,0
0,0,0,0
0,0,0,0
0,0,0,0
0,0,0,0
0,0,0,0
0,0,0,0
0,0,0,0
0,0,0,0
0,0,0,0
0,0,0,0
0,0,0,0
0,0,0,0
0,0,0,0
0,0,0,0
0,0,0,0
0,0,0,0
0,0,0,0
0,0,0,0
0,0,0,0
0,0,0,0
0,0,0,0
0,0,0,0
0,0,0,0
0,0,0,0
0,0,0,0
0,0,0,0
0,0,0,0
0,0,0,0
0,0,0,0
0,0,0,0
0,0,0,0
0,0,0,0
0,0,0,0
0,0,0,0
0,0,0,0
0,0,0,0
0,0,0,0
0,0,0,0
0,0,0,0
0,0,0,0
0,0,0,0
0,0,0,0
0,0,0,0
0,0,0,0
0,0,0,0
0,0,0,0
0,0,0,0
0,0,0,0
0,0,0,0
0,0,0,0
0,0,0,0
0,0,0,0
0,0,0,0
0,0,0,0
0,0,0,0
0,0,0,0
0,0,0,0
0,0,0,0
0,0,0,0
0,0,0,0
0,0,0,0
0,0,0,0
0,0,0,0
0,0,0,0
0,0,0,0
0,0,0,0
0,0,0,0
0,0,0,0
0,0,0,0
0,0,0,0
0,0,0,0
0,0,0,0
0,0,0,0
0,0,0,0
0,0,0,0
0,0,0,0
0,0,0,0
0,0,0,0
0,0,0,0
0,0,0,0
0,0,0,0
0,0,0,0
0,0,0,0
0,0,0,0
0,0,0,0
0,0,0,0
0,0,0,0
0,0,0,0
0,0,0,0
0,0,0,0
0,0,0,0
0,0,0,0
0,0,0,0
0,0,0,0
0,0,0,0
0,0,0,0
0,0,0,0
0,0,0,0
0,0,0,0
0,0,0,0
0,0,0,0
0,0,0,0
0,0,0,0
0,0,0,0
0,0,0,0
0,0,0,0
0,0,0,0
0,0,0,0
0,0,0,0
0,0,0,0
0,0,0,0
0,0,0,0
0,0,0,0
0,0,0,0
0,0,0,0
0,0,0,0
0,0,0,0
0,0,0,0
0,0,0,0
0,0,0,0
0,0,0,0
0,0,0,0
0,0,0,0
0,0,0,0
0,0,0,0
0,0,0,0
0,0,0,0
0,0,0,0
0,0,0,0
0,0,0,0
0,0,0,0
0,0,0,0
0,0,0,0
0,0,0,0
0,0,0,0
0,0,0,0
0,0,0,0
0,0,0,0
0,0,0,0
0,0,0,0
0,0,0,0
0,0,0,0
0,0,0,0
0,0,0,0
0,0,0,0
0,0,0,0
0,0,0,0
0,0,0,0
0,0,0,0
0,0,0,0
0,0,0,0
0,0,0,0
0,0,0,0
0,0,0,0
0,0,0,0
0,0,0,0
0,0,0,0
0,0,0,0
0,0,0,0
0,0,0,0
0,0,0,0
0,0,0,0
0,0,0,0
0,0,0,0
0,0,0,0
0,0,0,0
0,0,0,0
0,0,0,0
0,0,0,0
0,0,0,0
0,0,0,0
0,0,0,0
0,0,0,0
0,0,0,0
0,0,0,0
0,0,0,0
0,0,0,0
0,0,0,0
0,0,0,0
0,0,0,0
0,0,0,0
0,0,0,0
0,0,0,0
0,0,0,0
0,0,0,0
0,0,0,0
0,0,0,0
0,0,0,0
0,0,0,0
0,0,0,0
0,0,0,0
0,0,0,0
0,0,0,0
0,0,0,0
0,0,0,0
0,0,0,0
0,0,0,0
0,0,0,0
0,0,0,0
0,0,0,0
0,0,0,0
0,0,0,0
0,0,0,0
0,0,0,0
0,0,0,0
0,0,0,0
0,0,0,0
0,0,0,0
0,0,0,0
0,0,0,0
0,0,0,0
0,0,0,0
0,0,0,0
0,0,0,0
0,0,0,0
0,0,0,0
0,0,0,0
0,0,0,0
0,0,0,0
0,0,0,0
0,0,0,0
0,0,0,0
0,0,0,0
0,0,0,0
0,0,0,0
0,0,0,0
0,0,0,0
0,0,0,0
0,0,0,0
0,0,0,0
0,0,0,0
0,0,0,0
0,0,0,0
0,0,0,0
0,0,0,0
0,0,0,0
0,0,0,0
0,0,0,0
0,0,0,0
0,0,0,0
0,0,0,0
0,0,0,0
0,0,0,0
0,0,0,0
0,0,0,0
0,0,0,0
0,0,0,0
0,0,0,0
0,0,0,0
0,0,0,0
0,0,0,0
0,0,0,0
0,0,0,0
0,0,0,0
0,0,0,0
0,0,0,0
0,0,0,0
0,0,0,0
0,0,0,0
0,0,0,0
0,0,0,0
0,0,0,0
0,0,0,0
0,0,0,0
0,0,0,0
0,0,0,0
0,0,0,0
0,0,0,0
0,0,0,0
0,0,0,0
0,0,0,0
0,0,0,0
0,0,0,0
0,0,0,0
0,0,0,0
0,0,0,0
0,0,0,0
0,0,0,0
0,0,0,0
0,0,0,0
0,0,0,0
0,0,0,0
0,0,0,0
0,0,0,0
0,0,0,0
0,0,0,0
0,0,0,0
0,0,0,0
0,0,0,0
0,0,0,0
0,0,0,0
0,0,0,0
0,0,0,0
0,0,0,0
0,0,0,0
0,0,0,0
0,0,0,0
0,0,0,0
0,0,0,0
0,0,0,0
0,0,0,0
0,0,0,0
0,0,0,0
0,0,0,0
0,0,0,0
0,0,0,0
0,0,0,0
0,0,0,0
0,0,0,0
0,0,0,0
0,0,0,0
0,0,0,0
0,0,0,0
0,0,0,0
0,0,0,0
0,0,0,0
0,0,0,0
0,0,0,0
0,0,0,0
0,0,0,0
0,0,0,0
0,0,0,0
0,0,0,0
0,0,0,0
0,0,0,0
0,0,0,0
0,0,0,0
0,0,0,0
0,0,0,0
0,0,0,0
0,0,0,0
0,0,0,0
0,0,0,0
0,0,0,0
0,0,0,0
0,0,0,0
0,0,0,0
0,0,0,0
0,0,0,0
0,0,0,0
0,0,0,0
0,0,0,0
0,0,0,0
0,0,0,0
0,0,0,0
0,0,0,0
0,0,0,0
0,0,0,0
0,0,0,0
0,0,0,0
0,0,0,0
0,0,0,0
0,0,0,0
0,0,0,0
0,0,0,0
0,0,0,0
0,0,0,0
0,0,0,0
0,0,0,0
0,0,0,0
0,0,0,0
0,0,0,0
0,0,0,0
0,0,0,0
0,0,0,0
0,0,0,0
0,0,0,0
0,0,0,0
0,0,0,0
0,0,0,0
0,0,0,0
0,0,0,0
0,0,0,0
0,0,0,0
0,0,0,0
0,0,0,0
0,0,0,0
0,0,0,0
0,0,0,0
0,0,0,0
0,0,0,0
0,0,0,0
0,0,0,0
0,0,0,0
0,0,0,0
0,0,0,0
0,0,0,0
0,0,0,0
0,0,0,0
0,0,0,0
0,0,0,0
0,0,0,0
0,0,0,0
0,0,0,0
0,0,0,0
0,0,0,0
0,0,0,0
0,0,0,0
0,0,0,0
0,0,0,0
0,0,0,0
0,0,0,0
0,0,0,0
0,0,0,0
0,0,0,0
0,0,0,0
0,0,0,0
0,0,0,0
0,0,0,0
0,0,0,0
0,0,0,0
0,0,0,0
0,0,0,0
0,0,0,0
0,0,0,0
0,0,0,0
0,0,0,0
0,0,0,0
0,0,0,0
0,0,0,0
0,0,0,0
0,0,0,0
0,0,0,0
0,0,0,0
0,0,0,0
0,0,0,0
0,0,0,0
0,0,0,0
0,0,0,0
0,0,0,0
0,0,0,0
0,0,0,0
0,0,0,0
0,0,0,0
0,0,0,0
0,0,0,0
0,0,0,0
0,0,0,0
0,0,0,0
0,0,0,0
0,0,0,0
0,0,0,0
0,0,0,0
0,0,0,0
0,0,0,0
0,0,0,0
0,0,0,0
0,0,0,0
0,0,0,0
0,0,0,0
0,0,0,0
0,0,0,0
0,0,0,0
0,0,0,0
0,0,0,0
0,0,0,0
0,0,0,0
0,0,0,0
0,0,0,0
0,0,0,0
0,0,0,0
0,0,0,0
0,0,0,0
0,0,0,0
0,0,0,0
0,0,0,0
0,0,0,0
0,0,0,0
0,0,0,0
0,0,0,0
0,0,0,0
0,0,0,0
0,0,0,0
0,0,0,0
0,0,0,0
0,0,0,0
0,0,0,0
0,0,0,0
0,0,0,0
0,0,0,0
0,0,0,0
0,0,0,0
0,0,0,0
0,0,0,0
0,0,0,0
0,0,0,0
0,0,0,0
0,0,0,0
0,0,0,0
0,0,0,0
0,0,0,0
0,0,0,0
0,0,0,0
0,0,0,0
0,0,0,0
0,0,0,0
0,0,0,0
0,0,0,0
0,0,0,0
0,0,0,0
0,0,0,0
0,0,0,0
0,0,0,0
0,0,0,0
0,0,0,0
0,0,0,0
0,0,0,0
0,0,0,0
0,0,0,0
0,0,0,0
0,0,0,0
0,0,0,0
0,0,0,0
0,0,0,0
0,0,0,0
0,0,0,0
0,0,0,0
0,0,0,0
0,0,0,0
0,0,0,0
0,0,0,0
0,0,0,0
0,0,0,0
0,0,0,0
0,0,0,0
0,0,0,0
0,0,0,0
0,0,0,0
0,0,0,0
0,0,0,0
0,0,0,0
0,0,0,0
0,0,0,0
0,0,0,0
0,0,0,0
0,0,0,0
0,0,0,0
0,0,0,0
0,0,0,0
0,0,0,0
0,0,0,0
0,0,0,0
0,0,0,0
0,0,0,0
0,0,0,0
0,0,0,0
0,0,0,0
0,0,0,0
0,0,0,0
0,0,0,0
0,0,0,0
0,0,0,0
0,0,0,0
0,0,0,0
0,0,0,0
0,0,0,0
0,0,0,0
0,0,0,0
0,0,0,0
0,0,0,0
0,0,0,0
0,0,0,0
0,0,0,0
0,0,0,0
0,0,0,0
0,0,0,0
0,0,0,0
0,0,0,0
0,0,0,0
0,0,0,0
0,0,0,0
0,0,0,0
0,0,0,0
0,0,0,0
0,0,0,0
0,0,0,0
0,0,0,0
0,0,0,0
0,0,0,0
0,0,0,0
0,0,0,0
0,0,0,0
0,0,0,0
0,0,0,0
0,0,0,0
0,0,0,0
0,0,0,0
0,0,0,0
0,0,0,0
0,0,0,0
0,0,0,0
0,0,0,0
0,0,0,0
0,0,0,0
0,0,0,0
0,0,0,0
0,0,0,0
0,0,0,0
0,0,0,0
0,0,0,0
0,0,0,0
0,0,0,0
0,0,0,0
0,0,0,0
0,0,0,0
0,0,0,0
0,0,0,0
0,0,0,0
0,0,0,0
0,0,0,0
0,0,0,0
0,0,0,0
0,0,0,0
0,0,0,0
0,0,0,0
0,0,0,0
0,0,0,0
0,0,0,0
0,0,0,0
0,0,0,0
0,0,0,0
0,0,0,0
0,0,0,0
0,0,0,0
0,0,0,0
0,0,0,0
0,0,0,0
0,0,0,0
0,0,0,0
0,0,0,0
0,0,0,0
0,0,0,0
0,0,0,0
0,0,0,0
0,0,0,0
0,0,0,0
0,0,0,0
0,0,0,0
0,0,0,0
0,0,0,0
0,0,0,0
0,0,0,0
0,0,0,0
0,0,0,0
0,0,0,0
0,0,0,0
0,0,0,0
0,0,0,0
0,0,0,0
0,0,0,0
0,0,0,0
0,0,0,0
0,0,0,0
0,0,0,0
0,0,0,0
0,0,0,0
0,0,0,0
0,0,0,0
0,0,0,0
0,0,0,0
0,0,0,0
0,0,0,0
0,0,0,0
0,0,0,0
0,0,0,0
0,0,0,0
0,0,0,0
0,0,0,0
0,0,0,0
0,0,0,0
0,0,0,0
0,0,0,0
0,0,0,0
0,0,0,0
0,0,0,0
0,0,0,0
0,0,0,0
0,0,0,0
0,0,0,0
0,0,0,0
0,0,0,0
0,0,0,0
0,0,0,0
0,0,0,0
0,0,0,0
0,0,0,0
0,0,0,0
0,0,0,0
0,0,0,0
0,0,0,0
0,0,0,0
0,0,0,0
0,0,0,0
0,0,0,0
0,0,0,0
0,0,0,0
0,0,0,0
0,0,0,0
0,0,0,0
0,0,0,0
0,0,0,0
0,0,0,0
0,0,0,0
0,0,0,0
0,0,0,0
0,0,0,0
0,0,0,0
0,0,0,0
0,0,0,0
0,0,0,0
0,0,0,0
0,0,0,0
0,0,0,0
0,0,0,0
0,0,0,0
0,0,0,0
0,0,0,0
0,0,0,0
0,0,0,0
0,0,0,0
0,0,0,0
0,0,0,0
0,0,0,0
0,0,0,0
0,0,0,0
0,0,0,0
0,0,0,0
0,0,0,0
0,0,0,0
0,0,0,0
0,0,0,0
0,0,0,0
0,0,0,0
0,0,0,0
0,0,0,0
0,0,0,0
0,0,0,0
0,0,0,0
0,0,0,0
0,0,0,0
0,0,0,0
0,0,0,0
0,0,0,0
0,0,0,0
0,0,0,0
0,0,0,0
0,0,0,0
0,0,0,0
0,0,0,0
0,0,0,0
0,0,0,0
0,0,0,0
0,0,0,0
0,0,0,0
0,0,0,0
0,0,0,0
0,0,0,0
0,0,0,0
0,0,0,0
0,0,0,0
0,0,0,0
0,0,0,0
0,0,0,0
0,0,0,0
0,0,0,0
0,0,0,0
0,0,0,0
0,0,0,0
0,0,0,0
0,0,0,0
0,0,0,0
0,0,0,0
0,0,0,0
0,0,0,0
0,0,0,0
0,0,0,0
0,0,0,0
0,0,0,0
0,0,0,0
0,0,0,0
0,0,0,0
0,0,0,0
0,0,0,0
0,0,0,0
0,0,0,0
0,0,0,0
0,0,0,0
0,0,0,0
0,0,0,0
0,0,0,0
0,0,0,0
0,0,0,0
0,0,0,0
0,0,0,0
0,0,0,0
0,0,0,0
0,0,0,0
0,0,0,0
0,0,0,0
0,0,0,0
0,0,0,0
0,0,0,0
0,0,0,0
0,0,0,0
0,0,0,0
0,0,0,0
0,0,0,0
0,0,0,0
0,0,0,0
0,0,0,0
0,0,0,0
0,0,0,0
0,0,0,0
0,0,0,0
0,0,0,0
0,0,0,0
0,0,0,0
0,0,0,0
0,0,0,0
0,0,0,0
0,0,0,0
0,0,0,0
0,0,0,0
0,0,0,0
0,0,0,0
0,0,0,0
0,0,0,0
0,0,0,0
0,0,0,0
0,0,0,0
0,0,0,0
0,0,0,0
0,0,0,0
0,0,0,0
0,0,0,0
0,0,0,0
0,0,0,0
0,0,0,0
0,0,0,0
0,0,0,0
0,0,0,0
0,0,0,0
0,0,0,0
0,0,0,0
0,0,0,0
0,0,0,0
0,0,0,0
0,0,0,0
0,0,0,0
0,0,0,0
0,0,0,0
0,0,0,0
0,0,0,0
0,0,0,0
0,0,0,0
0,0,0,0
0,0,0,0
0,0,0,0
0,0,0,0
0,0,0,0
0,0,0,0
0,0,0,0
0,0,0,0
0,0,0,0
0,0,0,0
0,0,0,0
0,0,0,0
0,0,0,0
0,0,0,0
0,0,0,0
0,0,0,0
0,0,0,0
0,0,0,0
0,0,0,0
0,0,0,0
0,0,0,0
0,0,0,0
0,0,0,0
0,0,0,0
0,0,0,0
0,0,0,0
0,0,0,0
0,0,0,0
0,0,0,0
0,0,0,0
0,0,0,0
0,0,0,0
0,0,0,0
0,0,0,0
0,0,0,0
0,0,0,0
0,0,0,0
0,0,0,0
0,0,0,0
0,0,0,0
0,0,0,0
0,0,0,0
0,0,0,0
0,0,0,0
0,0,0,0
0,0,0,0
0,0,0,0
0,0,0,0
0,0,0,0
0,0,0,0
0,0,0,0
0,0,0,0
0,0,0,0
0,0,0,0
0,0,0,0
0,0,0,0
0,0,0,0
0,0,0,0
0,0,0,0
0,0,0,0
0,0,0,0
0,0,0,0
0,0,0,0
0,0,0,0
0,0,0,0
0,0,0,0
0,0,0,0
0,0,0,0
0,0,0,0
0,0,0,0
0,0,0,0
0,0,0,0
0,0,0,0
0,0,0,0
0,0,0,0
0,0,0,0
0,0,0,0
0,0,0,0
0,0,0,0
0,0,0,0
0,0,0,0
0,0,0,0
0,0,0,0
0,0,0,0
0,0,0,0
0,0,0,0
0,0,0,0
0,0,0,0
0,0,0,0
0,0,0,0
0,0,0,0
0,0,0,0
0,0,0,0
0,0,0,0
0,0,0,0
0,0,0,0
0,0,0,0
0,0,0,0
0,0,0,0
0,0,0,0
0,0,0,0
0,0,0,0
0,0,0,0
0,0,0,0
0,0,0,0
0,0,0,0
0,0,0,0
0,0,0,0
0,0,0,0
0,0,0,0
0,0,0,0
0,0,0,0
0,0,0,0
0,0,0,0
0,0,0,0
0,0,0,0
0,0,0,0
0,0,0,0
0,0,0,0
0,0,0,0
0,0,0,0
0,0,0,0
0,0,0,0
0,0,0,0
0,0,0,0
0,0,0,0
0,0,0,0
0,0,0,0
0,0,0,0
0,0,0,0
0,0,0,0
0,0,0,0
0,0,0,0
0,0,0,0
0,0,0,0
0,0,0,0
0,0,0,0
0,0,0,0
0,0,0,0
0,0,0,0
0,0,0,0
0,0,0,0
0,0,0,0
0,0,0,0
0,0,0,0
0,0,0,0
0,0,0,0
0,0,0,0
0,0,0,0
0,0,0,0
0,0,0,0
0,0,0,0
0,0,0,0
0,0,0,0
0,0,0,0
0,0,0,0
0,0,0,0
0,0,0,0
0,0,0,0
0,0,0,0
0,0,0,0
0,0,0,0
0,0,0,0
0,0,0,0
0,0,0,0
0,0,0,0
0,0,0,0
0,0,0,0
0,0,0,0
0,0,0,0
0,0,0,0
0,0,0,0
0,0,0,0
0,0,0,0
0,0,0,0
0,0,0,0
0,0,0,0
0,0,0,0
0,0,0,0
0,0,0,0
0,0,0,0
0,0,0,0
0,0,0,0
0,0,0,0
0,0,0,0
0,0,0,0
0,0,0,0
0,0,0,0
0,0,0,0
0,0,0,0
0,0,0,0
0,0,0,0
0,0,0,0
0,0,0,0
0,0,0,0
0,0,0,0
0,0,0,0
0,0,0,0
0,0,0,0
0,0,0,0
0,0,0,0
0,0,0,0
0,0,0,0
0,0,0,0
0,0,0,0
0,0,0,0
0,0,0,0
0,0,0,0
0,0,0,0
0,0,0,0
0,0,0,0
0,0,0,0
0,0,0,0
0,0,0,0
0,0,0,0
0,0,0,0
0,0,0,0
0,0,0,0
0,0,0,0
0,0,0,0
0,0,0,0
0,0,0,0
0,0,0,0
0,0,0,0
0,0,0,0
0,0,0,0
0,0,0,0
0,0,0,0
0,0,0,0
0,0,0,0
0,0,0,0
0,0,0,0
0,0,0,0
0,0,0,0
0,0,0,0
0,0,0,0
0,0,0,0
0,0,0,0
0,0,0,0
0,0,0,0
0,0,0,0
0,0,0,0
0,0,0,0
0,0,0,0
0,0,0,0
0,0,0,0
0,0,0,0
0,0,0,0
0,0,0,0
0,0,0,0
0,0,0,0
0,0,0,0
0,0,0,0
0,0,0,0
0,0,0,0
0,0,0,0
0,0,0,0
0,0,0,0
0,0,0,0
0,0,0,0
0,0,0,0
0,0,0,0
0,0,0,0
0,0,0,0
0,0,0,0
0,0,0,0
0,0,0,0
0,0,0,0
0,0,0,0
0,0,0,0
0,0,0,0
0,0,0,0
0,0,0,0
0,0,0,0
0,0,0,0
0,0,0,0
0,0,0,0
0,0,0,0
0,0,0,0
0,0,0,0
0,0,0,0
0,0,0,0
0,0,0,0
0,0,0,0
0,0,0,0
0,0,0,0
0,0,0,0
0,0,0,0
0,0,0,0
0,0,0,0
0,0,0,0
0,0,0,0
0,0,0,0
0,0,0,0
0,0,0,0
0,0,0,0
0,0,0,0
0,0,0,0
0,0,0,0
0,0,0,0
0,0,0,0
0,0,0,0
0,0,0,0
0,0,0,0
0,0,0,0
0,0,0,0
0,0,0,0
0,0,0,0
0,0,0,0
0,0,0,0
0,0,0,0
0,0,0,0
0,0,0,0
0,0,0,0
0,0,0,0
0,0,0,0
0,0,0,0
0,0,0,0
0,0,0,0
0,0,0,0
0,0,0,0
0,0,0,0
0,0,0,0
0,0,0,0
0,0,0,0
0,0,0,0
0,0,0,0
0,0,0,0
0,0,0,0
0,0,0,0
0,0,0,0
0,0,0,0
0,0,0,0
0,0,0,0
0,0,0,0
0,0,0,0
0,0,0,0
0,0,0,0
0,0,0,0
0,0,0,0
0,0,0,0
0,0,0,0
0,0,0,0
0,0,0,0
0,0,0,0
0,0,0,0
0,0,0,0
0,0,0,0
0,0,0,0
0,0,0,0
0,0,0,0
0,0,0,0
0,0,0,0
0,0,0,0
0,0,0,0
0,0,0,0
0,0,0,0
0,0,0,0
0,0,0,0
0,0,0,0
0,0,0,0
0,0,0,0
0,0,0,0
0,0,0,0
0,0,0,0
0,0,0,0
0,0,0,0
0,0,0,0
0,0,0,0
0,0,0,0
0,0,0,0
0,0,0,0
0,0,0,0
0,0,0,0
0,0,0,0
0,0,0,0
0,0,0,0
0,0,0,0
0,0,0,0
0,0,0,0
0,0,0,0
0,0,0,0
0,0,0,0
0,0,0,0
0,0,0,0
0,0,0,0
0,0,0,0
0,0,0,0
0,0,0,0
0,0,0,0
0,0,0,0
0,0,0,0
0,0,0,0
0,0,0,0
0,0,0,0
0,0,0,0
0,0,0,0
0,0,0,0
0,0,0,0
0,0,0,0
0,0,0,0
0,0,0,0
0,0,0,0
0,0,0,0
0,0,0,0
0,0,0,0
0,0,0,0
0,0,0,0
0,0,0,0
0,0,0,0
0,0,0,0
0,0,0,0
0,0,0,0
0,0,0,0
0,0,0,0
0,0,0,0
0,0,0,0
0,0,0,0
0,0,0,0
0,0,0,0
0,0,0,0
0,0,0,0
0,0,0,0
0,0,0,0
0,0,0,0
0,0,0,0
0,0,0,0
0,0,0,0
0,0,0,0
0,0,0,0
0,0,0,0
0,0,0,0
0,0,0,0
0,0,0,0
0,0,0,0
0,0,0,0
0,0,0,0
0,0,0,0
0,0,0,0
0,0,0,0
0,0,0,0
0,0,0,0
0,0,0,0
0,0,0,0
0,0,0,0
0,0,0,0
0,0,0,0
0,0,0,0
0,0,0,0
0,0,0,0
0,0,0,0
0,0,0,0
0,0,0,0
0,0,0,0
0,0,0,0
0,0,0,0
0,0,0,0
0,0,0,0
0,0,0,0
0,0,0,0
0,0,0,0
0,0,0,0
0,0,0,0
0,0,0,0
0,0,0,0
0,0,0,0
0,0,0,0
0,0,0,0
0,0,0,0
0,0,0,0
0,0,0,0
0,0,0,0
0,0,0,0
0,0,0,0
0,0,0,0
0,0,0,0
0,0,0,0
0,0,0,0
0,0,0,0
0,0,0,0
0,0,0,0
0,0,0,0
0,0,0,0
0,0,0,0
0,0,0,0
0,0,0,0
0,0,0,0
0,0,0,0
0,0,0,0
0,0,0,0
0,0,0,0
0,0,0,0
0,0,0,0
0,0,0,0
0,0,0,0
0,0,0,0
0,0,0,0
0,0,0,0
0,0,0,0
0,0,0,0
0,0,0,0
0,0,0,0
0,0,0,0
0,0,0,0
0,0,0,0
0,0,0,0
0,0,0,0
0,0,0,0
0,0,0,0
0,0,0,0
0,0,0,0
0,0,0,0
0,0,0,0
0,0,0,0
0,0,0,0
0,0,0,0
0,0,0,0
0,0,0,0
0,0,0,0
0,0,0,0
0,0,0,0
0,0,0,0
0,0,0,0
0,0,0,0
0,0,0,0
0,0,0,0
0,0,0,0
0,0,0,0
0,0,0,0
0,0,0,0
0,0,0,0
0,0,0,0
0,0,0,0
0,0,0,0
0,0,0,0
0,0,0,0
0,0,0,0
0,0,0,0
0,0,0,0
0,0,0,0
0,0,0,0
0,0,0,0
0,0,0,0
0,0,0,0
0,0,0,0
0,0,0,0
0,0,0,0
0,0,0,0
0,0,0,0
0,0,0,0
0,0,0,0
0,0,0,0
0,0,0,0
0,0,0,0
0,0,0,0
0,0,0,0
0,0,0,0
0,0,0,0
0,0,0,0
0,0,0,0
0,0,0,0
0,0,0,0
0,0,0,0
0,0,0,0
0,0,0,0
0,0,0,0
0,0,0,0
0,0,0,0
0,0,0,0
0,0,0,0
0,0,0,0
0,0,0,0
0,0,0,0
0,0,0,0
0,0,0,0
0,0,0,0
0,0,0,0
0,0,0,0
0,0,0,0
0,0,0,0
0,0,0,0
0,0,0,0
0,0,0,0
0,0,0,0
0,0,0,0
0,0,0,0
0,0,0,0
0,0,0,0
0,0,0,0
0,0,0,0
0,0,0,0
0,0,0,0
0,0,0,0
0,0,0,0
0,0,0,0
0,0,0,0
0,0,0,0
0,0,0,0
0,0,0,0
0,0,0,0
0,0,0,0
0,0,0,0
0,0,0,0
0,0,0,0
0,0,0,0
0,0,0,0
0,0,0,0
0,0,0,0
0,0,0,0
0,0,0,0
0,0,0,0
0,0,0,0
0,0,0,0
0,0,0,0
0,0,0,0
0,0,0,0
0,0,0,0
0,0,0,0
0,0,0,0
0,0,0,0
0,0,0,0
0,0,0,0
0,0,0,0
0,0,0,0
0,0,0,0
0,0,0,0
0,0,0,0
0,0,0,0
0,0,0,0
0,0,0,0
0,0,0,0
0,0,0,0
0,0,0,0
0,0,0,0
0,0,0,0
0,0,0,0
0,0,0,0
0,0,0,0
0,0,0,0
0,0,0,0
0,0,0,0
0,0,0,0
0,0,0,0
0,0,0,0
0,0,0,0
0,0,0,0
0,0,0,0
0,0,0,0
0,0,0,0
0,0,0,0
0,0,0,0
0,0,0,0
0,0,0,0
0,0,0,0
0,0,0,0
0,0,0,0
0,0,0,0
0,0,0,0
0,0,0,0
0,0,0,0
0,0,0,0
0,0,0,0
0,0,0,0
0,0,0,0
0,0,0,0
0,0,0,0
0,0,0,0
0,0,0,0
0,0,0,0
0,0,0,0
0,0,0,0
0,0,0,0
0,0,0,0
0,0,0,0
0,0,0,0
0,0,0,0
0,0,0,0
0,0,0,0
0,0,0,0
0,0,0,0
0,0,0,0
0,0,0,0
0,0,0,0
0,0,0,0
0,0,0,0
0,0,0,0
0,0,0,0
0,0,0,0
0,0,0,0
0,0,0,0
0,0,0,0
0,0,0,0
0,0,0,0
0,0,0,0
0,0,0,0
0,0,0,0
0,0,0,0
0,0,0,0
0,0,0,0
0,0,0,0
0,0,0,0
0,0,0,0
0,0,0,0
0,0,0,0
0,0,0,0
0,0,0,0
0,0,0,0
0,0,0,0
0,0,0,0
0,0,0,0
0,0,0,0
0,0,0,0
0,0,0,0
0,0,0,0
0,0,0,0
0,0,0,0
0,0,0,0
0,0,0,0
0,0,0,0
0,0,0,0
0,0,0,0
0,0,0,0
0,0,0,0
0,0,0,0
0,0,0,0
0,0,0,0
0,0,0,0
0,0,0,0
0,0,0,0
0,0,0,0
0,0,0,0
0,0,0,0
0,0,0,0
0,0,0,0
0,0,0,0
0,0,0,0
0,0,0,0
0,0,0,0
0,0,0,0
0,0,0,0
0,0,0,0
0,0,0,0
0,0,0,0
0,0,0,0
0,0,0,0
0,0,0,0
0,0,0,0
0,0,0,0
0,0,0,0
0,0,0,0
0,0,0,0
0,0,0,0
0,0,0,0
0,0,0,0
0,0,0,0
0,0,0,0
0,0,0,0
0,0,0,0
0,0,0,0
0,0,0,0
0,0,0,0
0,0,0,0
0,0,0,0
0,0,0,0
0,0,0,0
0,0,0,0
0,0,0,0
0,0,0,0
0,0,0,0
0,0,0,0
0,0,0,0
0,0,0,0
0,0,0,0
0,0,0,0
0,0,0,0
0,0,0,0
0,0,0,0
0,0,0,0
0,0,0,0
0,0,0,0
0,0,0,0
0,0,0,0
0,0,0,0
0,0,0,0
0,0,0,0
0,0,0,0
0,0,0,0
0,0,0,0
0,0,0,0
0,0,0,0
0,0,0,0
0,0,0,0
0,0,0,0
0,0,0,0
0,0,0,0
0,0,0,0
0,0,0,0
0,0,0,0
0,0,0,0
0,0,0,0
0,0,0,0
0,0,0,0
0,0,0,0
0,0,0,0
0,0,0,0
0,0,0,0
0,0,0,0
0,0,0,0
0,0,0,0
0,0,0,0
0,0,0,0
0,0,0,0
0,0,0,0
0,0,0,0
0,0,0,0
0,0,0,0
0,0,0,0
0,0,0,0
0,0,0,0
0,0,0,0
0,0,0,0
0,0,0,0
0,0,0,0
0,0,0,0
0,0,0,0
0,0,0,0
0,0,0,0
0,0,0,0
0,0,0,0
0,0,0,0
0,0,0,0
0,0,0,0
0,0,0,0
0,0,0,0
0,0,0,0
0,0,0,0
0,0,0,0
0,0,0,0
0,0,0,0
0,0,0,0
0,0,0,0
0,0,0,0
0,0,0,0
0,0,0,0
0,0,0,0
0,0,0,0
0,0,0,0
0,0,0,0
0,0,0,0
0,0,0,0
0,0,0,0
0,0,0,0
0,0,0,0
0,0,0,0
0,0,0,0
0,0,0,0
0,0,0,0
0,0,0,0
0,0,0,0
0,0,0,0
0,0,0,0
0,0,0,0
0,0,0,0
0,0,0,0
0,0,0,0
0,0,0,0
0,0,0,0
0,0,0,0
0,0,0,0
0,0,0,0
0,0,0,0
0,0,0,0
0,0,0,0
0,0,0,0
0,0,0,0
0,0,0,0
0,0,0,0
0,0,0,0
0,0,0,0
0,0,0,0
0,0,0,0
0,0,0,0
0,0,0,0
0,0,0,0
0,0,0,0
0,0,0,0
0,0,0,0
0,0,0,0
0,0,0,0
0,0,0,0
0,0,0,0
0,0,0,0
0,0,0,0
0,0,0,0
0,0,0,0
0,0,0,0
0,0,0,0
0,0,0,0
0,0,0,0
0,0,0,0
0,0,0,0
0,0,0,0
0,0,0,0
0,0,0,0
0,0,0,0
0,0,0,0
0,0,0,0
0,0,0,0
0,0,0,0
0,0,0,0
0,0,0,0
0,0,0,0
0,0,0,0
0,0,0,0
0,0,0,0
0,0,0,0
0,0,0,0
0,0,0,0
0,0,0,0
0,0,0,0
0,0,0,0
0,0,0,0
0,0,0,0
0,0,0,0
0,0,0,0
0,0,0,0
0,0,0,0
0,0,0,0
0,0,0,0
0,0,0,0
0,0,0,0
0,0,0,0
0,0,0,0
0,0,0,0
0,0,0,0
0,0,0,0
0,0,0,0
0,0,0,0
0,0,0,0
0,0,0,0
0,0,0,0
0,0,0,0
0,0,0,0
0,0,0,0
0,0,0,0
0,0,0,0
0,0,0,0
0,0,0,0
0,0,0,0
0,0,0,0
0,0,0,0
0,0,0,0
0,0,0,0
0,0,0,0
0,0,0,0
0,0,0,0
0,0,0,0
0,0,0,0
0,0,0,0
0,0,0,0
0,0,0,0
0,0,0,0
0,0,0,0
0,0,0,0
0,0,0,0
0,0,0,0
0,0,0,0
0,0,0,0
0,0,0,0
0,0,0,0
0,0,0,0
0,0,0,0
0,0,0,0
0,0,0,0
0,0,0,0
0,0,0,0
0,0,0,0
0,0,0,0
0,0,0,0
0,0,0,0
0,0,0,0
0,0,0,0
0,0,0,0
0,0,0,0
0,0,0,0
0,0,0,0
0,0,0,0
0,0,0,0
0,0,0,0
0,0,0,0
0,0,0,0
0,0,0,0
0,0,0,0
0,0,0,0
0,0,0,0
0,0,0,0
0,0,0,0
0,0,0,0
0,0,0,0
0,0,0,0
0,0,0,0
0,0,0,0
0,0,0,0
0,0,0,0
0,0,0,0
0,0,0,0
0,0,0,0
0,0,0,0
0,0,0,0
0,0,0,0
0,0,0,0
0,0,0,0
0,0,0,0
0,0,0,0
0,0,0,0
0,0,0,0
0,0,0,0
0,0,0,0
0,0,0,0
0,0,0,0
0,0,0,0
0,0,0,0
0,0,0,0
0,0,0,0
0,0,0,0
0,0,0,0
0,0,0,0
0,0,0,0
0,0,0,0
0,0,0,0
0,0,0,0
0,0,0,0
0,0,0,0
0,0,0,0
0,0,0,0
0,0,0,0
0,0,0,0
0,0,0,0
0,0,0,0
0,0,0,0
0,0,0,0
0,0,0,0
0,0,0,0
0,0,0,0
0,0,0,0
0,0,0,0
0,0,0,0
0,0,0,0
0,0,0,0
0,0,0,0
0,0,0,0
0,0,0,0
0,0,0,0
0,0,0,0
0,0,0,0
0,0,0,0
0,0,0,0
0,0,0,0
0,0,0,0
0,0,0,0
0,0,0,0
0,0,0,0
0,0,0,0
0,0,0,0
0,0,0,0
0,0,0,0
0,0,0,0
0,0,0,0
0,0,0,0
0,0,0,0
0,0,0,0
0,0,0,0
0,0,0,0
0,0,0,0
0,0,0,0
0,0,0,0
0,0,0,0
0,0,0,0
0,0,0,0
0,0,0,0
0,0,0,0
0,0,0,0
0,0,0,0
0,0,0,0
0,0,0,0
0,0,0,0
0,0,0,0
0,0,0,0
0,0,0,0
0,0,0,0
0,0,0,0
0,0,0,0
0,0,0,0
0,0,0,0
0,0,0,0
0,0,0,0
0,0,0,0
0,0,0,0
0,0,0,0
0,0,0,0
0,0,0,0
0,0,0,0
0,0,0,0
0,0,0,0
0,0,0,0
0,0,0,0
0,0,0,0
0,0,0,0
0,0,0,0
0,0,0,0
0,0,0,0
0,0,0,0
0,0,0,0
0,0,0,0
0,0,0,0
0,0,0,0
0,0,0,0
0,0,0,0
0,0,0,0
0,0,0,0
0,0,0,0
0,0,0,0
0,0,0,0
0,0,0,0
0,0,0,0
0,0,0,0
0,0,0,0
0,0,0,0
0,0,0,0
0,0,0,0
0,0,0,0
0,0,0,0
0,0,0,0
0,0,0,0
0,0,0,0
0,0,0,0
0,0,0,0
0,0,0,0
0,0,0,0
0,0,0,0
0,0,0,0
0,0,0,0
0,0,0,0
0,0,0,0
0,0,0,0
0,0,0,0
0,0,0,0
0,0,0,0
0,0,0,0
0,0,0,0
0,0,0,0
0,0,0,0
0,0,0,0
0,0,0,0
0,0,0,0
0,0,0,0
0,0,0,0
0,0,0,0
0,0,0,0
0,0,0,0
0,0,0,0
0,0,0,0
0,0,0,0
0,0,0,0
0,0,0,0
0,0,0,0
0,0,0,0
0,0,0,0
0,0,0,0
0,0,0,0
0,0,0,0
0,0,0,0
0,0,0,0
0,0,0,0
0,0,0,0
0,0,0,0
0,0,0,0
0,0,0,0
0,0,0,0
0,0,0,0
0,0,0,0
0,0,0,0
0,0,0,0
0,0,0,0
0,0,0,0
0,0,0,0
0,0,0,0
0,0,0,0
0,0,0,0
0,0,0,0
0,0,0,0
0,0,0,0
0,0,0,0
0,0,0,0
0,0,0,0
0,0,0,0
0,0,0,0
0,0,0,0
0,0,0,0
0,0,0,0
0,0,0,0
0,0,0,0
0,0,0,0
0,0,0,0
0,0,0,0
0,0,0,0
0,0,0,0
0,0,0,0
0,0,0,0
0,0,0,0
0,0,0,0
0,0,0,0
0,0,0,0
0,0,0,0
0,0,0,0
0,0,0,0
0,0,0,0
0,0,0,0
0,0,0,0
0,0,0,0
0,0,0,0
0,0,0,0
0,0,0,0
0,0,0,0
0,0,0,0
0,0,0,0
0,0,0,0
0,0,0,0
0,0,0,0
0,0,0,0
0,0,0,0
0,0,0,0
0,0,0,0
0,0,0,0
0,0,0,0
0,0,0,0
0,0,0,0
0,0,0,0
0,0,0,0
0,0,0,0
0,0,0,0
0,0,0,0
0,0,0,0
0,0,0,0
0,0,0,0
0,0,0,0
0,0,0,0
0,0,0,0
0,0,0,0
0,0,0,0
0,0,0,0
0,0,0,0
0,0,0,0
0,0,0,0
0,0,0,0
0,0,0,0
0,0,0,0
0,0,0,0
0,0,0,0
0,0,0,0
0,0,0,0
0,0,0,0
0,0,0,0
0,0,0,0
0,0,0,0
0,0,0,0
0,0,0,0
0,0,0,0
0,0,0,0
0,0,0,0
0,0,0,0
0,0,0,0
0,0,0,0
0,0,0,0
0,0,0,0
0,0,0,0
0,0,0,0
0,0,0,0
0,0,0,0
0,0,0,0
0,0,0,0
0,0,0,0
0,0,0,0
0,0,0,0
0,0,0,0
0,0,0,0
0,0,0,0
0,0,0,0
0,0,0,0
0,0,0,0
0,0,0,0
0,0,0,0
0,0,0,0
0,0,0,0
0,0,0,0
0,0,0,0
0,0,0,0
0,0,0,0
0,0,0,0
0,0,0,0
0,0,0,0
0,0,0,0
0,0,0,0
0,0,0,0
0,0,0,0
0,0,0,0
0,0,0,0
0,0,0,0
0,0,0,0
0,0,0,0
0,0,0,0
0,0,0,0
0,0,0,0
0,0,0,0
0,0,0,0
0,0,0,0
0,0,0,0
0,0,0,0
0,0,0,0
0,0,0,0
0,0,0,0
0,0,0,0
0,0,0,0
0,0,0,0
0,0,0,0
0,0,0,0
0,0,0,0
0,0,0,0
0,0,0,0
0,0,0,0
0,0,0,0
0,0,0,0
0,0,0,0
0,0,0,0
0,0,0,0
0,0,0,0
0,0,0,0
0,0,0,0
0,0,0,0
0,0,0,0
0,0,0,0
0,0,0,0
0,0,0,0
0,0,0,0
0,0,0,0
0,0,0,0
0,0,0,0
0,0,0,0
0,0,0,0
0,0,0,0
0,0,0,0
0,0,0,0
0,0,0,0
0,0,0,0
0,0,0,0
0,0,0,0
0,0,0,0
0,0,0,0
0,0,0,0
0,0,0,0
0,0,0,0
0,0,0,0
0,0,0,0
0,0,0,0
0,0,0,0
0,0,0,0
0,0,0,0
0,0,0,0
0,0,0,0
0,0,0,0
0,0,0,0
0,0,0,0
0,0,0,0
0,0,0,0
0,0,0,0
0,0,0,0
0,0,0,0
0,0,0,0
0,0,0,0
0,0,0,0
0,0,0,0
0,0,0,0
0,0,0,0
0,0,0,0
0,0,0,0
0,0,0,0
0,0,0,0
0,0,0,0
0,0,0,0
0,0,0,0
0,0,0,0
0,0,0,0
0,0,0,0
0,0,0,0
0,0,0,0
0,0,0,0
0,0,0,0
0,0,0,0
0,0,0,0
0,0,0,0
0,0,0,0
0,0,0,0
0,0,0,0
0,0,0,0
0,0,0,0
0,0,0,0
0,0,0,0
0,0,0,0
0,0,0,0
0,0,0,0
0,0,0,0
0,0,0,0
0,0,0,0
0,0,0,0
0,0,0,0
0,0,0,0
0,0,0,0
0,0,0,0
0,0,0,0
0,0,0,0
0,0,0,0
0,0,0,0
0,0,0,0
0,0,0,0
0,0,0,0
0,0,0,0
0,0,0,0
0,0,0,0
0,0,0,0
0,0,0,0
0,0,0,0
0,0,0,0
0,0,0,0
0,0,0,0
0,0,0,0
0,0,0,0
0,0,0,0
0,0,0,0
0,0,0,0
0,0,0,0
0,0,0,0
0,0,0,0
0,0,0,0
0,0,0,0
0,0,0,0
0,0,0,0
0,0,0,0
0,0,0,0
0,0,0,0
0,0,0,0
0,0,0,0
0,0,0,0
0,0,0,0
0,0,0,0
0,0,0,0
0,0,0,0
0,0,0,0
0,0,0,0
0,0,0,0
0,0,0,0
0,0,0,0
0,0,0,0
0,0,0,0
0,0,0,0
0,0,0,0
0,0,0,0
0,0,0,0
0,0,0,0
0,0,0,0
0,0,0,0
0,0,0,0
0,0,0,0
0,0,0,0
0,0,0,0
0,0,0,0
0,0,0,0
0,0,0,0
0,0,0,0
0,0,0,0
0,0,0,0
0,0,0,0
0,0,0,0
0,0,0,0
0,0,0,0
0,0,0,0
0,0,0,0
0,0,0,0
0,0,0,0
0,0,0,0
0,0,0,0
0,0,0,0
0,0,0,0
0,0,0,0
0,0,0,0
0,0,0,0
0,0,0,0
0,0,0,0
0,0,0,0
0,0,0,0
0,0,0,0
0,0,0,0
0,0,0,0
0,0,0,0
0,0,0,0
0,0,0,0
0,0,0,0
0,0,0,0
0,0,0,0
0,0,0,0
0,0,0,0
0,0,0,0
0,0,0,0
0,0,0,0
0,0,0,0
0,0,0,0
0,0,0,0
0,0,0,0
0,0,0,0
0,0,0,0
0,0,0,0
0,0,0,0
0,0,0,0
0,0,0,0
0,0,0,0
0,0,0,0
0,0,0,0
0,0,0,0
0,0,0,0
0,0,0,0
0,0,0,0
0,0,0,0
0,0,0,0
0,0,0,0
0,0,0,0
0,0,0,0
0,0,0,0
0,0,0,0
0,0,0,0
0,0,0,0
0,0,0,0
0,0,0,0
0,0,0,0
0,0,0,0
0,0,0,0
0,0,0,0
0,0,0,0
0,0,0,0
0,0,0,0
0,0,0,0
0,0,0,0
0,0,0,0
0,0,0,0
0,0,0,0
0,0,0,0
0,0,0,0
0,0,0,0
0,0,0,0
0,0,0,0
0,0,0,0
0,0,0,0
0,0,0,0
0,0,0,0
0,0,0,0
0,0,0,0
0,0,0,0
0,0,0,0
0,0,0,0
0,0,0,0
0,0,0,0
0,0,0,0
0,0,0,0
0,0,0,0
0,0,0,0
0,0,0,0
0,0,0,0
0,0,0,0
0,0,0,0
0,0,0,0
0,0,0,0
0,0,0,0
0,0,0,0
0,0,0,0
0,0,0,0
0,0,0,0
0,0,0,0
0,0,0,0
0,0,0,0
0,0,0,0
0,0,0,0
0,0,0,0
0,0,0,0
0,0,0,0
0,0,0,0
0,0,0,0
0,0,0,0
0,0,0,0
0,0,0,0
0,0,0,0
0,0,0,0
0,0,0,0
0,0,0,0
0,0,0,0
0,0,0,0
0,0,0,0
0,0,0,0
0,0,0,0
0,0,0,0
0,0,0,0
0,0,0,0
0,0,0,0
0,0,0,0
0,0,0,0
0,0,0,0
0,0,0,0
0,0,0,0
0,0,0,0
0,0,0,0
0,0,0,0
0,0,0,0
0,0,0,0
0,0,0,0
0,0,0,0
0,0,0,0
0,0,0,0
0,0,0,0
0,0,0,0
0,0,0,0
0,0,0,0
0,0,0,0
0,0,0,0
0,0,0,0
0,0,0,0
0,0,0,0
0,0,0,0
0,0,0,0
0,0,0,0
0,0,0,0
0,0,0,0
0,0,0,0
0,0,0,0
0,0,0,0
0,0,0,0
0,0,0,0
0,0,0,0
0,0,0,0
0,0,0,0
0,0,0,0
0,0,0,0
0,0,0,0
0,0,0,0
0,0,0,0
0,0,0,0
0,0,0,0
0,0,0,0
0,0,0,0
0,0,0,0
0,0,0,0
0,0,0,0
0,0,0,0
0,0,0,0
0,0,0,0
0,0,0,0
0,0,0,0
0,0,0,0
0,0,0,0
0,0,0,0
0,0,0,0
0,0,0,0
0,0,0,0
0,0,0,0
0,0,0,0
0,0,0,0
0,0,0,0
0,0,0,0
0,0,0,0
0,0,0,0
0,0,0,0
0,0,0,0
0,0,0,0
0,0,0,0
0,0,0,0
0,0,0,0
0,0,0,0
0,0,0,0
0,0,0,0
0,0,0,0
0,0,0,0
0,0,0,0
0,0,0,0
0,0,0,0
0,0,0,0
0,0,0,0
0,0,0,0
0,0,0,0
0,0,0,0
0,0,0,0
0,0,0,0
0,0,0,0
0,0,0,0
0,0,0,0
0,0,0,0
0,0,0,0
0,0,0,0
0,0,0,0
0,0,0,0
0,0,0,0
0,0,0,0
0,0,0,0
0,0,0,0
0,0,0,0
0,0,0,0
0,0,0,0
0,0,0,0
0,0,0,0
0,0,0,0
0,0,0,0
0,0,0,0
0,0,0,0
0,0,0,0
0,0,0,0
0,0,0,0
0,0,0,0
0,0,0,0
0,0,0,0
0,0,0,0
0,0,0,0
0,0,0,0
0,0,0,0
0,0,0,0
0,0,0,0
0,0,0,0
0,0,0,0
0,0,0,0
0,0,0,0
0,0,0,0
0,0,0,0
0,0,0,0
0,0,0,0
0,0,0,0
0,0,0,0
0,0,0,0
0,0,0,0
0,0,0,0
0,0,0,0
0,0,0,0
0,0,0,0
0,0,0,0
0,0,0,0
0,0,0,0
0,0,0,0
0,0,0,0
0,0,0,0
0,0,0,0
0,0,0,0
0,0,0,0
0,0,0,0
0,0,0,0
0,0,0,0
0,0,0,0
0,0,0,0
0,0,0,0
0,0,0,0
0,0,0,0
0,0,0,0
0,0,0,0
0,0,0,0
0,0,0,0
0,0,0,0
0,0,0,0
0,0,0,0
0,0,0,0
0,0,0,0
0,0,0,0
0,0,0,0
0,0,0,0
0,0,0,0
0,0,0,0
0,0,0,0
0,0,0,0
0,0,0,0
0,0,0,0
0,0,0,0
0,0,0,0
0,0,0,0
0,0,0,0
0,0,0,0
0,0,0,0
0,0,0,0
0,0,0,0
0,0,0,0
0,0,0,0
0,0,0,0
0,0,0,0
0,0,0,0
0,0,0,0
0,0,0,0
0,0,0,0
0,0,0,0
0,0,0,0
0,0,0,0
0,0,0,0
0,0,0,0
0,0,0,0
0,0,0,0
0,0,0,0
0,0,0,0
0,0,0,0
0,0,0,0
0,0,0,0
0,0,0,0
0,0,0,0
0,0,0,0
0,0,0,0
0,0,0,0
0,0,0,0
0,0,0,0
0,0,0,0
0,0,0,0
0,0,0,0
0,0,0,0
0,0,0,0
0,0,0,0
0,0,0,0
0,0,0,0
0,0,0,0
0,0,0,0
0,0,0,0
0,0,0,0
0,0,0,0
0,0,0,0
0,0,0,0
0,0,0,0
0,0,0,0
0,0,0,0
0,0,0,0
0,0,0,0
0,0,0,0
0,0,0,0
0,0,0,0
0,0,0,0
0,0,0,0
0,0,0,0
0,0,0,0
0,0,0,0
0,0,0,0
0,0,0,0
0,0,0,0
0,0,0,0
0,0,0,0
0,0,0,0
0,0,0,0
0,0,0,0
0,0,0,0
0,0,0,0
0,0,0,0
0,0,0,0
0,0,0,0
0,0,0,0
0,0,0,0
0,0,0,0
0,0,0,0
0,0,0,0
0,0,0,0
0,0,0,0
0,0,0,0
0,0,0,0
0,0,0,0
0,0,0,0
0,0,0,0
0,0,0,0
0,0,0,0
0,0,0,0
0,0,0,0
0,0,0,0
0,0,0,0
0,0,0,0
0,0,0,0
0,0,0,0
0,0,0,0
0,0,0,0
0,0,0,0
0,0,0,0
0,0,0,0
0,0,0,0
0,0,0,0
0,0,0,0
0,0,0,0
0,0,0,0
0,0,0,0
0,0,0,0
0,0,0,0
0,0,0,0
0,0,0,0
0,0,0,0
0,0,0,0
0,0,0,0
0,0,0,0
0,0,0,0
0,0,0,0
0,0,0,0
0,0,0,0
0,0,0,0
0,0,0,0
0,0,0,0
0,0,0,0
0,0,0,0
0,0,0,0
0,0,0,0
0,0,0,0
0,0,0,0
0,0,0,0
0,0,0,0
0,0,0,0
0,0,0,0
0,0,0,0
0,0,0,0
0,0,0,0
0,0,0,0
0,0,0,0
0,0,0,0
0,0,0,0
0,0,0,0
0,0,0,0
0,0,0,0
0,0,0,0
0,0,0,0
0,0,0,0
0,0,0,0
0,0,0,0
0,0,0,0
0,0,0,0
0,0,0,0
0,0,0,0
0,0,0,0
0,0,0,0
0,0,0,0
0,0,0,0
0,0,0,0
0,0,0,0
0,0,0,0
0,0,0,0
0,0,0,0
0,0,0,0
0,0,0,0
0,0,0,0
0,0,0,0
0,0,0,0
0,0,0,0
0,0,0,0
0,0,0,0
0,0,0,0
0,0,0,0
0,0,0,0
0,0,0,0
0,0,0,0
0,0,0,0
0,0,0,0
0,0,0,0
0,0,0,0
0,0,0,0
0,0,0,0
0,0,0,0
0,0,0,0
0,0,0,0
0,0,0,0
0,0,0,0
0,0,0,0
0,0,0,0
0,0,0,0
0,0,0,0
0,0,0,0
0,0,0,0
0,0,0,0
0,0,0,0
0,0,0,0
0,0,0,0
0,0,0,0
0,0,0,0
0,0,0,0
0,0,0,0
0,0,0,0
0,0,0,0
0,0,0,0
0,0,0,0
0,0,0,0
0,0,0,0
0,0,0,0
0,0,0,0
0,0,0,0
0,0,0,0
0,0,0,0
0,0,0,0
0,0,0,0
0,0,0,0
0,0,0,0
0,0,0,0
0,0,0,0
0,0,0,0
0,0,0,0
0,0,0,0
0,0,0,0
0,0,0,0
0,0,0,0
0,0,0,0
0,0,0,0
0,0,0,0
0,0,0,0
0,0,0,0
0,0,0,0
0,0,0,0
0,0,0,0
0,0,0,0
0,0,0,0
0,0,0,0
0,0,0,0
0,0,0,0
0,0,0,0
0,0,0,0
0,0,0,0
0,0,0,0
0,0,0,0
0,0,0,0
0,0,0,0
0,0,0,0
0,0,0,0
0,0,0,0
0,0,0,0
0,0,0,0
0,0,0,0
0,0,0,0
0,0,0,0
0,0,0,0
0,0,0,0
0,0,0,0
0,0,0,0
0,0,0,0
0,0,0,0
0,0,0,0
0,0,0,0
0,0,0,0
0,0,0,0
0,0,0,0
0,0,0,0
0,0,0,0
0,0,0,0
0,0,0,0
0,0,0,0
0,0,0,0
0,0,0,0
0,0,0,0
0,0,0,0
0,0,0,0
0,0,0,0
0,0,0,0
0,0,0,0
0,0,0,0
0,0,0,0
0,0,0,0
0,0,0,0
0,0,0,0
0,0,0,0
0,0,0,0
0,0,0,0
0,0,0,0
0,0,0,0
0,0,0,0
0,0,0,0
0,0,0,0
0,0,0,0
0,0,0,0
0,0,0,0
0,0,0,0
0,0,0,0
0,0,0,0
0,0,0,0
0,0,0,0
0,0,0,0
0,0,0,0
0,0,0,0
0,0,0,0
0,0,0,0
0,0,0,0
0,0,0,0
0,0,0,0
0,0,0,0
0,0,0,0
0,0,0,0
0,0,0,0
0,0,0,0
0,0,0,0
0,0,0,0
0,0,0,0
0,0,0,0
0,0,0,0
0,0,0,0
0,0,0,0
0,0,0,0
0,0,0,0
0,0,0,0
0,0,0,0
0,0,0,0
0,0,0,0
0,0,0,0
0,0,0,0
0,0,0,0
0,0,0,0
0,0,0,0
0,0,0,0
0,0,0,0
0,0,0,0
0,0,0,0
0,0,0,0
0,0,0,0
0,0,0,0
0,0,0,0
0,0,0,0
0,0,0,0
0,0,0,0
0,0,0,0
0,0,0,0
0,0,0,0
0,0,0,0
0,0,0,0
0,0,0,0
0,0,0,0
0,0,0,0
0,0,0,0
0,0,0,0
0,0,0,0
0,0,0,0
0,0,0,0
0,0,0,0
0,0,0,0
0,0,0,0
0,0,0,0
0,0,0,0
0,0,0,0
0,0,0,0
0,0,0,0
0,0,0,0
0,0,0,0
0,0,0,0
0,0,0,0
0,0,0,0
0,0,0,0
0,0,0,0
0,0,0,0
0,0,0,0
0,0,0,0
0,0,0,0
0,0,0,0
0,0,0,0
0,0,0,0
0,0,0,0
0,0,0,0
0,0,0,0
0,0,0,0
0,0,0,0
0,0,0,0
0,0,0,0
0,0,0,0
0,0,0,0
0,0,0,0
0,0,0,0
0,0,0,0
0,0,0,0
0,0,0,0
0,0,0,0
0,0,0,0
0,0,0,0
0,0,0,0
0,0,0,0
0,0,0,0
0,0,0,0
0,0,0,0
0,0,0,0
0,0,0,0
0,0,0,0
0,0,0,0
0,0,0,0
0,0,0,0
0,0,0,0
0,0,0,0
0,0,0,0
0,0,0,0
0,0,0,0
0,0,0,0
0,0,0,0
0,0,0,0
0,0,0,0
0,0,0,0
0,0,0,0
0,0,0,0
0,0,0,0
0,0,0,0
0,0,0,0
0,0,0,0
0,0,0,0
0,0,0,0
0,0,0,0
0,0,0,0
0,0,0,0
0,0,0,0
0,0,0,0
0,0,0,0
0,0,0,0
0,0,0,0
0,0,0,0
0,0,0,0
0,0,0,0
0,0,0,0
0,0,0,0
0,0,0,0
0,0,0,0
0,0,0,0
0,0,0,0
0,0,0,0
0,0,0,0
0,0,0,0
0,0,0,0
0,0,0,0
0,0,0,0
0,0,0,0
0,0,0,0
0,0,0,0
0,0,0,0
0,0,0,0
0,0,0,0
0,0,0,0
0,0,0,0
0,0,0,0
0,0,0,0
0,0,0,0
0,0,0,0
0,0,0,0
0,0,0,0
0,0,0,0
0,0,0,0
0,0,0,0
0,0,0,0
0,0,0,0
0,0,0,0
0,0,0,0
0,0,0,0
0,0,0,0
0,0,0,0
0,0,0,0
0,0,0,0
0,0,0,0
0,0,0,0
0,0,0,0
0,0,0,0
0,0,0,0
0,0,0,0
0,0,0,0
0,0,0,0
0,0,0,0
0,0,0,0
0,0,0,0
0,0,0,0
0,0,0,0
0,0,0,0
0,0,0,0
0,0,0,0
0,0,0,0
0,0,0,0
0,0,0,0
0,0,0,0
0,0,0,0
0,0,0,0
0,0,0,0
0,0,0,0
0,0,0,0
0,0,0,0
0,0,0,0
0,0,0,0
0,0,0,0
0,0,0,0
0,0,0,0
0,0,0,0
0,0,0,0
0,0,0,0
0,0,0,0
0,0,0,0
0,0,0,0
0,0,0,0
0,0,0,0
0,0,0,0
0,0,0,0
0,0,0,0
0,0,0,0
0,0,0,0
0,0,0,0
0,0,0,0
0,0,0,0
0,0,0,0
0,0,0,0
0,0,0,0
0,0,0,0
0,0,0,0
0,0,0,0
0,0,0,0
0,0,0,0
0,0,0,0
0,0,0,0
0,0,0,0
0,0,0,0
0,0,0,0
0,0,0,0
0,0,0,0
0,0,0,0
0,0,0,0
0,0,0,0
0,0,0,0
0,0,0,0
0,0,0,0
0,0,0,0
0,0,0,0
0,0,0,0
0,0,0,0
0,0,0,0
0,0,0,0
0,0,0,0
0,0,0,0
0,0,0,0
0,0,0,0
0,0,0,0
0,0,0,0
0,0,0,0
0,0,0,0
0,0,0,0
0,0,0,0
0,0,0,0
0,0,0,0
0,0,0,0
0,0,0,0
0,0,0,0
0,0,0,0
0,0,0,0
0,0,0,0
0,0,0,0
0,0,0,0
0,0,0,0
0,0,0,0
0,0,0,0
0,0,0,0
0,0,0,0
0,0,0,0
0,0,0,0
0,0,0,0
0,0,0,0
0,0,0,0
0,0,0,0
0,0,0,0
0,0,0,0
0,0,0,0
0,0,0,0
0,0,0,0
0,0,0,0
0,0,0,0
0,0,0,0
0,0,0,0
0,0,0,0
0,0,0,0
0,0,0,0
0,0,0,0
0,0,0,0
0,0,0,0
0,0,0,0
0,0,0,0
0,0,0,0
0,0,0,0
0,0,0,0
0,0,0,0
0,0,0,0
0,0,0,0
0,0,0,0
0,0,0,0
0,0,0,0
0,0,0,0
0,0,0,0
0,0,0,0
0,0,0,0
0,0,0,0
0,0,0,0
0,0,0,0
0,0,0,0
0,0,0,0
0,0,0,0
0,0,0,0
0,0,0,0
0,0,0,0
0,0,0,0
0,0,0,0
0,0,0,0
0,0,0,0
0,0,0,0
0,0,0,0
0,0,0,0
0,0,0,0
0,0,0,0
0,0,0,0
0,0,0,0
0,0,0,0
0,0,0,0
0,0,0,0
0,0,0,0
0,0,0,0
0,0,0,0
0,0,0,0
0,0,0,0
0,0,0,0
0,0,0,0
0,0,0,0
0,0,0,0
0,0,0,0
0,0,0,0
0,0,0,0
0,0,0,0
0,0,0,0
0,0,0,0
0,0,0,0
0,0,0,0
0,0,0,0
0,0,0,0
0,0,0,0
0,0,0,0
0,0,0,0
0,0,0,0
0,0,0,0
0,0,0,0
0,0,0,0
0,0,0,0
0,0,0,0
0,0,0,0
0,0,0,0
0,0,0,0
0,0,0,0
0,0,0,0
0,0,0,0
0,0,0,0
0,0,0,0
0,0,0,0
0,0,0,0
0,0,0,0
0,0,0,0
0,0,0,0
0,0,0,0
0,0,0,0
0,0,0,0
0,0,0,0
0,0,0,0
0,0,0,0
0,0,0,0
0,0,0,0
0,0,0,0
0,0,0,0
0,0,0,0
0,0,0,0
0,0,0,0
0,0,0,0
0,0,0,0
0,0,0,0
0,0,0,0
0,0,0,0
0,0,0,0
0,0,0,0
0,0,0,0
0,0,0,0
0,0,0,0
0,0,0,0
0,0,0,0
0,0,0,0
0,0,0,0
0,0,0,0
0,0,0,0
0,0,0,0
0,0,0,0
0,0,0,0
0,0,0,0
0,0,0,0
0,0,0,0
0,0,0,0
0,0,0,0
0,0,0,0
0,0,0,0
0,0,0,0
0,0,0,0
0,0,0,0
0,0,0,0
0,0,0,0
0,0,0,0
0,0,0,0
0,0,0,0
0,0,0,0
0,0,0,0
0,0,0,0
0,0,0,0
0,0,0,0
0,0,0,0
0,0,0,0
0,0,0,0
0,0,0,0
0,0,0,0
0,0,0,0
0,0,0,0
0,0,0,0
0,0,0,0
0,0,0,0
0,0,0,0
0,0,0,0
0,0,0,0
0,0,0,0
0,0,0,0
0,0,0,0
0,0,0,0
0,0,0,0
0,0,0,0
0,0,0,0
0,0,0,0
0,0,0,0
0,0,0,0
0,0,0,0
0,0,0,0
0,0,0,0
0,0,0,0
0,0,0,0
0,0,0,0
0,0,0,0
0,0,0,0
0,0,0,0
0,0,0,0
0,0,0,0
0,0,0,0
0,0,0,0
0,0,0,0
0,0,0,0
0,0,0,0
0,0,0,0
0,0,0,0
0,0,0,0
0,0,0,0
0,0,0,0
0,0,0,0
0,0,0,0
0,0,0,0
0,0,0,0
0,0,0,0
0,0,0,0
0,0,0,0
0,0,0,0
0,0,0,0
0,0,0,0
0,0,0,0
0,0,0,0
0,0,0,0
0,0,0,0
0,0,0,0
0,0,0,0
0,0,0,0
0,0,0,0
0,0,0,0
0,0,0,0
0,0,0,0
0,0,0,0
0,0,0,0
0,0,0,0
0,0,0,0
0,0,0,0
0,0,0,0
0,0,0,0
0,0,0,0
0,0,0,0
0,0,0,0
0,0,0,0
0,0,0,0
0,0,0,0
0,0,0,0
0,0,0,0
0,0,0,0
0,0,0,0
0,0,0,0
0,0,0,0
0,0,0,0
0,0,0,0
0,0,0,0
0,0,0,0
0,0,0,0
0,0,0,0
0,0,0,0
0,0,0,0
0,0,0,0
0,0,0,0
0,0,0,0
0,0,0,0
0,0,0,0
0,0,0,0
0,0,0,0
0,0,0,0
0,0,0,0
0,0,0,0
0,0,0,0
0,0,0,0
0,0,0,0
0,0,0,0
0,0,0,0
0,0,0,0
0,0,0,0
0,0,0,0
0,0,0,0
0,0,0,0
0,0,0,0
0,0,0,0
0,0,0,0
0,0,0,0
0,0,0,0
0,0,0,0
0,0,0,0
0,0,0,0
0,0,0,0
0,0,0,0
0,0,0,0
0,0,0,0
0,0,0,0
0,0,0,0
0,0,0,0
0,0,0,0
0,0,0,0
0,0,0,0
0,0,0,0
0,0,0,0
0,0,0,0
0,0,0,0
0,0,0,0
0,0,0,0
0,0,0,0
0,0,0,0
0,0,0,0
0,0,0,0
0,0,0,0
0,0,0,0
0,0,0,0
0,0,0,0
0,0,0,0
0,0,0,0
0,0,0,0
0,0,0,0
0,0,0,0
0,0,0,0
0,0,0,0
0,0,0,0
0,0,0,0
0,0,0,0
0,0,0,0
0,0,0,0
0,0,0,0
0,0,0,0
0,0,0,0
0,0,0,0
0,0,0,0
0,0,0,0
0,0,0,0
0,0,0,0
0,0,0,0
0,0,0,0
0,0,0,0
0,0,0,0
0,0,0,0
0,0,0,0
0,0,0,0
0,0,0,0
0,0,0,0
0,0,0,0
0,0,0,0
0,0,0,0
0,0,0,0
0,0,0,0
0,0,0,0
0,0,0,0
0,0,0,0
0,0,0,0
0,0,0,0
0,0,0,0
0,0,0,0
0,0,0,0
0,0,0,0
0,0,0,0
0,0,0,0
0,0,0,0
0,0,0,0
0,0,0,0
0,0,0,0
0,0,0,0
0,0,0,0
0,0,0,0
0,0,0,0
0,0,0,0
0,0,0,0
0,0,0,0
0,0,0,0
0,0,0,0
0,0,0,0
0,0,0,0
0,0,0,0
0,0,0,0
0,0,0,0
0,0,0,0
0,0,0,0
0,0,0,0
0,0,0,0
0,0,0,0
0,0,0,0
0,0,0,0
0,0,0,0
0,0,0,0
0,0,0,0
0,0,0,0
0,0,0,0
0,0,0,0
0,0,0,0
0,0,0,0
0,0,0,0
0,0,0,0
0,0,0,0
0,0,0,0
0,0,0,0
0,0,0,0
0,0,0,0
0,0,0,0
0,0,0,0
0,0,0,0
0,0,0,0
0,0,0,0
0,0,0,0
0,0,0,0
0,0,0,0
0,0,0,0
0,0,0,0
0,0,0,0
0,0,0,0
0,0,0,0
0,0,0,0
0,0,0,0
0,0,0,0
0,0,0,0
0,0,0,0
0,0,0,0
0,0,0,0
0,0,0,0
0,0,0,0
0,0,0,0
0,0,0,0
0,0,0,0
0,0,0,0
0,0,0,0
0,0,0,0
0,0,0,0
0,0,0,0
0,0,0,0
0,0,0,0
0,0,0,0
0,0,0,0
0,0,0,0
0,0,0,0
0,0,0,0
0,0,0,0
0,0,0,0
0,0,0,0
0,0,0,0
0,0,0,0
0,0,0,0
0,0,0,0
0,0,0,0
0,0,0,0
0,0,0,0
0,0,0,0
0,0,0,0
0,0,0,0
0,0,0,0
0,0,0,0
0,0,0,0
0,0,0,0
0,0,0,0
0,0,0,0
0,0,0,0
0,0,0,0
0,0,0,0
0,0,0,0
0,0,0,0
0,0,0,0
0,0,0,0
0,0,0,0
0,0,0,0
0,0,0,0
0,0,0,0
0,0,0,0
0,0,0,0
0,0,0,0
0,0,0,0
0,0,0,0
0,0,0,0
0,0,0,0
0,0,0,0
0,0,0,0
0,0,0,0
0,0,0,0
0,0,0,0
0,0,0,0
0,0,0,0
0,0,0,0
0,0,0,0
0,0,0,0
0,0,0,0
0,0,0,0
0,0,0,0
0,0,0,0
0,0,0,0
0,0,0,0
0,0,0,0
0,0,0,0
0,0,0,0
0,0,0,0
0,0,0,0
0,0,0,0
0,0,0,0
0,0,0,0
0,0,0,0
0,0,0,0
0,0,0,0
0,0,0,0
0,0,0,0
0,0,0,0
0,0,0,0
0,0,0,0
0,0,0,0
0,0,0,0
0,0,0,0
0,0,0,0
0,0,0,0
0,0,0,0
0,0,0,0
0,0,0,0
0,0,0,0
0,0,0,0
0,0,0,0
0,0,0,0
0,0,0,0
0,0,0,0
0,0,0,0
0,0,0,0
0,0,0,0
0,0,0,0
0,0,0,0
0,0,0,0
0,0,0,0
0,0,0,0
0,0,0,0
0,0,0,0
0,0,0,0
0,0,0,0
0,0,0,0
0,0,0,0
0,0,0,0
0,0,0,0
0,0,0,0
0,0,0,0
0,0,0,0
0,0,0,0
0,0,0,0
0,0,0,0
0,0,0,0
0,0,0,0
0,0,0,0
0,0,0,0
0,0,0,0
0,0,0,0
0,0,0,0
0,0,0,0
0,0,0,0
0,0,0,0
0,0,0,0
0,0,0,0
0,0,0,0
0,0,0,0
0,0,0,0
0,0,0,0
0,0,0,0
0,0,0,0
0,0,0,0
0,0,0,0
0,0,0,0
0,0,0,0
0,0,0,0
0,0,0,0
0,0,0,0
0,0,0,0
0,0,0,0
0,0,0,0
0,0,0,0
0,0,0,0
0,0,0,0
0,0,0,0
0,0,0,0
0,0,0,0
0,0,0,0
0,0,0,0
0,0,0,0
0,0,0,0
0,0,0,0
0,0,0,0
0,0,0,0
0,0,0,0
0,0,0,0
0,0,0,0
0,0,0,0
0,0,0,0
0,0,0,0
0,0,0,0
0,0,0,0
0,0,0,0
0,0,0,0
0,0,0,0
0,0,0,0
0,0,0,0
0,0,0,0
0,0,0,0
0,0,0,0
0,0,0,0
0,0,0,0
0,0,0,0
0,0,0,0
0,0,0,0
0,0,0,0
0,0,0,0
0,0,0,0
0,0,0,0
0,0,0,0
0,0,0,0
0,0,0,0
0,0,0,0
0,0,0,0
0,0,0,0
0,0,0,0
0,0,0,0
0,0,0,0
0,0,0,0
0,0,0,0
0,0,0,0
0,0,0,0
0,0,0,0
0,0,0,0
0,0,0,0
0,0,0,0
0,0,0,0
0,0,0,0
0,0,0,0
0,0,0,0
0,0,0,0
0,0,0,0
0,0,0,0
0,0,0,0
0,0,0,0
0,0,0,0
0,0,0,0
0,0,0,0
0,0,0,0
0,0,0,0
0,0,0,0
0,0,0,0
0,0,0,0
0,0,0,0
0,0,0,0
0,0,0,0
0,0,0,0
0,0,0,0
0,0,0,0
0,0,0,0
0,0,0,0
0,0,0,0
0,0,0,0
0,0,0,0
0,0,0,0
0,0,0,0
0,0,0,0
0,0,0,0
0,0,0,0
0,0,0,0
0,0,0,0
0,0,0,0
0,0,0,0
0,0,0,0
0,0,0,0
0,0,0,0
0,0,0,0
0,0,0,0
0,0,0,0
0,0,0,0
0,0,0,0
0,0,0,0
0,0,0,0
0,0,0,0
0,0,0,0
0,0,0,0
0,0,0,0
0,0,0,0
0,0,0,0
0,0,0,0
0,0,0,0
0,0,0,0
0,0,0,0
0,0,0,0
0,0,0,0
0,0,0,0
0,0,0,0
0,0,0,0
0,0,0,0
0,0,0,0
0,0,0,0
0,0,0,0
0,0,0,0
0,0,0,0
0,0,0,0
0,0,0,0
0,0,0,0
0,0,0,0
0,0,0,0
0,0,0,0
0,0,0,0
0,0,0,0
0,0,0,0
0,0,0,0
0,0,0,0
0,0,0,0
0,0,0,0
0,0,0,0
0,0,0,0
0,0,0,0
0,0,0,0
0,0,0,0
0,0,0,0
0,0,0,0
0,0,0,0
0,0,0,0
0,0,0,0
0,0,0,0
0,0,0,0
0,0,0,0
0,0,0,0
0,0,0,0
0,0,0,0
0,0,0,0
0,0,0,0
0,0,0,0
0,0,0,0
0,0,0,0
0,0,0,0
0,0,0,0
0,0,0,0
0,0,0,0
0,0,0,0
0,0,0,0
0,0,0,0
0,0,0,0
0,0,0,0
0,0,0,0
0,0,0,0
0,0,0,0
0,0,0,0
0,0,0,0
0,0,0,0
0,0,0,0
0,0,0,0
0,0,0,0
0,0,0,0
0,0,0,0
0,0,0,0
0,0,0,0
0,0,0,0
0,0,0,0
0,0,0,0
0,0,0,0
0,0,0,0
0,0,0,0
0,0,0,0
0,0,0,0
0,0,0,0
0,0,0,0
0,0,0,0
0,0,0,0
0,0,0,0
0,0,0,0
0,0,0,0
0,0,0,0
0,0,0,0
0,0,0,0
0,0,0,0
0,0,0,0
0,0,0,0
0,0,0,0
0,0,0,0
0,0,0,0
0,0,0,0
0,0,0,0
0,0,0,0
0,0,0,0
0,0,0,0
0,0,0,0
0,0,0,0
0,0,0,0
0,0,0,0
0,0,0,0
0,0,0,0
0,0,0,0
0,0,0,0
0,0,0,0
0,0,0,0
0,0,0,0
0,0,0,0
0,0,0,0
0,0,0,0
0,0,0,0
0,0,0,0
0,0,0,0
0,0,0,0
0,0,0,0
0,0,0,0
0,0,0,0
0,0,0,0
0,0,0,0
0,0,0,0
0,0,0,0
0,0,0,0
0,0,0,0
0,0,0,0
0,0,0,0
0,0,0,0
0,0,0,0
0,0,0,0
0,0,0,0
0,0,0,0
0,0,0,0
0,0,0,0
0,0,0,0
0,0,0,0
0,0,0,0
0,0,0,0
0,0,0,0
0,0,0,0
0,0,0,0
0,0,0,0
0,0,0,0
0,0,0,0
0,0,0,0
0,0,0,0
0,0,0,0
0,0,0,0
0,0,0,0
0,0,0,0
0,0,0,0
0,0,0,0
0,0,0,0
0,0,0,0
0,0,0,0
0,0,0,0
0,0,0,0
0,0,0,0
0,0,0,0
0,0,0,0
0,0,0,0
0,0,0,0
0,0,0,0
0,0,0,0
0,0,0,0
0,0,0,0
0,0,0,0
0,0,0,0
0,0,0,0
0,0,0,0
0,0,0,0
0,0,0,0
0,0,0,0
0,0,0,0
0,0,0,0
0,0,0,0
0,0,0,0
0,0,0,0
0,0,0,0
0,0,0,0
0,0,0,0
0,0,0,0
0,0,0,0
0,0,0,0
0,0,0,0
0,0,0,0
0,0,0,0
0,0,0,0
0,0,0,0
0,0,0,0
0,0,0,0
0,0,0,0
0,0,0,0
0,0,0,0
0,0,0,0
0,0,0,0
0,0,0,0
0,0,0,0
0,0,0,0
0,0,0,0
0,0,0,0
0,0,0,0
0,0,0,0
0,0,0,0
0,0,0,0
0,0,0,0
0,0,0,0
0,0,0,0
0,0,0,0
0,0,0,0
0,0,0,0
0,0,0,0
0,0,0,0
0,0,0,0
0,0,0,0
0,0,0,0
0,0,0,0
0,0,0,0
0,0,0,0
0,0,0,0
0,0,0,0
0,0,0,0
0,0,0,0
0,0,0,0
0,0,0,0
0,0,0,0
0,0,0,0
0,0,0,0
0,0,0,0
0,0,0,0
0,0,0,0
0,0,0,0
0,0,0,0
0,0,0,0
0,0,0,0
0,0,0,0
0,0,0,0
0,0,0,0
0,0,0,0
0,0,0,0
0,0,0,0
0,0,0,0
0,0,0,0
0,0,0,0
0,0,0,0
0,0,0,0
0,0,0,0
0,0,0,0
0,0,0,0
0,0,0,0
0,0,0,0
0,0,0,0
0,0,0,0
0,0,0,0
0,0,0,0
0,0,0,0
0,0,0,0
0,0,0,0
0,0,0,0
0,0,0,0
0,0,0,0
0,0,0,0
0,0,0,0
0,0,0,0
0,0,0,0
0,0,0,0
0,0,0,0
0,0,0,0
0,0,0,0
0,0,0,0
0,0,0,0
0,0,0,0
0,0,0,0
0,0,0,0
0,0,0,0
0,0,0,0
0,0,0,0
0,0,0,0
0,0,0,0
0,0,0,0
0,0,0,0
0,0,0,0
0,0,0,0
0,0,0,0
0,0,0,0
0,0,0,0
0,0,0,0
0,0,0,0
0,0,0,0
0,0,0,0
0,0,0,0
0,0,0,0
0,0,0,0
0,0,0,0
0,0,0,0
0,0,0,0
0,0,0,0
0,0,0,0
0,0,0,0
0,0,0,0
0,0,0,0
0,0,0,0
0,0,0,0
0,0,0,0
0,0,0,0
0,0,0,0
0,0,0,0
0,0,0,0
0,0,0,0
0,0,0,0
0,0,0,0
0,0,0,0
0,0,0,0
0,0,0,0
0,0,0,0
0,0,0,0
0,0,0,0
0,0,0,0
0,0,0,0
0,0,0,0
0,0,0,0
0,0,0,0
0,0,0,0
0,0,0,0
0,0,0,0
0,0,0,0
0,0,0,0
0,0,0,0
0,0,0,0
0,0,0,0
0,0,0,0
0,0,0,0
0,0,0,0
0,0,0,0
0,0,0,0
0,0,0,0
0,0,0,0
0,0,0,0
0,0,0,0
0,0,0,0
0,0,0,0
0,0,0,0
0,0,0,0
0,0,0,0
0,0,0,0
0,0,0,0
0,0,0,0
0,0,0,0
0,0,0,0
0,0,0,0
0,0,0,0
0,0,0,0
0,0,0,0
0,0,0,0
0,0,0,0
0,0,0,0
0,0,0,0
0,0,0,0
0,0,0,0
0,0,0,0
0,0,0,0
0,0,0,0
0,0,0,0
0,0,0,0
0,0,0,0
0,0,0,0
0,0,0,0
0,0,0,0
0,0,0,0
0,0,0,0
0,0,0,0
0,0,0,0
0,0,0,0
0,0,0,0
0,0,0,0
0,0,0,0
0,0,0,0
0,0,0,0
0,0,0,0
0,0,0,0
0,0,0,0
0,0,0,0
0,0,0,0
0,0,0,0
0,0,0,0
0,0,0,0
0,0,0,0
0,0,0,0
0,0,0,0
0,0,0,0
0,0,0,0
0,0,0,0
0,0,0,0
0,0,0,0
0,0,0,0
0,0,0,0
0,0,0,0
0,0,0,0
0,0,0,0
0,0,0,0
0,0,0,0
0,0,0,0
0,0,0,0
0,0,0,0
0,0,0,0
0,0,0,0
0,0,0,0
0,0,0,0
0,0,0,0
0,0,0,0
0,0,0,0
0,0,0,0
0,0,0,0
0,0,0,0
0,0,0,0
0,0,0,0
0,0,0,0
0,0,0,0
0,0,0,0
0,0,0,0
0,0,0,0
0,0,0,0
0,0,0,0
0,0,0,0
0,0,0,0
0,0,0,0
0,0,0,0
0,0,0,0
0,0,0,0
0,0,0,0
0,0,0,0
0,0,0,0
0,0,0,0
0,0,0,0
0,0,0,0
0,0,0,0
0,0,0,0
0,0,0,0
0,0,0,0
0,0,0,0
0,0,0,0
0,0,0,0
0,0,0,0
0,0,0,0
0,0,0,0
0,0,0,0
0,0,0,0
0,0,0,0
0,0,0,0
0,0,0,0
0,0,0,0
0,0,0,0
0,0,0,0
0,0,0,0
0,0,0,0
0,0,0,0
0,0,0,0
0,0,0,0
0,0,0,0
0,0,0,0
0,0,0,0
0,0,0,0
0,0,0,0
0,0,0,0
0,0,0,0
0,0,0,0
0,0,0,0
0,0,0,0
0,0,0,0
0,0,0,0
0,0,0,0
0,0,0,0
0,0,0,0
0,0,0,0
0,0,0,0
0,0,0,0
0,0,0,0
0,0,0,0
0,0,0,0
0,0,0,0
0,0,0,0
0,0,0,0
0,0,0,0
0,0,0,0
0,0,0,0
0,0,0,0
0,0,0,0
0,0,0,0
0,0,0,0
0,0,0,0
0,0,0,0
0,0,0,0
0,0,0,0
0,0,0,0
0,0,0,0
0,0,0,0
0,0,0,0
0,0,0,0
0,0,0,0
0,0,0,0
0,0,0,0
0,0,0,0
0,0,0,0
0,0,0,0
0,0,0,0
0,0,0,0
0,0,0,0
0,0,0,0
0,0,0,0
0,0,0,0
0,0,0,0
0,0,0,0
0,0,0,0
0,0,0,0
0,0,0,0
0,0,0,0
0,0,0,0
0,0,0,0
0,0,0,0
0,0,0,0
0,0,0,0
0,0,0,0
0,0,0,0
0,0,0,0
0,0,0,0
0,0,0,0
0,0,0,0
0,0,0,0
0,0,0,0
0,0,0,0
0,0,0,0
0,0,0,0
0,0,0,0
0,0,0,0
0,0,0,0
0,0,0,0
0,0,0,0
0,0,0,0
0,0,0,0
0,0,0,0
0,0,0,0
0,0,0,0
0,0,0,0
0,0,0,0
0,0,0,0
0,0,0,0
0,0,0,0
0,0,0,0
0,0,0,0
0,0,0,0
0,0,0,0
0,0,0,0
0,0,0,0
0,0,0,0
0,0,0,0
0,0,0,0
0,0,0,0
0,0,0,0
0,0,0,0
0,0,0,0
0,0,0,0
0,0,0,0
0,0,0,0
0,0,0,0
0,0,0,0
0,0,0,0
0,0,0,0
0,0,0,0
0,0,0,0
0,0,0,0
0,0,0,0
0,0,0,0
0,0,0,0
0,0,0,0
0,0,0,0
0,0,0,0
0,0,0,0
0,0,0,0
0,0,0,0
0,0,0,0
0,0,0,0
0,0,0,0
0,0,0,0
0,0,0,0
0,0,0,0
0,0,0,0
0,0,0,0
0,0,0,0
0,0,0,0
0,0,0,0
0,0,0,0
0,0,0,0
0,0,0,0
0,0,0,0
0,0,0,0
0,0,0,0
0,0,0,0
0,0,0,0
0,0,0,0
0,0,0,0
0,0,0,0
0,0,0,0
0,0,0,0
0,0,0,0
0,0,0,0
0,0,0,0
0,0,0,0
0,0,0,0
0,0,0,0
0,0,0,0
0,0,0,0
0,0,0,0
0,0,0,0
0,0,0,0
0,0,0,0
0,0,0,0
0,0,0,0
0,0,0,0
0,0,0,0
0,0,0,0
0,0,0,0
0,0,0,0
0,0,0,0
0,0,0,0
0,0,0,0
0,0,0,0
0,0,0,0
0,0,0,0
0,0,0,0
0,0,0,0
0,0,0,0
0,0,0,0
0,0,0,0
0,0,0,0
0,0,0,0
0,0,0,0
0,0,0,0
0,0,0,0
0,0,0,0
0,0,0,0
0,0,0,0
0,0,0,0
0,0,0,0
0,0,0,0
0,0,0,0
0,0,0,0
0,0,0,0
0,0,0,0
0,0,0,0
0,0,0,0
0,0,0,0
0,0,0,0
0,0,0,0
0,0,0,0
0,0,0,0
0,0,0,0
0,0,0,0
0,0,0,0
0,0,0,0
0,0,0,0
0,0,0,0
0,0,0,0
0,0,0,0
0,0,0,0
0,0,0,0
0,0,0,0
0,0,0,0
0,0,0,0
0,0,0,0
0,0,0,0
0,0,0,0
0,0,0,0
0,0,0,0
0,0,0,0
0,0,0,0
0,0,0,0
0,0,0,0
0,0,0,0
0,0,0,0
0,0,0,0
0,0,0,0
0,0,0,0
0,0,0,0
0,0,0,0
0,0,0,0
0,0,0,0
0,0,0,0
0,0,0,0
0,0,0,0
0,0,0,0
0,0,0,0
0,0,0,0
0,0,0,0
0,0,0,0
0,0,0,0
0,0,0,0
0,0,0,0
0,0,0,0
0,0,0,0
0,0,0,0
0,0,0,0
0,0,0,0
0,0,0,0
0,0,0,0
0,0,0,0
0,0,0,0
0,0,0,0
0,0,0,0
0,0,0,0
0,0,0,0
0,0,0,0
0,0,0,0
0,0,0,0
0,0,0,0
0,0,0,0
0,0,0,0
0,0,0,0
0,0,0,0
0,0,0,0
0,0,0,0
0,0,0,0
0,0,0,0
0,0,0,0
0,0,0,0
0,0,0,0
0,0,0,0
0,0,0,0
0,0,0,0
0,0,0,0
0,0,0,0
0,0,0,0
0,0,0,0
0,0,0,0
0,0,0,0
0,0,0,0
0,0,0,0
0,0,0,0
0,0,0,0
0,0,0,0
0,0,0,0
0,0,0,0
0,0,0,0
0,0,0,0
0,0,0,0
0,0,0,0
0,0,0,0
0,0,0,0
0,0,0,0
0,0,0,0
0,0,0,0
0,0,0,0
0,0,0,0
0,0,0,0
0,0,0,0
0,0,0,0
0,0,0,0
0,0,0,0
0,0,0,0
0,0,0,0
0,0,0,0
0,0,0,0
0,0,0,0
0,0,0,0
0,0,0,0
0,0,0,0
0,0,0,0
0,0,0,0
0,0,0,0
0,0,0,0
0,0,0,0
0,0,0,0
0,0,0,0
0,0,0,0
0,0,0,0
0,0,0,0
0,0,0,0
0,0,0,0
0,0,0,0
0,0,0,0
0,0,0,0
0,0,0,0
0,0,0,0
0,0,0,0
0,0,0,0
0,0,0,0
0,0,0,0
0,0,0,0
0,0,0,0
0,0,0,0
0,0,0,0
0,0,0,0
0,0,0,0
0,0,0,0
0,0,0,0
0,0,0,0
0,0,0,0
0,0,0,0
0,0,0,0
0,0,0,0
0,0,0,0
0,0,0,0
0,0,0,0
0,0,0,0
0,0,0,0
0,0,0,0
0,0,0,0
0,0,0,0
0,0,0,0
0,0,0,0
0,0,0,0
0,0,0,0
0,0,0,0
0,0,0,0
0,0,0,0
0,0,0,0
0,0,0,0
0,0,0,0
0,0,0,0
0,0,0,0
0,0,0,0
0,0,0,0
0,0,0,0
0,0,0,0
0,0,0,0
0,0,0,0
0,0,0,0
0,0,0,0
0,0,0,0
0,0,0,0
0,0,0,0
0,0,0,0
0,0,0,0
0,0,0,0
0,0,0,0
0,0,0,0
0,0,0,0
0,0,0,0
0,0,0,0
0,0,0,0
0,0,0,0
0,0,0,0
0,0,0,0
0,0,0,0
0,0,0,0
0,0,0,0
0,0,0,0
0,0,0,0
0,0,0,0
0,0,0,0
0,0,0,0
0,0,0,0
0,0,0,0
0,0,0,0
0,0,0,0
0,0,0,0
0,0,0,0
0,0,0,0
0,0,0,0
0,0,0,0
0,0,0,0
0,0,0,0
0,0,0,0
0,0,0,0
0,0,0,0
0,0,0,0
0,0,0,0
0,0,0,0
0,0,0,0
0,0,0,0
0,0,0,0
0,0,0,0
0,0,0,0
0,0,0,0
0,0,0,0
0,0,0,0
0,0,0,0
0,0,0,0
0,0,0,0
0,0,0,0
0,0,0,0
0,0,0,0
0,0,0,0
0,0,0,0
0,0,0,0
0,0,0,0
0,0,0,0
0,0,0,0
0,0,0,0
0,0,0,0
0,0,0,0
0,0,0,0
0,0,0,0
0,0,0,0
0,0,0,0
0,0,0,0
0,0,0,0
0,0,0,0
0,0,0,0
0,0,0,0
0,0,0,0
0,0,0,0
0,0,0,0
0,0,0,0
0,0,0,0
0,0,0,0
0,0,0,0
0,0,0,0
0,0,0,0
0,0,0,0
0,0,0,0
0,0,0,0
0,0,0,0
0,0,0,0
0,0,0,0
0,0,0,0
0,0,0,0
0,0,0,0
0,0,0,0
0,0,0,0
0,0,0,0
0,0,0,0
0,0,0,0
0,0,0,0
0,0,0,0
0,0,0,0
0,0,0,0
0,0,0,0
0,0,0,0
0,0,0,0
0,0,0,0
0,0,0,0
0,0,0,0
0,0,0,0
0,0,0,0
0,0,0,0
0,0,0,0
0,0,0,0
0,0,0,0
0,0,0,0
0,0,0,0
0,0,0,0
0,0,0,0
0,0,0,0
0,0,0,0
0,0,0,0
0,0,0,0
0,0,0,0
0,0,0,0
0,0,0,0
0,0,0,0
0,0,0,0
0,0,0,0
0,0,0,0
0,0,0,0
0,0,0,0
0,0,0,0
0,0,0,0
0,0,0,0
0,0,0,0
0,0,0,0
0,0,0,0
0,0,0,0
0,0,0,0
0,0,0,0
0,0,0,0
0,0,0,0
0,0,0,0
0,0,0,0
0,0,0,0
0,0,0,0
0,0,0,0
0,0,0,0
0,0,0,0
0,0,0,0
0,0,0,0
0,0,0,0
0,0,0,0
0,0,0,0
0,0,0,0
0,0,0,0
0,0,0,0
0,0,0,0
0,0,0,0
0,0,0,0
0,0,0,0
0,0,0,0
0,0,0,0
0,0,0,0
0,0,0,0
0,0,0,0
0,0,0,0
0,0,0,0
0,0,0,0
0,0,0,0
0,0,0,0
0,0,0,0
0,0,0,0
0,0,0,0
0,0,0,0
0,0,0,0
0,0,0,0
0,0,0,0
0,0,0,0
0,0,0,0
0,0,0,0
0,0,0,0
0,0,0,0
0,0,0,0
0,0,0,0
0,0,0,0
0,0,0,0
0,0,0,0
0,0,0,0
0,0,0,0
0,0,0,0
0,0,0,0
0,0,0,0
0,0,0,0
0,0,0,0
0,0,0,0
0,0,0,0
0,0,0,0
0,0,0,0
0,0,0,0
0,0,0,0
0,0,0,0
0,0,0,0
0,0,0,0
0,0,0,0
0,0,0,0
0,0,0,0
0,0,0,0
0,0,0,0
0,0,0,0
0,0,0,0
0,0,0,0
0,0,0,0
0,0,0,0
0,0,0,0
0,0,0,0
0,0,0,0
0,0,0,0
0,0,0,0
0,0,0,0
0,0,0,0
0,0,0,0
0,0,0,0
0,0,0,0
0,0,0,0
0,0,0,0
0,0,0,0
0,0,0,0
0,0,0,0
0,0,0,0
0,0,0,0
0,0,0,0
0,0,0,0
0,0,0,0
0,0,0,0
0,0,0,0
0,0,0,0
0,0,0,0
0,0,0,0
0,0,0,0
0,0,0,0
0,0,0,0
0,0,0,0
0,0,0,0
0,0,0,0
0,0,0,0
0,0,0,0
0,0,0,0
0,0,0,0
0,0,0,0
0,0,0,0
0,0,0,0
0,0,0,0
0,0,0,0
0,0,0,0
0,0,0,0
0,0,0,0
0,0,0,0
0,0,0,0
0,0,0,0
0,0,0,0
0,0,0,0
0,0,0,0
0,0,0,0
0,0,0,0
0,0,0,0
0,0,0,0
0,0,0,0
0,0,0,0
0,0,0,0
0,0,0,0
0,0,0,0
0,0,0,0
0,0,0,0
0,0,0,0
0,0,0,0
0,0,0,0
0,0,0,0
0,0,0,0
0,0,0,0
0,0,0,0
0,0,0,0
0,0,0,0
0,0,0,0
0,0,0,0
0,0,0,0
0,0,0,0
0,0,0,0
0,0,0,0
0,0,0,0
0,0,0,0
0,0,0,0
0,0,0,0
0,0,0,0
0,0,0,0
0,0,0,0
0,0,0,0
0,0,0,0
0,0,0,0
0,0,0,0
0,0,0,0
0,0,0,0
0,0,0,0
0,0,0,0
0,0,0,0
0,0,0,0
0,0,0,0
0,0,0,0
0,0,0,0
0,0,0,0
0,0,0,0
0,0,0,0
0,0,0,0
0,0,0,0
0,0,0,0
0,0,0,0
0,0,0,0
0,0,0,0
0,0,0,0
0,0,0,0
0,0,0,0
0,0,0,0
0,0,0,0
0,0,0,0
0,0,0,0
0,0,0,0
0,0,0,0
0,0,0,0
0,0,0,0
0,0,0,0
0,0,0,0
0,0,0,0
0,0,0,0
0,0,0,0
0,0,0,0
0,0,0,0
0,0,0,0
0,0,0,0
0,0,0,0
0,0,0,0
0,0,0,0
0,0,0,0
0,0,0,0
0,0,0,0
0,0,0,0
0,0,0,0
0,0,0,0
0,0,0,0
0,0,0,0
0,0,0,0
0,0,0,0
0,0,0,0
0,0,0,0
0,0,0,0
0,0,0,0
0,0,0,0
0,0,0,0
0,0,0,0
0,0,0,0
0,0,0,0
0,0,0,0
0,0,0,0
0,0,0,0
0,0,0,0
0,0,0,0
0,0,0,0
0,0,0,0
0,0,0,0
0,0,0,0
0,0,0,0
0,0,0,0
0,0,0,0
0,0,0,0
0,0,0,0
0,0,0,0
0,0,0,0
0,0,0,0
0,0,0,0
0,0,0,0
0,0,0,0
0,0,0,0
0,0,0,0
0,0,0,0
0,0,0,0
0,0,0,0
0,0,0,0
0,0,0,0
0,0,0,0
0,0,0,0
0,0,0,0
0,0,0,0
0,0,0,0
0,0,0,0
0,0,0,0
0,0,0,0
0,0,0,0
0,0,0,0
0,0,0,0
0,0,0,0
0,0,0,0
0,0,0,0
0,0,0,0
0,0,0,0
0,0,0,0
0,0,0,0
0,0,0,0
0,0,0,0
0,0,0,0
0,0,0,0
0,0,0,0
0,0,0,0
0,0,0,0
0,0,0,0
0,0,0,0
0,0,0,0
0,0,0,0
0,0,0,0
0,0,0,0
0,0,0,0
0,0,0,0
0,0,0,0
0,0,0,0
0,0,0,0
0,0,0,0
0,0,0,0
0,0,0,0
0,0,0,0
0,0,0,0
0,0,0,0
0,0,0,0
0,0,0,0
0,0,0,0
0,0,0,0
0,0,0,0
0,0,0,0
0,0,0,0
0,0,0,0
0,0,0,0
0,0,0,0
0,0,0,0
0,0,0,0
0,0,0,0
0,0,0,0
0,0,0,0
0,0,0,0
0,0,0,0
0,0,0,0
0,0,0,0
0,0,0,0
0,0,0,0
0,0,0,0
0,0,0,0
0,0,0,0
0,0,0,0
0,0,0,0
0,0,0,0
0,0,0,0
0,0,0,0
0,0,0,0
0,0,0,0
0,0,0,0
0,0,0,0
0,0,0,0
0,0,0,0
0,0,0,0
0,0,0,0
0,0,0,0
0,0,0,0
0,0,0,0
0,0,0,0
0,0,0,0
0,0,0,0
0,0,0,0
0,0,0,0
0,0,0,0
0,0,0,0
0,0,0,0
0,0,0,0
0,0,0,0
0,0,0,0
0,0,0,0
0,0,0,0
0,0,0,0
0,0,0,0
0,0,0,0
0,0,0,0
0,0,0,0
0,0,0,0
0,0,0,0
0,0,0,0
0,0,0,0
0,0,0,0
0,0,0,0
0,0,0,0
0,0,0,0
0,0,0,0
0,0,0,0
0,0,0,0
0,0,0,0
0,0,0,0
0,0,0,0
0,0,0,0
0,0,0,0
0,0,0,0
0,0,0,0
0,0,0,0
0,0,0,0
0,0,0,0
0,0,0,0
0,0,0,0
0,0,0,0
0,0,0,0
0,0,0,0
0,0,0,0
0,0,0,0
0,0,0,0
0,0,0,0
0,0,0,0
0,0,0,0
0,0,0,0
0,0,0,0
0,0,0,0
0,0,0,0
0,0,0,0
0,0,0,0
0,0,0,0
0,0,0,0
0,0,0,0
0,0,0,0
0,0,0,0
0,0,0,0
0,0,0,0
0,0,0,0
0,0,0,0
0,0,0,0
0,0,0,0
0,0,0,0
0,0,0,0
0,0,0,0
0,0,0,0
0,0,0,0
0,0,0,0
0,0,0,0
0,0,0,0
0,0,0,0
0,0,0,0
0,0,0,0
0,0,0,0
0,0,0,0
0,0,0,0
0,0,0,0
0,0,0,0
0,0,0,0
0,0,0,0
0,0,0,0
0,0,0,0
0,0,0,0
0,0,0,0
0,0,0,0
0,0,0,0
0,0,0,0
0,0,0,0
0,0,0,0
0,0,0,0
0,0,0,0
0,0,0,0
0,0,0,0
0,0,0,0
0,0,0,0
0,0,0,0
0,0,0,0
0,0,0,0
0,0,0,0
0,0,0,0
0,0,0,0
0,0,0,0
0,0,0,0
0,0,0,0
0,0,0,0
0,0,0,0
0,0,0,0
0,0,0,0
0,0,0,0
0,0,0,0
0,0,0,0
0,0,0,0
0,0,0,0
0,0,0,0
0,0,0,0
0,0,0,0
0,0,0,0
0,0,0,0
0,0,0,0
0,0,0,0
0,0,0,0
0,0,0,0
0,0,0,0
0,0,0,0
0,0,0,0
0,0,0,0
0,0,0,0
0,0,0,0
0,0,0,0
0,0,0,0
0,0,0,0
0,0,0,0
0,0,0,0
0,0,0,0
0,0,0,0
0,0,0,0
0,0,0,0
0,0,0,0
0,0,0,0
0,0,0,0
0,0,0,0
0,0,0,0
0,0,0,0
0,0,0,0
0,0,0,0
0,0,0,0
0,0,0,0
0,0,0,0
0,0,0,0
0,0,0,0
0,0,0,0
0,0,0,0
0,0,0,0
0,0,0,0
0,0,0,0
0,0,0,0
0,0,0,0
0,0,0,0
0,0,0,0
0,0,0,0
0,0,0,0
0,0,0,0
0,0,0,0
0,0,0,0
0,0,0,0
0,0,0,0
0,0,0,0
0,0,0,0
0,0,0,0
0,0,0,0
0,0,0,0
0,0,0,0
0,0,0,0
0,0,0,0
0,0,0,0
0,0,0,0
0,0,0,0
0,0,0,0
0,0,0,0
0,0,0,0
0,0,0,0
0,0,0,0
0,0,0,0
0,0,0,0
0,0,0,0
0,0,0,0
0,0,0,0
0,0,0,0
0,0,0,0
0,0,0,0
0,0,0,0
0,0,0,0
0,0,0,0
0,0,0,0
0,0,0,0
0,0,0,0
0,0,0,0
0,0,0,0
0,0,0,0
0,0,0,0
0,0,0,0
0,0,0,0
0,0,0,0
0,0,0,0
0,0,0,0
0,0,0,0
0,0,0,0
0,0,0,0
0,0,0,0
0,0,0,0
0,0,0,0
0,0,0,0
0,0,0,0
0,0,0,0
0,0,0,0
0,0,0,0
0,0,0,0
0,0,0,0
0,0,0,0
0,0,0,0
0,0,0,0
0,0,0,0
0,0,0,0
0,0,0,0
0,0,0,0
0,0,0,0
0,0,0,0
0,0,0,0
0,0,0,0
0,0,0,0
0,0,0,0
0,0,0,0
0,0,0,0
0,0,0,0
0,0,0,0
0,0,0,0
0,0,0,0
0,0,0,0
0,0,0,0
0,0,0,0
0,0,0,0
0,0,0,0
0,0,0,0
0,0,0,0
0,0,0,0
0,0,0,0
0,0,0,0
0,0,0,0
0,0,0,0
0,0,0,0
0,0,0,0
0,0,0,0
0,0,0,0
0,0,0,0
0,0,0,0
0,0,0,0
0,0,0,0
0,0,0,0
0,0,0,0
0,0,0,0
0,0,0,0
0,0,0,0
0,0,0,0
0,0,0,0
0,0,0,0
0,0,0,0
0,0,0,0
0,0,0,0
0,0,0,0
0,0,0,0
0,0,0,0
0,0,0,0
0,0,0,0
0,0,0,0
0,0,0,0
0,0,0,0
0,0,0,0
0,0,0,0
0,0,0,0
0,0,0,0
0,0,0,0
0,0,0,0
0,0,0,0
0,0,0,0
0,0,0,0
0,0,0,0
0,0,0,0
0,0,0,0
0,0,0,0
0,0,0,0
0,0,0,0
0,0,0,0
0,0,0,0
0,0,0,0
0,0,0,0
0,0,0,0
0,0,0,0
0,0,0,0
0,0,0,0
0,0,0,0
0,0,0,0
0,0,0,0
0,0,0,0
0,0,0,0
0,0,0,0
0,0,0,0
0,0,0,0
0,0,0,0
0,0,0,0
0,0,0,0
0,0,0,0
0,0,0,0
0,0,0,0
0,0,0,0
0,0,0,0
0,0,0,0
0,0,0,0
0,0,0,0
0,0,0,0
0,0,0,0
0,0,0,0
0,0,0,0
0,0,0,0
0,0,0,0
0,0,0,0
0,0,0,0
0,0,0,0
0,0,0,0
0,0,0,0
0,0,0,0
0,0,0,0
0,0,0,0
0,0,0,0
0,0,0,0
0,0,0,0
0,0,0,0
0,0,0,0
0,0,0,0
0,0,0,0
0,0,0,0
0,0,0,0
0,0,0,0
0,0,0,0
0,0,0,0
0,0,0,0
0,0,0,0
0,0,0,0
0,0,0,0
0,0,0,0
0,0,0,0
0,0,0,0
0,0,0,0
0,0,0,0
0,0,0,0
0,0,0,0
0,0,0,0
0,0,0,0
0,0,0,0
0,0,0,0
0,0,0,0
0,0,0,0
0,0,0,0
0,0,0,0
0,0,0,0
0,0,0,0
0,0,0,0
0,0,0,0
0,0,0,0
0,0,0,0
0,0,0,0
0,0,0,0
0,0,0,0
0,0,0,0
0,0,0,0
0,0,0,0
0,0,0,0
0,0,0,0
0,0,0,0
0,0,0,0
0,0,0,0
0,0,0,0
0,0,0,0
0,0,0,0
0,0,0,0
0,0,0,0
0,0,0,0
0,0,0,0
0,0,0,0
0,0,0,0
0,0,0,0
0,0,0,0
0,0,0,0
0,0,0,0
0,0,0,0
0,0,0,0
0,0,0,0
0,0,0,0
0,0,0,0
0,0,0,0
0,0,0,0
0,0,0,0
0,0,0,0
0,0,0,0
0,0,0,0
0,0,0,0
0,0,0,0
0,0,0,0
0,0,0,0
0,0,0,0
0,0,0,0
0,0,0,0
0,0,0,0
0,0,0,0
0,0,0,0
0,0,0,0
0,0,0,0
0,0,0,0
0,0,0,0
0,0,0,0
0,0,0,0
0,0,0,0
0,0,0,0
0,0,0,0
0,0,0,0
0,0,0,0
0,0,0,0
0,0,0,0
0,0,0,0
0,0,0,0
0,0,0,0
0,0,0,0
0,0,0,0
0,0,0,0
0,0,0,0
0,0,0,0
0,0,0,0
0,0,0,0
0,0,0,0
0,0,0,0
0,0,0,0
0,0,0,0
0,0,0,0
0,0,0,0
0,0,0,0
0,0,0,0
0,0,0,0
0,0,0,0
0,0,0,0
0,0,0,0
0,0,0,0
0,0,0,0
0,0,0,0
0,0,0,0
0,0,0,0
0,0,0,0
0,0,0,0
0,0,0,0
0,0,0,0
0,0,0,0
0,0,0,0
0,0,0,0
0,0,0,0
0,0,0,0
0,0,0,0
0,0,0,0
0,0,0,0
0,0,0,0
0,0,0,0
0,0,0,0
0,0,0,0
0,0,0,0
0,0,0,0
0,0,0,0
0,0,0,0
0,0,0,0
0,0,0,0
0,0,0,0
0,0,0,0
0,0,0,0
0,0,0,0
0,0,0,0
0,0,0,0
0,0,0,0
0,0,0,0
0,0,0,0
0,0,0,0
0,0,0,0
0,0,0,0
0,0,0,0
0,0,0,0
0,0,0,0
0,0,0,0
0,0,0,0
0,0,0,0
0,0,0,0
0,0,0,0
0,0,0,0
0,0,0,0
0,0,0,0
0,0,0,0
0,0,0,0
0,0,0,0
0,0,0,0
0,0,0,0
0,0,0,0
0,0,0,0
0,0,0,0
0,0,0,0
0,0,0,0
0,0,0,0
0,0,0,0
0,0,0,0
0,0,0,0
0,0,0,0
0,0,0,0
0,0,0,0
0,0,0,0
0,0,0,0
0,0,0,0
0,0,0,0
0,0,0,0
0,0,0,0
0,0,0,0
0,0,0,0
0,0,0,0
0,0,0,0
0,0,0,0
0,0,0,0
0,0,0,0
0,0,0,0
0,0,0,0
0,0,0,0
0,0,0,0
0,0,0,0
0,0,0,0
0,0,0,0
0,0,0,0
0,0,0,0
0,0,0,0
0,0,0,0
0,0,0,0
0,0,0,0
0,0,0,0
0,0,0,0
0,0,0,0
0,0,0,0
0,0,0,0
0,0,0,0
0,0,0,0
0,0,0,0
0,0,0,0
0,0,0,0
0,0,0,0
0,0,0,0
0,0,0,0
0,0,0,0
0,0,0,0
0,0,0,0
0,0,0,0
0,0,0,0
0,0,0,0
0,0,0,0
0,0,0,0
0,0,0,0
0,0,0,0
0,0,0,0
0,0,0,0
0,0,0,0
0,0,0,0
0,0,0,0
0,0,0,0
0,0,0,0
0,0,0,0
0,0,0,0
0,0,0,0
0,0,0,0
0,0,0,0
0,0,0,0
0,0,0,0
0,0,0,0
0,0,0,0
0,0,0,0
0,0,0,0
0,0,0,0
0,0,0,0
0,0,0,0
0,0,0,0
0,0,0,0
0,0,0,0
0,0,0,0
0,0,0,0
0,0,0,0
0,0,0,0
0,0,0,0
0,0,0,0
0,0,0,0
0,0,0,0
0,0,0,0
0,0,0,0
0,0,0,0
0,0,0,0
0,0,0,0
0,0,0,0
0,0,0,0
0,0,0,0
0,0,0,0
0,0,0,0
0,0,0,0
0,0,0,0
0,0,0,0
0,0,0,0
0,0,0,0
0,0,0,0
0,0,0,0
0,0,0,0
0,0,0,0
0,0,0,0
0,0,0,0
0,0,0,0
0,0,0,0
0,0,0,0
0,0,0,0
0,0,0,0
0,0,0,0
0,0,0,0
0,0,0,0
0,0,0,0
0,0,0,0
0,0,0,0
0,0,0,0
0,0,0,0
0,0,0,0
0,0,0,0
0,0,0,0
0,0,0,0
0,0,0,0
0,0,0,0
0,0,0,0
0,0,0,0
0,0,0,0
0,0,0,0
0,0,0,0
0,0,0,0
0,0,0,0
0,0,0,0
0,0,0,0
0,0,0,0
0,0,0,0
0,0,0,0
0,0,0,0
0,0,0,0
0,0,0,0
0,0,0,0
0,0,0,0
0,0,0,0
0,0,0,0
0,0,0,0
0,0,0,0
0,0,0,0
0,0,0,0
0,0,0,0
0,0,0,0
0,0,0,0
0,0,0,0
0,0,0,0
0,0,0,0
0,0,0,0
0,0,0,0
0,0,0,0
0,0,0,0
0,0,0,0
0,0,0,0
0,0,0,0
0,0,0,0
0,0,0,0
0,0,0,0
0,0,0,0
0,0,0,0
0,0,0,0
0,0,0,0
0,0,0,0
0,0,0,0
0,0,0,0
0,0,0,0
0,0,0,0
0,0,0,0
0,0,0,0
0,0,0,0
0,0,0,0
0,0,0,0
0,0,0,0
0,0,0,0
0,0,0,0
0,0,0,0
0,0,0,0
0,0,0,0
0,0,0,0
0,0,0,0
0,0,0,0
0,0,0,0
0,0,0,0
0,0,0,0
0,0,0,0
0,0,0,0
0,0,0,0
0,0,0,0
0,0,0,0
0,0,0,0
0,0,0,0
0,0,0,0
0,0,0,0
0,0,0,0
0,0,0,0
0,0,0,0
0,0,0,0
0,0,0,0
0,0,0,0
0,0,0,0
0,0,0,0
0,0,0,0
0,0,0,0
0,0,0,0
0,0,0,0
0,0,0,0
0,0,0,0
0,0,0,0
0,0,0,0
0,0,0,0
0,0,0,0
0,0,0,0
0,0,0,0
0,0,0,0
0,0,0,0
0,0,0,0
0,0,0,0
0,0,0,0
0,0,0,0
0,0,0,0
0,0,0,0
0,0,0,0
0,0,0,0
0,0,0,0
0,0,0,0
0,0,0,0
0,0,0,0
0,0,0,0
0,0,0,0
0,0,0,0
0,0,0,0
0,0,0,0
0,0,0,0
0,0,0,0
0,0,0,0
0,0,0,0
0,0,0,0
0,0,0,0
0,0,0,0
0,0,0,0
0,0,0,0
0,0,0,0
0,0,0,0
0,0,0,0
0,0,0,0
0,0,0,0
0,0,0,0
0,0,0,0
0,0,0,0
0,0,0,0
0,0,0,0
0,0,0,0
0,0,0,0
0,0,0,0
0,0,0,0
0,0,0,0
0,0,0,0
0,0,0,0
0,0,0,0
0,0,0,0
0,0,0,0
0,0,0,0
0,0,0,0
0,0,0,0
0,0,0,0
0,0,0,0
0,0,0,0
0,0,0,0
0,0,0,0
0,0,0,0
0,0,0,0
0,0,0,0
0,0,0,0
0,0,0,0
0,0,0,0
0,0,0,0
0,0,0,0
0,0,0,0
0,0,0,0
0,0,0,0
0,0,0,0
0,0,0,0
0,0,0,0
0,0,0,0
0,0,0,0
0,0,0,0
0,0,0,0
0,0,0,0
0,0,0,0
0,0,0,0
0,0,0,0
0,0,0,0
0,0,0,0
0,0,0,0
0,0,0,0
0,0,0,0
0,0,0,0
0,0,0,0
0,0,0,0
0,0,0,0
0,0,0,0
0,0,0,0
0,0,0,0
0,0,0,0
0,0,0,0
0,0,0,0
0,0,0,0
0,0,0,0
0,0,0,0
0,0,0,0
0,0,0,0
0,0,0,0
0,0,0,0
0,0,0,0
0,0,0,0
0,0,0,0
0,0,0,0
0,0,0,0
0,0,0,0
0,0,0,0
0,0,0,0
0,0,0,0
0,0,0,0
0,0,0,0
0,0,0,0
0,0,0,0
0,0,0,0
0,0,0,0
0,0,0,0
0,0,0,0
0,0,0,0
0,0,0,0
0,0,0,0
0,0,0,0
0,0,0,0
0,0,0,0
0,0,0,0
0,0,0,0
0,0,0,0
0,0,0,0
0,0,0,0
0,0,0,0
0,0,0,0
0,0,0,0
0,0,0,0
0,0,0,0
0,0,0,0
0,0,0,0
0,0,0,0
0,0,0,0
0,0,0,0
0,0,0,0
0,0,0,0
0,0,0,0
0,0,0,0
0,0,0,0
0,0,0,0
0,0,0,0
0,0,0,0
0,0,0,0
0,0,0,0
0,0,0,0
0,0,0,0
0,0,0,0
0,0,0,0
0,0,0,0
0,0,0,0
0,0,0,0
0,0,0,0
0,0,0,0
0,0,0,0
0,0,0,0
0,0,0,0
0,0,0,0
0,0,0,0
0,0,0,0
0,0,0,0
0,0,0,0
0,0,0,0
0,0,0,0
0,0,0,0
0,0,0,0
0,0,0,0
0,0,0,0
0,0,0,0
0,0,0,0
0,0,0,0
0,0,0,0
0,0,0,0
0,0,0,0
0,0,0,0
0,0,0,0
0,0,0,0
0,0,0,0
0,0,0,0
0,0,0,0
0,0,0,0
0,0,0,0
0,0,0,0
0,0,0,0
0,0,0,0
0,0,0,0
0,0,0,0
0,0,0,0
0,0,0,0
0,0,0,0
0,0,0,0
0,0,0,0
0,0,0,0
0,0,0,0
0,0,0,0
0,0,0,0
0,0,0,0
0,0,0,0
0,0,0,0
0,0,0,0
0,0,0,0
0,0,0,0
0,0,0,0
0,0,0,0
0,0,0,0
0,0,0,0
0,0,0,0
0,0,0,0
0,0,0,0
0,0,0,0
0,0,0,0
0,0,0,0
0,0,0,0
0,0,0,0
0,0,0,0
0,0,0,0
0,0,0,0
0,0,0,0
0,0,0,0
0,0,0,0
0,0,0,0
0,0,0,0
0,0,0,0
0,0,0,0
0,0,0,0
0,0,0,0
0,0,0,0
0,0,0,0
0,0,0,0
0,0,0,0
0,0,0,0
0,0,0,0
0,0,0,0
0,0,0,0
0,0,0,0
0,0,0,0
0,0,0,0
0,0,0,0
0,0,0,0
0,0,0,0
0,0,0,0
0,0,0,0
0,0,0,0
0,0,0,0
0,0,0,0
0,0,0,0
0,0,0,0
0,0,0,0
0,0,0,0
0,0,0,0
0,0,0,0
0,0,0,0
0,0,0,0
0,0,0,0
0,0,0,0
0,0,0,0
0,0,0,0
0,0,0,0
0,0,0,0
0,0,0,0
0,0,0,0
0,0,0,0
0,0,0,0
0,0,0,0
0,0,0,0
0,0,0,0
0,0,0,0
0,0,0,0
0,0,0,0
0,0,0,0
0,0,0,0
0,0,0,0
0,0,0,0
0,0,0,0
0,0,0,0
0,0,0,0
0,0,0,0
0,0,0,0
0,0,0,0
0,0,0,0
0,0,0,0
0,0,0,0
0,0,0,0
0,0,0,0
0,0,0,0
0,0,0,0
0,0,0,0
0,0,0,0
0,0,0,0
0,0,0,0
0,0,0,0
0,0,0,0
0,0,0,0
0,0,0,0
0,0,0,0
0,0,0,0
0,0,0,0
0,0,0,0
0,0,0,0
0,0,0,0
0,0,0,0
0,0,0,0
0,0,0,0
0,0,0,0
0,0,0,0
0,0,0,0
0,0,0,0
0,0,0,0
0,0,0,0
0,0,0,0
0,0,0,0
0,0,0,0
0,0,0,0
0,0,0,0
0,0,0,0
0,0,0,0
0,0,0,0
0,0,0,0
0,0,0,0
0,0,0,0
0,0,0,0
0,0,0,0
0,0,0,0
0,0,0,0
0,0,0,0
0,0,0,0
0,0,0,0
0,0,0,0
0,0,0,0
0,0,0,0
0,0,0,0
0,0,0,0
0,0,0,0
0,0,0,0
0,0,0,0
0,0,0,0
0,0,0,0
0,0,0,0
0,0,0,0
0,0,0,0
0,0,0,0
0,0,0,0
0,0,0,0
0,0,0,0
0,0,0,0
0,0,0,0
0,0,0,0
0,0,0,0
0,0,0,0
0,0,0,0
0,0,0,0
0,0,0,0
0,0,0,0
0,0,0,0
0,0,0,0
0,0,0,0
0,0,0,0
0,0,0,0
0,0,0,0
0,0,0,0
0,0,0,0
0,0,0,0
0,0,0,0
0,0,0,0
0,0,0,0
0,0,0,0
0,0,0,0
0,0,0,0
0,0,0,0
0,0,0,0
0,0,0,0
0,0,0,0
0,0,0,0
0,0,0,0
0,0,0,0
0,0,0,0
0,0,0,0
0,0,0,0
0,0,0,0
0,0,0,0
0,0,0,0
0,0,0,0
0,0,0,0
0,0,0,0
0,0,0,0
0,0,0,0
0,0,0,0
0,0,0,0
0,0,0,0
0,0,0,0
0,0,0,0
0,0,0,0
0,0,0,0
0,0,0,0
0,0,0,0
0,0,0,0
0,0,0,0
0,0,0,0
0,0,0,0
0,0,0,0
0,0,0,0
0,0,0,0
0,0,0,0
0,0,0,0
0,0,0,0
0,0,0,0
0,0,0,0
0,0,0,0
0,0,0,0
0,0,0,0
0,0,0,0
0,0,0,0
0,0,0,0
0,0,0,0
0,0,0,0
0,0,0,0
0,0,0,0
0,0,0,0
0,0,0,0
0,0,0,0
0,0,0,0
0,0,0,0
0,0,0,0
0,0,0,0
0,0,0,0
0,0,0,0
0,0,0,0
0,0,0,0
0,0,0,0
0,0,0,0
0,0,0,0
0,0,0,0
0,0,0,0
0,0,0,0
0,0,0,0
0,0,0,0
0,0,0,0
0,0,0,0
0,0,0,0
0,0,0,0
0,0,0,0
0,0,0,0
0,0,0,0
0,0,0,0
0,0,0,0
0,0,0,0
0,0,0,0
0,0,0,0
0,0,0,0
0,0,0,0
0,0,0,0
0,0,0,0
0,0,0,0
0,0,0,0
0,0,0,0
0,0,0,0
0,0,0,0
0,0,0,0
0,0,0,0
0,0,0,0
0,0,0,0
0,0,0,0
0,0,0,0
0,0,0,0
0,0,0,0
0,0,0,0
0,0,0,0
0,0,0,0
0,0,0,0
0,0,0,0
0,0,0,0
0,0,0,0
0,0,0,0
0,0,0,0
0,0,0,0
0,0,0,0
0,0,0,0
0,0,0,0
0,0,0,0
0,0,0,0
0,0,0,0
0,0,0,0
0,0,0,0
0,0,0,0
0,0,0,0
0,0,0,0
0,0,0,0
0,0,0,0
0,0,0,0
0,0,0,0
0,0,0,0
0,0,0,0
0,0,0,0
0,0,0,0
0,0,0,0
0,0,0,0
0,0,0,0
0,0,0,0
0,0,0,0
0,0,0,0
0,0,0,0
0,0,0,0
0,0,0,0
0,0,0,0
0,0,0,0
0,0,0,0
0,0,0,0
0,0,0,0
0,0,0,0
0,0,0,0
0,0,0,0
0,0,0,0
0,0,0,0
0,0,0,0
0,0,0,0
0,0,0,0
0,0,0,0
0,0,0,0
0,0,0,0
0,0,0,0
0,0,0,0
0,0,0,0
0,0,0,0
0,0,0,0
0,0,0,0
0,0,0,0
0,0,0,0
0,0,0,0
0,0,0,0
0,0,0,0
0,0,0,0
0,0,0,0
0,0,0,0
0,0,0,0
0,0,0,0
0,0,0,0
0,0,0,0
0,0,0,0
0,0,0,0
0,0,0,0
0,0,0,0
0,0,0,0
0,0,0,0
0,0,0,0
0,0,0,0
0,0,0,0
0,0,0,0
0,0,0,0
0,0,0,0
0,0,0,0
0,0,0,0
0,0,0,0
0,0,0,0
0,0,0,0
0,0,0,0
0,0,0,0
0,0,0,0
0,0,0,0
0,0,0,0
0,0,0,0
0,0,0,0
0,0,0,0
0,0,0,0
0,0,0,0
0,0,0,0
0,0,0,0
0,0,0,0
0,0,0,0
0,0,0,0
0,0,0,0
0,0,0,0
0,0,0,0
0,0,0,0
0,0,0,0
0,0,0,0
0,0,0,0
0,0,0,0
0,0,0,0
0,0,0,0
0,0,0,0
0,0,0,0
0,0,0,0
0,0,0,0
0,0,0,0
0,0,0,0
0,0,0,0
0,0,0,0
0,0,0,0
0,0,0,0
0,0,0,0
0,0,0,0
0,0,0,0
0,0,0,0
0,0,0,0
0,0,0,0
0,0,0,0
0,0,0,0
0,0,0,0
0,0,0,0
0,0,0,0
0,0,0,0
0,0,0,0
0,0,0,0
0,0,0,0
0,0,0,0
0,0,0,0
0,0,0,0
0,0,0,0
0,0,0,0
0,0,0,0
0,0,0,0
0,0,0,0
0,0,0,0
0,0,0,0
0,0,0,0
0,0,0,0
0,0,0,0
0,0,0,0
0,0,0,0
0,0,0,0
0,0,0,0
0,0,0,0
0,0,0,0
0,0,0,0
0,0,0,0
0,0,0,0
0,0,0,0
0,0,0,0
0,0,0,0
0,0,0,0
0,0,0,0
0,0,0,0
0,0,0,0
0,0,0,0
0,0,0,0
0,0,0,0
0,0,0,0
0,0,0,0
0,0,0,0
0,0,0,0
0,0,0,0
0,0,0,0
0,0,0,0
0,0,0,0
0,0,0,0
0,0,0,0
0,0,0,0
0,0,0,0
0,0,0,0
0,0,0,0
0,0,0,0
0,0,0,0
0,0,0,0
0,0,0,0
0,0,0,0
0,0,0,0
0,0,0,0
0,0,0,0
0,0,0,0
0,0,0,0
0,0,0,0
0,0,0,0
0,0,0,0
0,0,0,0
0,0,0,0
0,0,0,0
0,0,0,0
0,0,0,0
0,0,0,0
0,0,0,0
0,0,0,0
0,0,0,0
0,0,0,0
0,0,0,0
0,0,0,0
0,0,0,0
0,0,0,0
0,0,0,0
0,0,0,0
0,0,0,0
0,0,0,0
0,0,0,0
0,0,0,0
0,0,0,0
0,0,0,0
0,0,0,0
0,0,0,0
0,0,0,0
0,0,0,0
0,0,0,0
0,0,0,0
0,0,0,0
0,0,0,0
0,0,0,0
0,0,0,0
0,0,0,0
0,0,0,0
0,0,0,0
0,0,0,0
0,0,0,0
0,0,0,0
0,0,0,0
0,0,0,0
0,0,0,0
0,0,0,0
0,0,0,0
0,0,0,0
0,0,0,0
0,0,0,0
0,0,0,0
0,0,0,0
0,0,0,0
0,0,0,0
0,0,0,0
0,0,0,0
0,0,0,0
0,0,0,0
0,0,0,0
0,0,0,0
0,0,0,0
0,0,0,0
0,0,0,0
0,0,0,0
0,0,0,0
0,0,0,0
0,0,0,0
0,0,0,0
0,0,0,0
0,0,0,0
0,0,0,0
0,0,0,0
0,0,0,0
0,0,0,0
0,0,0,0
0,0,0,0
0,0,0,0
0,0,0,0
0,0,0,0
0,0,0,0
0,0,0,0
0,0,0,0
0,0,0,0
0,0,0,0
0,0,0,0
0,0,0,0
0,0,0,0
0,0,0,0
0,0,0,0
0,0,0,0
0,0,0,0
0,0,0,0
0,0,0,0
0,0,0,0
0,0,0,0
0,0,0,0
0,0,0,0
0,0,0,0
0,0,0,0
0,0,0,0
0,0,0,0
0,0,0,0
0,0,0,0
0,0,0,0
0,0,0,0
0,0,0,0
0,0,0,0
0,0,0,0
0,0,0,0
0,0,0,0
0,0,0,0
0,0,0,0
0,0,0,0
0,0,0,0
0,0,0,0
0,0,0,0
0,0,0,0
0,0,0,0
0,0,0,0
0,0,0,0
0,0,0,0
0,0,0,0
0,0,0,0
0,0,0,0
0,0,0,0
0,0,0,0
0,0,0,0
0,0,0,0
0,0,0,0
0,0,0,0
0,0,0,0
0,0,0,0
0,0,0,0
0,0,0,0
0,0,0,0
0,0,0,0
0,0,0,0
0,0,0,0
0,0,0,0
0,0,0,0
0,0,0,0
0,0,0,0
0,0,0,0
0,0,0,0
0,0,0,0
0,0,0,0
0,0,0,0
0,0,0,0
0,0,0,0
0,0,0,0
0,0,0,0
0,0,0,0
0,0,0,0
0,0,0,0
0,0,0,0
0,0,0,0
0,0,0,0
0,0,0,0
0,0,0,0
0,0,0,0
0,0,0,0
0,0,0,0
0,0,0,0
0,0,0,0
0,0,0,0
0,0,0,0
0,0,0,0
0,0,0,0
0,0,0,0
0,0,0,0
0,0,0,0
0,0,0,0
0,0,0,0
0,0,0,0
0,0,0,0
0,0,0,0
0,0,0,0
0,0,0,0
0,0,0,0
0,0,0,0
0,0,0,0
0,0,0,0
0,0,0,0
0,0,0,0
0,0,0,0
0,0,0,0
0,0,0,0
0,0,0,0
0,0,0,0
0,0,0,0
0,0,0,0
0,0,0,0
0,0,0,0
0,0,0,0
0,0,0,0
0,0,0,0
0,0,0,0
0,0,0,0
0,0,0,0
0,0,0,0
0,0,0,0
0,0,0,0
0,0,0,0
0,0,0,0
0,0,0,0
0,0,0,0
0,0,0,0
0,0,0,0
0,0,0,0
0,0,0,0
0,0,0,0
0,0,0,0
0,0,0,0
0,0,0,0
0,0,0,0
0,0,0,0
0,0,0,0
0,0,0,0
0,0,0,0
0,0,0,0
0,0,0,0
0,0,0,0
0,0,0,0
0,0,0,0
0,0,0,0
0,0,0,0
0,0,0,0
0,0,0,0
0,0,0,0
0,0,0,0
0,0,0,0
0,0,0,0
0,0,0,0
0,0,0,0
0,0,0,0
0,0,0,0
0,0,0,0
0,0,0,0
0,0,0,0
0,0,0,0
0,0,0,0
0,0,0,0
0,0,0,0
0,0,0,0
0,0,0,0
0,0,0,0
0,0,0,0
0,0,0,0
0,0,0,0
0,0,0,0
0,0,0,0
0,0,0,0
0,0,0,0
0,0,0,0
0,0,0,0
0,0,0,0
0,0,0,0
0,0,0,0
0,0,0,0
0,0,0,0
0,0,0,0
0,0,0,0
0,0,0,0
0,0,0,0
0,0,0,0
0,0,0,0
0,0,0,0
0,0,0,0
0,0,0,0
0,0,0,0
0,0,0,0
0,0,0,0
0,0,0,0
0,0,0,0
0,0,0,0
0,0,0,0
0,0,0,0
0,0,0,0
0,0,0,0
0,0,0,0
0,0,0,0
0,0,0,0
0,0,0,0
0,0,0,0
0,0,0,0
0,0,0,0
0,0,0,0
0,0,0,0
0,0,0,0
0,0,0,0
0,0,0,0
0,0,0,0
0,0,0,0
0,0,0,0
0,0,0,0
0,0,0,0
0,0,0,0
0,0,0,0
0,0,0,0
0,0,0,0
0,0,0,0
0,0,0,0
0,0,0,0
0,0,0,0
0,0,0,0
0,0,0,0
0,0,0,0
0,0,0,0
0,0,0,0
0,0,0,0
0,0,0,0
0,0,0,0
0,0,0,0
0,0,0,0
0,0,0,0
0,0,0,0
0,0,0,0
0,0,0,0
0,0,0,0
0,0,0,0
0,0,0,0
0,0,0,0
0,0,0,0
0,0,0,0
0,0,0,0
0,0,0,0
0,0,0,0
0,0,0,0
0,0,0,0
0,0,0,0
0,0,0,0
0,0,0,0
0,0,0,0
0,0,0,0
0,0,0,0
0,0,0,0
0,0,0,0
0,0,0,0
0,0,0,0
0,0,0,0
0,0,0,0
0,0,0,0
0,0,0,0
0,0,0,0
0,0,0,0
0,0,0,0
0,0,0,0
0,0,0,0
0,0,0,0
0,0,0,0
0,0,0,0
0,0,0,0
0,0,0,0
0,0,0,0
0,0,0,0
0,0,0,0
0,0,0,0
0,0,0,0
0,0,0,0
0,0,0,0
0,0,0,0
0,0,0,0
0,0,0,0
0,0,0,0
0,0,0,0
0,0,0,0
0,0,0,0
0,0,0,0
0,0,0,0
0,0,0,0
0,0,0,0
0,0,0,0
0,0,0,0
0,0,0,0
0,0,0,0
0,0,0,0
0,0,0,0
0,0,0,0
0,0,0,0
0,0,0,0
0,0,0,0
0,0,0,0
0,0,0,0
0,0,0,0
0,0,0,0
0,0,0,0
0,0,0,0
0,0,0,0
0,0,0,0
0,0,0,0
0,0,0,0
0,0,0,0
0,0,0,0
0,0,0,0
0,0,0,0
0,0,0,0
0,0,0,0
0,0,0,0
0,0,0,0
0,0,0,0
0,0,0,0
0,0,0,0
0,0,0,0
0,0,0,0
0,0,0,0
0,0,0,0
0,0,0,0
0,0,0,0
0,0,0,0
0,0,0,0
0,0,0,0
0,0,0,0
0,0,0,0
0,0,0,0
0,0,0,0
0,0,0,0
0,0,0,0
0,0,0,0
0,0,0,0
0,0,0,0
0,0,0,0
0,0,0,0
0,0,0,0
0,0,0,0
0,0,0,0
0,0,0,0
0,0,0,0
0,0,0,0
0,0,0,0
0,0,0,0
0,0,0,0
0,0,0,0
0,0,0,0
0,0,0,0
0,0,0,0
0,0,0,0
0,0,0,0
0,0,0,0
0,0,0,0
0,0,0,0
0,0,0,0
0,0,0,0
0,0,0,0
0,0,0,0
0,0,0,0
0,0,0,0
0,0,0,0
0,0,0,0
0,0,0,0
0,0,0,0
0,0,0,0
0,0,0,0
0,0,0,0
0,0,0,0
0,0,0,0
0,0,0,0
0,0,0,0
0,0,0,0
0,0,0,0
0,0,0,0
0,0,0,0
0,0,0,0
0,0,0,0
0,0,0,0
0,0,0,0
0,0,0,0
0,0,0,0
0,0,0,0
0,0,0,0
0,0,0,0
0,0,0,0
0,0,0,0
0,0,0,0
0,0,0,0
0,0,0,0
0,0,0,0
0,0,0,0
0,0,0,0
0,0,0,0
0,0,0,0
0,0,0,0
0,0,0,0
0,0,0,0
0,0,0,0
0,0,0,0
0,0,0,0
0,0,0,0
0,0,0,0
0,0,0,0
0,0,0,0
0,0,0,0
0,0,0,0
0,0,0,0
0,0,0,0
0,0,0,0
0,0,0,0
0,0,0,0
0,0,0,0
0,0,0,0
0,0,0,0
0,0,0,0
0,0,0,0
0,0,0,0
0,0,0,0
0,0,0,0
0,0,0,0
0,0,0,0
0,0,0,0
0,0,0,0
0,0,0,0
0,0,0,0
0,0,0,0
0,0,0,0
0,0,0,0
0,0,0,0
0,0,0,0
0,0,0,0
0,0,0,0
0,0,0,0
0,0,0,0
0,0,0,0
0,0,0,0
0,0,0,0
0,0,0,0
0,0,0,0
0,0,0,0
0,0,0,0
0,0,0,0
0,0,0,0
0,0,0,0
0,0,0,0
0,0,0,0
0,0,0,0
0,0,0,0
0,0,0,0
0,0,0,0
0,0,0,0
0,0,0,0
0,0,0,0
0,0,0,0
0,0,0,0
0,0,0,0
0,0,0,0
0,0,0,0
0,0,0,0
0,0,0,0
0,0,0,0
0,0,0,0
0,0,0,0
0,0,0,0
0,0,0,0
0,0,0,0
0,0,0,0
0,0,0,0
0,0,0,0
0,0,0,0
0,0,0,0
0,0,0,0
0,0,0,0
0,0,0,0
0,0,0,0
0,0,0,0
0,0,0,0
0,0,0,0
0,0,0,0
0,0,0,0
0,0,0,0
0,0,0,0
0,0,0,0
0,0,0,0
0,0,0,0
0,0,0,0
0,0,0,0
0,0,0,0
0,0,0,0
0,0,0,0
0,0,0,0
0,0,0,0
0,0,0,0
0,0,0,0
0,0,0,0
0,0,0,0
0,0,0,0
0,0,0,0
0,0,0,0
0,0,0,0
0,0,0,0
0,0,0,0
0,0,0,0
0,0,0,0
0,0,0,0
0,0,0,0
0,0,0,0
0,0,0,0
0,0,0,0
0,0,0,0
0,0,0,0
0,0,0,0
0,0,0,0
0,0,0,0
0,0,0,0
0,0,0,0
0,0,0,0
0,0,0,0
0,0,0,0
0,0,0,0
0,0,0,0
0,0,0,0
0,0,0,0
0,0,0,0
0,0,0,0
0,0,0,0
0,0,0,0
0,0,0,0
0,0,0,0
0,0,0,0
0,0,0,0
0,0,0,0
0,0,0,0
0,0,0,0
0,0,0,0
0,0,0,0
0,0,0,0
0,0,0,0
0,0,0,0
0,0,0,0
0,0,0,0
0,0,0,0
0,0,0,0
0,0,0,0
0,0,0,0
0,0,0,0
0,0,0,0
0,0,0,0
0,0,0,0
0,0,0,0
0,0,0,0
0,0,0,0
0,0,0,0
0,0,0,0
0,0,0,0
0,0,0,0
0,0,0,0
0,0,0,0
0,0,0,0
0,0,0,0
0,0,0,0
0,0,0,0
0,0,0,0
0,0,0,0
0,0,0,0
0,0,0,0
0,0,0,0
0,0,0,0
0,0,0,0
0,0,0,0
0,0,0,0
0,0,0,0
0,0,0,0
0,0,0,0
0,0,0,0
0,0,0,0
0,0,0,0
0,0,0,0
0,0,0,0
0,0,0,0
0,0,0,0
0,0,0,0
0,0,0,0
0,0,0,0
0,0,0,0
0,0,0,0
0,0,0,0
0,0,0,0
0,0,0,0
0,0,0,0
0,0,0,0
0,0,0,0
0,0,0,0
0,0,0,0
0,0,0,0
0,0,0,0
0,0,0,0
0,0,0,0
0,0,0,0
0,0,0,0
0,0,0,0
0,0,0,0
0,0,0,0
0,0,0,0
0,0,0,0
0,0,0,0
0,0,0,0
0,0,0,0
0,0,0,0
0,0,0,0
0,0,0,0
0,0,0,0
0,0,0,0
0,0,0,0
0,0,0,0
0,0,0,0
0,0,0,0
0,0,0,0
0,0,0,0
0,0,0,0
0,0,0,0
0,0,0,0
0,0,0,0
0,0,0,0
0,0,0,0
0,0,0,0
0,0,0,0
0,0,0,0
0,0,0,0
0,0,0,0
0,0,0,0
0,0,0,0
0,0,0,0
0,0,0,0
0,0,0,0
0,0,0,0
0,0,0,0
0,0,0,0
0,0,0,0
0,0,0,0
0,0,0,0
0,0,0,0
0,0,0,0
0,0,0,0
0,0,0,0
0,0,0,0
0,0,0,0
0,0,0,0
0,0,0,0
0,0,0,0
0,0,0,0
0,0,0,0
0,0,0,0
0,0,0,0
0,0,0,0
0,0,0,0
0,0,0,0
0,0,0,0
0,0,0,0
0,0,0,0
0,0,0,0
0,0,0,0
0,0,0,0
0,0,0,0
0,0,0,0
0,0,0,0
0,0,0,0
0,0,0,0
0,0,0,0
0,0,0,0
0,0,0,0
0,0,0,0
0,0,0,0
0,0,0,0
0,0,0,0
0,0,0,0
0,0,0,0
0,0,0,0
0,0,0,0
0,0,0,0
0,0,0,0
0,0,0,0
0,0,0,0
0,0,0,0
0,0,0,0
0,0,0,0
0,0,0,0
0,0,0,0
0,0,0,0
0,0,0,0
0,0,0,0
0,0,0,0
0,0,0,0
0,0,0,0
0,0,0,0
0,0,0,0
0,0,0,0
0,0,0,0
0,0,0,0
0,0,0,0
0,0,0,0
0,0,0,0
0,0,0,0
0,0,0,0
0,0,0,0
0,0,0,0
0,0,0,0
0,0,0,0
0,0,0,0
0,0,0,0
0,0,0,0
0,0,0,0
0,0,0,0
0,0,0,0
0,0,0,0
0,0,0,0
0,0,0,0
0,0,0,0
0,0,0,0
0,0,0,0
0,0,0,0
0,0,0,0
0,0,0,0
0,0,0,0
0,0,0,0
0,0,0,0
0,0,0,0
0,0,0,0
0,0,0,0
0,0,0,0
0,0,0,0
0,0,0,0
0,0,0,0
0,0,0,0
0,0,0,0
0,0,0,0
0,0,0,0
0,0,0,0
0,0,0,0
0,0,0,0
0,0,0,0
0,0,0,0
0,0,0,0
0,0,0,0
0,0,0,0
0,0,0,0
0,0,0,0
0,0,0,0
0,0,0,0
0,0,0,0
0,0,0,0
0,0,0,0
0,0,0,0
0,0,0,0
0,0,0,0
0,0,0,0
0,0,0,0
0,0,0,0
0,0,0,0
0,0,0,0
0,0,0,0
0,0,0,0
0,0,0,0
0,0,0,0
0,0,0,0
0,0,0,0
0,0,0,0
0,0,0,0
0,0,0,0
0,0,0,0
0,0,0,0
0,0,0,0
0,0,0,0
0,0,0,0
0,0,0,0
0,0,0,0
0,0,0,0
0,0,0,0
0,0,0,0
0,0,0,0
0,0,0,0
0,0,0,0
0,0,0,0
0,0,0,0
0,0,0,0
0,0,0,0
0,0,0,0
0,0,0,0
0,0,0,0
0,0,0,0
0,0,0,0
0,0,0,0
0,0,0,0
0,0,0,0
0,0,0,0
0,0,0,0
0,0,0,0
0,0,0,0
0,0,0,0
0,0,0,0
0,0,0,0
0,0,0,0
0,0,0,0
0,0,0,0
0,0,0,0
0,0,0,0
0,0,0,0
0,0,0,0
0,0,0,0
0,0,0,0
0,0,0,0
0,0,0,0
0,0,0,0
0,0,0,0
0,0,0,0
0,0,0,0
0,0,0,0
0,0,0,0
0,0,0,0
0,0,0,0
0,0,0,0
0,0,0,0
0,0,0,0
0,0,0,0
0,0,0,0
0,0,0,0
0,0,0,0
0,0,0,0
0,0,0,0
0,0,0,0
0,0,0,0
0,0,0,0
0,0,0,0
0,0,0,0
0,0,0,0
0,0,0,0
0,0,0,0
0,0,0,0
0,0,0,0
0,0,0,0
0,0,0,0
0,0,0,0
0,0,0,0
0,0,0,0
0,0,0,0
0,0,0,0
0,0,0,0
0,0,0,0
0,0,0,0
0,0,0,0
0,0,0,0
0,0,0,0
0,0,0,0
0,0,0,0
0,0,0,0
0,0,0,0
0,0,0,0
0,0,0,0
0,0,0,0
0,0,0,0
0,0,0,0
0,0,0,0
0,0,0,0
0,0,0,0
0,0,0,0
0,0,0,0
0,0,0,0
0,0,0,0
0,0,0,0
0,0,0,0
0,0,0,0
0,0,0,0
0,0,0,0
0,0,0,0
0,0,0,0
0,0,0,0
0,0,0,0
0,0,0,0
0,0,0,0
0,0,0,0
0,0,0,0
0,0,0,0
0,0,0,0
0,0,0,0
0,0,0,0
0,0,0,0
0,0,0,0
0,0,0,0
0,0,0,0
0,0,0,0
0,0,0,0
0,0,0,0
0,0,0,0
0,0,0,0
0,0,0,0
0,0,0,0
0,0,0,0
0,0,0,0
0,0,0,0
0,0,0,0
0,0,0,0
0,0,0,0
0,0,0,0
0,0,0,0
0,0,0,0
0,0,0,0
0,0,0,0
0,0,0,0
0,0,0,0
0,0,0,0
0,0,0,0
0,0,0,0
0,0,0,0
0,0,0,0
0,0,0,0
0,0,0,0
0,0,0,0
0,0,0,0
0,0,0,0
0,0,0,0
0,0,0,0
0,0,0,0
0,0,0,0
0,0,0,0
0,0,0,0
0,0,0,0
0,0,0,0
0,0,0,0
0,0,0,0
0,0,0,0
0,0,0,0
0,0,0,0
0,0,0,0
0,0,0,0
0,0,0,0
0,0,0,0
0,0,0,0
0,0,0,0
0,0,0,0
0,0,0,0
0,0,0,0
0,0,0,0
0,0,0,0
0,0,0,0
0,0,0,0
0,0,0,0
0,0,0,0
0,0,0,0
0,0,0,0
0,0,0,0
0,0,0,0
0,0,0,0
0,0,0,0
0,0,0,0
0,0,0,0
0,0,0,0
0,0,0,0
0,0,0,0
0,0,0,0
0,0,0,0
0,0,0,0
0,0,0,0
0,0,0,0
0,0,0,0
0,0,0,0
0,0,0,0
0,0,0,0
0,0,0,0
0,0,0,0
0,0,0,0
0,0,0,0
0,0,0,0
0,0,0,0
0,0,0,0
0,0,0,0
0,0,0,0
0,0,0,0
0,0,0,0
0,0,0,0
0,0,0,0
0,0,0,0
0,0,0,0
0,0,0,0
0,0,0,0
0,0,0,0
0,0,0,0
0,0,0,0
0,0,0,0
0,0,0,0
0,0,0,0
0,0,0,0
0,0,0,0
0,0,0,0
0,0,0,0
0,0,0,0
0,0,0,0
0,0,0,0
0,0,0,0
0,0,0,0
0,0,0,0
0,0,0,0
0,0,0,0
0,0,0,0
0,0,0,0
0,0,0,0
0,0,0,0
0,0,0,0
0,0,0,0
0,0,0,0
0,0,0,0
0,0,0,0
0,0,0,0
0,0,0,0
0,0,0,0
0,0,0,0
0,0,0,0
0,0,0,0
0,0,0,0
0,0,0,0
0,0,0,0
0,0,0,0
0,0,0,0
0,0,0,0
0,0,0,0
0,0,0,0
0,0,0,0
0,0,0,0
0,0,0,0
0,0,0,0
0,0,0,0
0,0,0,0
0,0,0,0
0,0,0,0
0,0,0,0
0,0,0,0
0,0,0,0
0,0,0,0
0,0,0,0
0,0,0,0
0,0,0,0
0,0,0,0
0,0,0,0
0,0,0,0
0,0,0,0
0,0,0,0
0,0,0,0
0,0,0,0
0,0,0,0
0,0,0,0
0,0,0,0
0,0,0,0
0,0,0,0
0,0,0,0
0,0,0,0
0,0,0,0
0,0,0,0
0,0,0,0
0,0,0,0
0,0,0,0
0,0,0,0
0,0,0,0
0,0,0,0
0,0,0,0
0,0,0,0
0,0,0,0
0,0,0,0
0,0,0,0
0,0,0,0
0,0,0,0
0,0,0,0
0,0,0,0
0,0,0,0
0,0,0,0
0,0,0,0
0,0,0,0
0,0,0,0
0,0,0,0
0,0,0,0
0,0,0,0
0,0,0,0
0,0,0,0
0,0,0,0
0,0,0,0
0,0,0,0
0,0,0,0
0,0,0,0
0,0,0,0
0,0,0,0
0,0,0,0
0,0,0,0
0,0,0,0
0,0,0,0
0,0,0,0
0,0,0,0
0,0,0,0
0,0,0,0
0,0,0,0
0,0,0,0
0,0,0,0
0,0,0,0
0,0,0,0
0,0,0,0
0,0,0,0
0,0,0,0
0,0,0,0
0,0,0,0
0,0,0,0
0,0,0,0
0,0,0,0
0,0,0,0
0,0,0,0
0,0,0,0
0,0,0,0
0,0,0,0
0,0,0,0
0,0,0,0
0,0,0,0
0,0,0,0
0,0,0,0
0,0,0,0
0,0,0,0
0,0,0,0
0,0,0,0
0,0,0,0
0,0,0,0
0,0,0,0
0,0,0,0
0,0,0,0
0,0,0,0
0,0,0,0
0,0,0,0
0,0,0,0
0,0,0,0
0,0,0,0
0,0,0,0
0,0,0,0
0,0,0,0
0,0,0,0
0,0,0,0
0,0,0,0
0,0,0,0
0,0,0,0
0,0,0,0
0,0,0,0
0,0,0,0
0,0,0,0
0,0,0,0
0,0,0,0
0,0,0,0
0,0,0,0
0,0,0,0
0,0,0,0
0,0,0,0
0,0,0,0
0,0,0,0
0,0,0,0
0,0,0,0
0,0,0,0
0,0,0,0
0,0,0,0
0,0,0,0
0,0,0,0
0,0,0,0
0,0,0,0
0,0,0,0
0,0,0,0
0,0,0,0
0,0,0,0
0,0,0,0
0,0,0,0
0,0,0,0
0,0,0,0
0,0,0,0
0,0,0,0
0,0,0,0
0,0,0,0
0,0,0,0
0,0,0,0
0,0,0,0
0,0,0,0
0,0,0,0
0,0,0,0
0,0,0,0
0,0,0,0
0,0,0,0
0,0,0,0
0,0,0,0
0,0,0,0
0,0,0,0
0,0,0,0
0,0,0,0
0,0,0,0
0,0,0,0
0,0,0,0
0,0,0,0
0,0,0,0
0,0,0,0
0,0,0,0
0,0,0,0
0,0,0,0
0,0,0,0
0,0,0,0
0,0,0,0
0,0,0,0
0,0,0,0
0,0,0,0
0,0,0,0
0,0,0,0
0,0,0,0
0,0,0,0
0,0,0,0
0,0,0,0
0,0,0,0
0,0,0,0
0,0,0,0
0,0,0,0
0,0,0,0
0,0,0,0
0,0,0,0
0,0,0,0
0,0,0,0
0,0,0,0
0,0,0,0
0,0,0,0
0,0,0,0
0,0,0,0
0,0,0,0
0,0,0,0
0,0,0,0
0,0,0,0
0,0,0,0
0,0,0,0
0,0,0,0
0,0,0,0
0,0,0,0
0,0,0,0
0,0,0,0
0,0,0,0
0,0,0,0
0,0,0,0
0,0,0,0
0,0,0,0
0,0,0,0
0,0,0,0
0,0,0,0
0,0,0,0
0,0,0,0
0,0,0,0
0,0,0,0
0,0,0,0
0,0,0,0
0,0,0,0
0,0,0,0
0,0,0,0
0,0,0,0
0,0,0,0
0,0,0,0
0,0,0,0
0,0,0,0
0,0,0,0
0,0,0,0
0,0,0,0
0,0,0,0
0,0,0,0
0,0,0,0
0,0,0,0
0,0,0,0
0,0,0,0
0,0,0,0
0,0,0,0
0,0,0,0
0,0,0,0
0,0,0,0
0,0,0,0
0,0,0,0
0,0,0,0
0,0,0,0
0,0,0,0
0,0,0,0
0,0,0,0
0,0,0,0
0,0,0,0
0,0,0,0
0,0,0,0
0,0,0,0
0,0,0,0
0,0,0,0
0,0,0,0
0,0,0,0
0,0,0,0
0,0,0,0
0,0,0,0
0,0,0,0
0,0,0,0
0,0,0,0
0,0,0,0
0,0,0,0
0,0,0,0
0,0,0,0
0,0,0,0
0,0,0,0
0,0,0,0
0,0,0,0
0,0,0,0
0,0,0,0
0,0,0,0
0,0,0,0
0,0,0,0
0,0,0,0
0,0,0,0
0,0,0,0
0,0,0,0
0,0,0,0
0,0,0,0
0,0,0,0
0,0,0,0
0,0,0,0
0,0,0,0
0,0,0,0
0,0,0,0
0,0,0,0
0,0,0,0
0,0,0,0
0,0,0,0
0,0,0,0
0,0,0,0
0,0,0,0
0,0,0,0
0,0,0,0
0,0,0,0
0,0,0,0
0,0,0,0
0,0,0,0
0,0,0,0
0,0,0,0
0,0,0,0
0,0,0,0
0,0,0,0
0,0,0,0
0,0,0,0
0,0,0,0
0,0,0,0
0,0,0,0
0,0,0,0
0,0,0,0
0,0,0,0
0,0,0,0
0,0,0,0
0,0,0,0
0,0,0,0
0,0,0,0
0,0,0,0
0,0,0,0
0,0,0,0
0,0,0,0
0,0,0,0
0,0,0,0
0,0,0,0
0,0,0,0
0,0,0,0
0,0,0,0
0,0,0,0
0,0,0,0
0,0,0,0
0,0,0,0
0,0,0,0
0,0,0,0
0,0,0,0
0,0,0,0
0,0,0,0
0,0,0,0
0,0,0,0
0,0,0,0
0,0,0,0
0,0,0,0
0,0,0,0
0,0,0,0
0,0,0,0
0,0,0,0
0,0,0,0
0,0,0,0
0,0,0,0
0,0,0,0
0,0,0,0
0,0,0,0
0,0,0,0
0,0,0,0
0,0,0,0
0,0,0,0
0,0,0,0
0,0,0,0
0,0,0,0
0,0,0,0
0,0,0,0
0,0,0,0
0,0,0,0
0,0,0,0
0,0,0,0
0,0,0,0
0,0,0,0
0,0,0,0
0,0,0,0
0,0,0,0
0,0,0,0
0,0,0,0
0,0,0,0
0,0,0,0
0,0,0,0
0,0,0,0
0,0,0,0
0,0,0,0
0,0,0,0
0,0,0,0
0,0,0,0
0,0,0,0
0,0,0,0
0,0,0,0
0,0,0,0
0,0,0,0
0,0,0,0
0,0,0,0
0,0,0,0
0,0,0,0
0,0,0,0
0,0,0,0
0,0,0,0
0,0,0,0
0,0,0,0
0,0,0,0
0,0,0,0
0,0,0,0
0,0,0,0
0,0,0,0
0,0,0,0
0,0,0,0
0,0,0,0
0,0,0,0
0,0,0,0
0,0,0,0
0,0,0,0
0,0,0,0
0,0,0,0
0,0,0,0
0,0,0,0
0,0,0,0
0,0,0,0
0,0,0,0
0,0,0,0
0,0,0,0
0,0,0,0
0,0,0,0
0,0,0,0
0,0,0,0
0,0,0,0
0,0,0,0
0,0,0,0
0,0,0,0
0,0,0,0
0,0,0,0
0,0,0,0
0,0,0,0
0,0,0,0
0,0,0,0
0,0,0,0
0,0,0,0
0,0,0,0
0,0,0,0
0,0,0,0
0,0,0,0
0,0,0,0
0,0,0,0
0,0,0,0
0,0,0,0
0,0,0,0
0,0,0,0
0,0,0,0
0,0,0,0
0,0,0,0
0,0,0,0
0,0,0,0
0,0,0,0
0,0,0,0
0,0,0,0
0,0,0,0
0,0,0,0
0,0,0,0
0,0,0,0
0,0,0,0
0,0,0,0
0,0,0,0
0,0,0,0
0,0,0,0
0,0,0,0
0,0,0,0
0,0,0,0
0,0,0,0
0,0,0,0
0,0,0,0
0,0,0,0
0,0,0,0
0,0,0,0
0,0,0,0
0,0,0,0
0,0,0,0
0,0,0,0
0,0,0,0
0,0,0,0
0,0,0,0
0,0,0,0
0,0,0,0
0,0,0,0
0,0,0,0
0,0,0,0
0,0,0,0
0,0,0,0
0,0,0,0
0,0,0,0
0,0,0,0
0,0,0,0
0,0,0,0
0,0,0,0
0,0,0,0
0,0,0,0
0,0,0,0
0,0,0,0
0,0,0,0
0,0,0,0
0,0,0,0
0,0,0,0
0,0,0,0
0,0,0,0
0,0,0,0
0,0,0,0
0,0,0,0
0,0,0,0
0,0,0,0
0,0,0,0
0,0,0,0
0,0,0,0
0,0,0,0
0,0,0,0
0,0,0,0
0,0,0,0
0,0,0,0
0,0,0,0
0,0,0,0
0,0,0,0
0,0,0,0
0,0,0,0
0,0,0,0
0,0,0,0
0,0,0,0
0,0,0,0
0,0,0,0
0,0,0,0
0,0,0,0
0,0,0,0
0,0,0,0
0,0,0,0
0,0,0,0
0,0,0,0
0,0,0,0
0,0,0,0
0,0,0,0
0,0,0,0
0,0,0,0
0,0,0,0
0,0,0,0
0,0,0,0
0,0,0,0
0,0,0,0
0,0,0,0
0,0,0,0
0,0,0,0
0,0,0,0
0,0,0,0
0,0,0,0
0,0,0,0
0,0,0,0
0,0,0,0
0,0,0,0
0,0,0,0
0,0,0,0
0,0,0,0
0,0,0,0
0,0,0,0
0,0,0,0
0,0,0,0
0,0,0,0
0,0,0,0
0,0,0,0
0,0,0,0
0,0,0,0
0,0,0,0
0,0,0,0
0,0,0,0
0,0,0,0
0,0,0,0
0,0,0,0
0,0,0,0
0,0,0,0
0,0,0,0
0,0,0,0
0,0,0,0
0,0,0,0
0,0,0,0
0,0,0,0
0,0,0,0
0,0,0,0
0,0,0,0
0,0,0,0
0,0,0,0
0,0,0,0
0,0,0,0
0,0,0,0
0,0,0,0
0,0,0,0
0,0,0,0
0,0,0,0
0,0,0,0
0,0,0,0
0,0,0,0
0,0,0,0
0,0,0,0
0,0,0,0
0,0,0,0
0,0,0,0
0,0,0,0
0,0,0,0
0,0,0,0
0,0,0,0
0,0,0,0
0,0,0,0
0,0,0,0
0,0,0,0
0,0,0,0
0,0,0,0
0,0,0,0
0,0,0,0
0,0,0,0
0,0,0,0
0,0,0,0
0,0,0,0
0,0,0,0
0,0,0,0
0,0,0,0
0,0,0,0
0,0,0,0
0,0,0,0
0,0,0,0
0,0,0,0
0,0,0,0
0,0,0,0
0,0,0,0
0,0,0,0
0,0,0,0
0,0,0,0
0,0,0,0
0,0,0,0
0,0,0,0
0,0,0,0
0,0,0,0
0,0,0,0
0,0,0,0
0,0,0,0
0,0,0,0
0,0,0,0
0,0,0,0
0,0,0,0
0,0,0,0
0,0,0,0
0,0,0,0
0,0,0,0
0,0,0,0
0,0,0,0
0,0,0,0
0,0,0,0
0,0,0,0
0,0,0,0
0,0,0,0
0,0,0,0
0,0,0,0
0,0,0,0
0,0,0,0
0,0,0,0
0,0,0,0
0,0,0,0
0,0,0,0
0,0,0,0
0,0,0,0
0,0,0,0
0,0,0,0
0,0,0,0
0,0,0,0
0,0,0,0
0,0,0,0
0,0,0,0
0,0,0,0
0,0,0,0
0,0,0,0
0,0,0,0
0,0,0,0
0,0,0,0
0,0,0,0
0,0,0,0
0,0,0,0
0,0,0,0
0,0,0,0
0,0,0,0
0,0,0,0
0,0,0,0
0,0,0,0
0,0,0,0
0,0,0,0
0,0,0,0
0,0,0,0
0,0,0,0
0,0,0,0
0,0,0,0
0,0,0,0
0,0,0,0
0,0,0,0
0,0,0,0
0,0,0,0
0,0,0,0
0,0,0,0
0,0,0,0
0,0,0,0
0,0,0,0
0,0,0,0
0,0,0,0
0,0,0,0
0,0,0,0
0,0,0,0
0,0,0,0
0,0,0,0
0,0,0,0
0,0,0,0
0,0,0,0
0,0,0,0
0,0,0,0
0,0,0,0
0,0,0,0
0,0,0,0
0,0,0,0
0,0,0,0
0,0,0,0
0,0,0,0
0,0,0,0
0,0,0,0
0,0,0,0
0,0,0,0
0,0,0,0
0,0,0,0
0,0,0,0
0,0,0,0
0,0,0,0
0,0,0,0
0,0,0,0
0,0,0,0
0,0,0,0
0,0,0,0
0,0,0,0
0,0,0,0
0,0,0,0
0,0,0,0
0,0,0,0
0,0,0,0
0,0,0,0
0,0,0,0
0,0,0,0
0,0,0,0
0,0,0,0
0,0,0,0
0,0,0,0
0,0,0,0
0,0,0,0
0,0,0,0
0,0,0,0
0,0,0,0
0,0,0,0
0,0,0,0
0,0,0,0
0,0,0,0
0,0,0,0
0,0,0,0
0,0,0,0
0,0,0,0
0,0,0,0
0,0,0,0
0,0,0,0
0,0,0,0
0,0,0,0
0,0,0,0
0,0,0,0
0,0,0,0
0,0,0,0
0,0,0,0
0,0,0,0
0,0,0,0
0,0,0,0
0,0,0,0
0,0,0,0
0,0,0,0
0,0,0,0
0,0,0,0
0,0,0,0
0,0,0,0
0,0,0,0
0,0,0,0
0,0,0,0
0,0,0,0
0,0,0,0
0,0,0,0
0,0,0,0
0,0,0,0
0,0,0,0
0,0,0,0
0,0,0,0
0,0,0,0
0,0,0,0
0,0,0,0
0,0,0,0
0,0,0,0
0,0,0,0
0,0,0,0
0,0,0,0
0,0,0,0
0,0,0,0
0,0,0,0
0,0,0,0
0,0,0,0
0,0,0,0
0,0,0,0
0,0,0,0
0,0,0,0
0,0,0,0
0,0,0,0
0,0,0,0
0,0,0,0
0,0,0,0
0,0,0,0
0,0,0,0
0,0,0,0
0,0,0,0
0,0,0,0
0,0,0,0
0,0,0,0
0,0,0,0
0,0,0,0
0,0,0,0
0,0,0,0
0,0,0,0
0,0,0,0
0,0,0,0
0,0,0,0
0,0,0,0
0,0,0,0
0,0,0,0
0,0,0,0
0,0,0,0
0,0,0,0
0,0,0,0
0,0,0,0
0,0,0,0
0,0,0,0
0,0,0,0
0,0,0,0
0,0,0,0
0,0,0,0
0,0,0,0
0,0,0,0
0,0,0,0
0,0,0,0
0,0,0,0
0,0,0,0
0,0,0,0
0,0,0,0
0,0,0,0
0,0,0,0
0,0,0,0
0,0,0,0
0,0,0,0
0,0,0,0
0,0,0,0
0,0,0,0
0,0,0,0
0,0,0,0
0,0,0,0
0,0,0,0
0,0,0,0
0,0,0,0
0,0,0,0
0,0,0,0
0,0,0,0
0,0,0,0
0,0,0,0
0,0,0,0
0,0,0,0
0,0,0,0
0,0,0,0
0,0,0,0
0,0,0,0
0,0,0,0
0,0,0,0
0,0,0,0
0,0,0,0
0,0,0,0
0,0,0,0
0,0,0,0
0,0,0,0
0,0,0,0
0,0,0,0
0,0,0,0
0,0,0,0
0,0,0,0
0,0,0,0
0,0,0,0
0,0,0,0
0,0,0,0
0,0,0,0
0,0,0,0
0,0,0,0
0,0,0,0
0,0,0,0
0,0,0,0
0,0,0,0
0,0,0,0
0,0,0,0
0,0,0,0
0,0,0,0
0,0,0,0
0,0,0,0
0,0,0,0
0,0,0,0
0,0,0,0
0,0,0,0
0,0,0,0
0,0,0,0
0,0,0,0
0,0,0,0
0,0,0,0
0,0,0,0
0,0,0,0
0,0,0,0
0,0,0,0
0,0,0,0
0,0,0,0
0,0,0,0
0,0,0,0
0,0,0,0
0,0,0,0
0,0,0,0
0,0,0,0
0,0,0,0
0,0,0,0
0,0,0,0
0,0,0,0
0,0,0,0
0,0,0,0
0,0,0,0
0,0,0,0
0,0,0,0
0,0,0,0
0,0,0,0
0,0,0,0
0,0,0,0
0,0,0,0
0,0,0,0
0,0,0,0
0,0,0,0
0,0,0,0
0,0,0,0
0,0,0,0
0,0,0,0
0,0,0,0
0,0,0,0
0,0,0,0
0,0,0,0
0,0,0,0
0,0,0,0
0,0,0,0
0,0,0,0
0,0,0,0
0,0,0,0
0,0,0,0
0,0,0,0
0,0,0,0
0,0,0,0
0,0,0,0
0,0,0,0
0,0,0,0
0,0,0,0
0,0,0,0
0,0,0,0
0,0,0,0
0,0,0,0
0,0,0,0
0,0,0,0
0,0,0,0
0,0,0,0
0,0,0,0
0,0,0,0
0,0,0,0
0,0,0,0
0,0,0,0
0,0,0,0
0,0,0,0
0,0,0,0
0,0,0,0
0,0,0,0
0,0,0,0
0,0,0,0
0,0,0,0
0,0,0,0
0,0,0,0
0,0,0,0
0,0,0,0
0,0,0,0
0,0,0,0
0,0,0,0
0,0,0,0
0,0,0,0
0,0,0,0
0,0,0,0
0,0,0,0
0,0,0,0
0,0,0,0
0,0,0,0
0,0,0,0
0,0,0,0
0,0,0,0
0,0,0,0
0,0,0,0
0,0,0,0
0,0,0,0
0,0,0,0
0,0,0,0
0,0,0,0
0,0,0,0
0,0,0,0
0,0,0,0
0,0,0,0
0,0,0,0
0,0,0,0
0,0,0,0
0,0,0,0
0,0,0,0
0,0,0,0
0,0,0,0
0,0,0,0
0,0,0,0
0,0,0,0
0,0,0,0
0,0,0,0
0,0,0,0
0,0,0,0
0,0,0,0
0,0,0,0
0,0,0,0
0,0,0,0
0,0,0,0
0,0,0,0
0,0,0,0
0,0,0,0
0,0,0,0
0,0,0,0
0,0,0,0
0,0,0,0
0,0,0,0
0,0,0,0
0,0,0,0
0,0,0,0
0,0,0,0
0,0,0,0
0,0,0,0
0,0,0,0
0,0,0,0
0,0,0,0
0,0,0,0
0,0,0,0
0,0,0,0
0,0,0,0
0,0,0,0
0,0,0,0
0,0,0,0
0,0,0,0
0,0,0,0
0,0,0,0
0,0,0,0
0,0,0,0
0,0,0,0
0,0,0,0
0,0,0,0
0,0,0,0
0,0,0,0
0,0,0,0
0,0,0,0
0,0,0,0
0,0,0,0
0,0,0,0
0,0,0,0
0,0,0,0
0,0,0,0
0,0,0,0
0,0,0,0
0,0,0,0
0,0,0,0
0,0,0,0
0,0,0,0
0,0,0,0
0,0,0,0
0,0,0,0
0,0,0,0
0,0,0,0
0,0,0,0
0,0,0,0
0,0,0,0
0,0,0,0
0,0,0,0
0,0,0,0
0,0,0,0
0,0,0,0
0,0,0,0
0,0,0,0
0,0,0,0
0,0,0,0
0,0,0,0
0,0,0,0
0,0,0,0
0,0,0,0
0,0,0,0
0,0,0,0
0,0,0,0
0,0,0,0
0,0,0,0
0,0,0,0
0,0,0,0
0,0,0,0
0,0,0,0
0,0,0,0
0,0,0,0
0,0,0,0
0,0,0,0
0,0,0,0
0,0,0,0
0,0,0,0
0,0,0,0
0,0,0,0
0,0,0,0
0,0,0,0
0,0,0,0
0,0,0,0
0,0,0,0
0,0,0,0
0,0,0,0
0,0,0,0
0,0,0,0
0,0,0,0
0,0,0,0
0,0,0,0
0,0,0,0
0,0,0,0
0,0,0,0
0,0,0,0
0,0,0,0
0,0,0,0
0,0,0,0
0,0,0,0
0,0,0,0
0,0,0,0
0,0,0,0
0,0,0,0
0,0,0,0
0,0,0,0
0,0,0,0
0,0,0,0
0,0,0,0
0,0,0,0
0,0,0,0
0,0,0,0
0,0,0,0
0,0,0,0
0,0,0,0
0,0,0,0
0,0,0,0
0,0,0,0
0,0,0,0
0,0,0,0
0,0,0,0
0,0,0,0
0,0,0,0
0,0,0,0
0,0,0,0
0,0,0,0
0,0,0,0
0,0,0,0
0,0,0,0
0,0,0,0
0,0,0,0
0,0,0,0
0,0,0,0
0,0,0,0
0,0,0,0
0,0,0,0
0,0,0,0
0,0,0,0
0,0,0,0
0,0,0,0
0,0,0,0
0,0,0,0
0,0,0,0
0,0,0,0
0,0,0,0
0,0,0,0
0,0,0,0
0,0,0,0
0,0,0,0
0,0,0,0
0,0,0,0
0,0,0,0
0,0,0,0
0,0,0,0
0,0,0,0
0,0,0,0
0,0,0,0
0,0,0,0
0,0,0,0
0,0,0,0
0,0,0,0
0,0,0,0
0,0,0,0
0,0,0,0
0,0,0,0
0,0,0,0
0,0,0,0
0,0,0,0
0,0,0,0
0,0,0,0
0,0,0,0
0,0,0,0
0,0,0,0
0,0,0,0
0,0,0,0
0,0,0,0
0,0,0,0
0,0,0,0
0,0,0,0
0,0,0,0
0,0,0,0
0,0,0,0
0,0,0,0
0,0,0,0
0,0,0,0
0,0,0,0
0,0,0,0
0,0,0,0
0,0,0,0
0,0,0,0
0,0,0,0
0,0,0,0
0,0,0,0
0,0,0,0
0,0,0,0
0,0,0,0
0,0,0,0
0,0,0,0
0,0,0,0
0,0,0,0
0,0,0,0
0,0,0,0
0,0,0,0
0,0,0,0
0,0,0,0
0,0,0,0
0,0,0,0
0,0,0,0
0,0,0,0
0,0,0,0
0,0,0,0
0,0,0,0
0,0,0,0
0,0,0,0
0,0,0,0
0,0,0,0
0,0,0,0
0,0,0,0
0,0,0,0
0,0,0,0
0,0,0,0
0,0,0,0
0,0,0,0
0,0,0,0
0,0,0,0
0,0,0,0
0,0,0,0
0,0,0,0
0,0,0,0
0,0,0,0
0,0,0,0
0,0,0,0
0,0,0,0
0,0,0,0
0,0,0,0
0,0,0,0
0,0,0,0
0,0,0,0
0,0,0,0
0,0,0,0
0,0,0,0
0,0,0,0
0,0,0,0
0,0,0,0
0,0,0,0
0,0,0,0
0,0,0,0
0,0,0,0
0,0,0,0
0,0,0,0
0,0,0,0
0,0,0,0
0,0,0,0
0,0,0,0
0,0,0,0
0,0,0,0
0,0,0,0
0,0,0,0
0,0,0,0
0,0,0,0
0,0,0,0
0,0,0,0
0,0,0,0
0,0,0,0
0,0,0,0
0,0,0,0
0,0,0,0
0,0,0,0
0,0,0,0
0,0,0,0
0,0,0,0
0,0,0,0
0,0,0,0
0,0,0,0
0,0,0,0
0,0,0,0
0,0,0,0
0,0,0,0
0,0,0,0
0,0,0,0
0,0,0,0
0,0,0,0
0,0,0,0
0,0,0,0
0,0,0,0
0,0,0,0
0,0,0,0
0,0,0,0
0,0,0,0
0,0,0,0
0,0,0,0
0,0,0,0
0,0,0,0
0,0,0,0
0,0,0,0
0,0,0,0
0,0,0,0
0,0,0,0
0,0,0,0
0,0,0,0
0,0,0,0
0,0,0,0
0,0,0,0
0,0,0,0
0,0,0,0
0,0,0,0
0,0,0,0
0,0,0,0
0,0,0,0
0,0,0,0
0,0,0,0
0,0,0,0
0,0,0,0
0,0,0,0
0,0,0,0
0,0,0,0
0,0,0,0
0,0,0,0
0,0,0,0
0,0,0,0
0,0,0,0
0,0,0,0
0,0,0,0
0,0,0,0
0,0,0,0
0,0,0,0
0,0,0,0
0,0,0,0
0,0,0,0
0,0,0,0
0,0,0,0
0,0,0,0
0,0,0,0
0,0,0,0
0,0,0,0
0,0,0,0
0,0,0,0
0,0,0,0
0,0,0,0
0,0,0,0
0,0,0,0
0,0,0,0
0,0,0,0
0,0,0,0
0,0,0,0
0,0,0,0
0,0,0,0
0,0,0,0
0,0,0,0
0,0,0,0
0,0,0,0
0,0,0,0
0,0,0,0
0,0,0,0
0,0,0,0
0,0,0,0
0,0,0,0
0,0,0,0
0,0,0,0
0,0,0,0
0,0,0,0
0,0,0,0
0,0,0,0
0,0,0,0
0,0,0,0
0,0,0,0
0,0,0,0
0,0,0,0
0,0,0,0
0,0,0,0
0,0,0,0
0,0,0,0
0,0,0,0
0,0,0,0
0,0,0,0
0,0,0,0
0,0,0,0
0,0,0,0
0,0,0,0
0,0,0,0
0,0,0,0
0,0,0,0
0,0,0,0
0,0,0,0
0,0,0,0
0,0,0,0
0,0,0,0
0,0,0,0
0,0,0,0
0,0,0,0
0,0,0,0
0,0,0,0
0,0,0,0
0,0,0,0
0,0,0,0
0,0,0,0
0,0,0,0
0,0,0,0
0,0,0,0
0,0,0,0
0,0,0,0
0,0,0,0
0,0,0,0
0,0,0,0
0,0,0,0
0,0,0,0
0,0,0,0
0,0,0,0
0,0,0,0
0,0,0,0
0,0,0,0
0,0,0,0
0,0,0,0
0,0,0,0
0,0,0,0
0,0,0,0
0,0,0,0
0,0,0,0
0,0,0,0
0,0,0,0
0,0,0,0
0,0,0,0
0,0,0,0
0,0,0,0
0,0,0,0
0,0,0,0
0,0,0,0
0,0,0,0
0,0,0,0
0,0,0,0
0,0,0,0
0,0,0,0
0,0,0,0
0,0,0,0
0,0,0,0
0,0,0,0
0,0,0,0
0,0,0,0
0,0,0,0
0,0,0,0
0,0,0,0
0,0,0,0
0,0,0,0
0,0,0,0
0,0,0,0
0,0,0,0
0,0,0,0
0,0,0,0
0,0,0,0
0,0,0,0
0,0,0,0
0,0,0,0
0,0,0,0
0,0,0,0
0,0,0,0
0,0,0,0
0,0,0,0
0,0,0,0
0,0,0,0
0,0,0,0
0,0,0,0
0,0,0,0
0,0,0,0
0,0,0,0
0,0,0,0
0,0,0,0
0,0,0,0
0,0,0,0
0,0,0,0
0,0,0,0
0,0,0,0
0,0,0,0
0,0,0,0
0,0,0,0
0,0,0,0
0,0,0,0
0,0,0,0
0,0,0,0
0,0,0,0
0,0,0,0
0,0,0,0
0,0,0,0
0,0,0,0
0,0,0,0
0,0,0,0
0,0,0,0
0,0,0,0
0,0,0,0
0,0,0,0
0,0,0,0
0,0,0,0
0,0,0,0
0,0,0,0
0,0,0,0
0,0,0,0
0,0,0,0
0,0,0,0
0,0,0,0
0,0,0,0
0,0,0,0
0,0,0,0
0,0,0,0
0,0,0,0
0,0,0,0
0,0,0,0
0,0,0,0
0,0,0,0
0,0,0,0
0,0,0,0
0,0,0,0
0,0,0,0
0,0,0,0
0,0,0,0
0,0,0,0
0,0,0,0
0,0,0,0
0,0,0,0
0,0,0,0
0,0,0,0
0,0,0,0
0,0,0,0
0,0,0,0
0,0,0,0
0,0,0,0
0,0,0,0
0,0,0,0
0,0,0,0
0,0,0,0
0,0,0,0
0,0,0,0
0,0,0,0
0,0,0,0
0,0,0,0
0,0,0,0
0,0,0,0
0,0,0,0
0,0,0,0
0,0,0,0
0,0,0,0
0,0,0,0
0,0,0,0
0,0,0,0
0,0,0,0
0,0,0,0
0,0,0,0
0,0,0,0
0,0,0,0
0,0,0,0
0,0,0,0
0,0,0,0
0,0,0,0
0,0,0,0
0,0,0,0
0,0,0,0
0,0,0,0
0,0,0,0
0,0,0,0
0,0,0,0
0,0,0,0
0,0,0,0
0,0,0,0
0,0,0,0
0,0,0,0
0,0,0,0
0,0,0,0
0,0,0,0
0,0,0,0
0,0,0,0
0,0,0,0
0,0,0,0
0,0,0,0
0,0,0,0
0,0,0,0
0,0,0,0
0,0,0,0
0,0,0,0
0,0,0,0
0,0,0,0
0,0,0,0
0,0,0,0
0,0,0,0
0,0,0,0
0,0,0,0
0,0,0,0
0,0,0,0
0,0,0,0
0,0,0,0
0,0,0,0
0,0,0,0
0,0,0,0
0,0,0,0
0,0,0,0
0,0,0,0
0,0,0,0
0,0,0,0
0,0,0,0
0,0,0,0
0,0,0,0
0,0,0,0
0,0,0,0
0,0,0,0
0,0,0,0
0,0,0,0
0,0,0,0
0,0,0,0
0,0,0,0
0,0,0,0
0,0,0,0
0,0,0,0
0,0,0,0
0,0,0,0
0,0,0,0
0,0,0,0
0,0,0,0
0,0,0,0
0,0,0,0
0,0,0,0
0,0,0,0
0,0,0,0
0,0,0,0
0,0,0,0
0,0,0,0
0,0,0,0
0,0,0,0
0,0,0,0
0,0,0,0
0,0,0,0
0,0,0,0
0,0,0,0
0,0,0,0
0,0,0,0
0,0,0,0
0,0,0,0
0,0,0,0
0,0,0,0
0,0,0,0
0,0,0,0
0,0,0,0
0,0,0,0
0,0,0,0
0,0,0,0
0,0,0,0
0,0,0,0
0,0,0,0
0,0,0,0
0,0,0,0
0,0,0,0
0,0,0,0
0,0,0,0
0,0,0,0
0,0,0,0
0,0,0,0
0,0,0,0
0,0,0,0
0,0,0,0
0,0,0,0
0,0,0,0
0,0,0,0
0,0,0,0
0,0,0,0
0,0,0,0
0,0,0,0
0,0,0,0
0,0,0,0
0,0,0,0
0,0,0,0
0,0,0,0
0,0,0,0
0,0,0,0
0,0,0,0
0,0,0,0
0,0,0,0
0,0,0,0
0,0,0,0
0,0,0,0
0,0,0,0
0,0,0,0
0,0,0,0
0,0,0,0
0,0,0,0
0,0,0,0
0,0,0,0
0,0,0,0
0,0,0,0
0,0,0,0
0,0,0,0
0,0,0,0
0,0,0,0
0,0,0,0
0,0,0,0
0,0,0,0
0,0,0,0
0,0,0,0
0,0,0,0
0,0,0,0
0,0,0,0
0,0,0,0
0,0,0,0
0,0,0,0
0,0,0,0
0,0,0,0
0,0,0,0
0,0,0,0
0,0,0,0
0,0,0,0
0,0,0,0
0,0,0,0
0,0,0,0
0,0,0,0
0,0,0,0
0,0,0,0
0,0,0,0
0,0,0,0
0,0,0,0
0,0,0,0
0,0,0,0
0,0,0,0
0,0,0,0
0,0,0,0
0,0,0,0
0,0,0,0
0,0,0,0
0,0,0,0
0,0,0,0
0,0,0,0
0,0,0,0
0,0,0,0
0,0,0,0
0,0,0,0
0,0,0,0
0,0,0,0
0,0,0,0
0,0,0,0
0,0,0,0
0,0,0,0
0,0,0,0
0,0,0,0
0,0,0,0
0,0,0,0
0,0,0,0
0,0,0,0
0,0,0,0
0,0,0,0
0,0,0,0
0,0,0,0
0,0,0,0
0,0,0,0
0,0,0,0
0,0,0,0
0,0,0,0
0,0,0,0
0,0,0,0
0,0,0,0
0,0,0,0
0,0,0,0
0,0,0,0
0,0,0,0
0,0,0,0
0,0,0,0
0,0,0,0
0,0,0,0
0,0,0,0
0,0,0,0
0,0,0,0
0,0,0,0
0,0,0,0
0,0,0,0
0,0,0,0
0,0,0,0
0,0,0,0
0,0,0,0
0,0,0,0
0,0,0,0
0,0,0,0
0,0,0,0
0,0,0,0
0,0,0,0
0,0,0,0
0,0,0,0
0,0,0,0
0,0,0,0
0,0,0,0
0,0,0,0
0,0,0,0
0,0,0,0
0,0,0,0
0,0,0,0
0,0,0,0
0,0,0,0
0,0,0,0
0,0,0,0
0,0,0,0
0,0,0,0
0,0,0,0
0,0,0,0
0,0,0,0
0,0,0,0
0,0,0,0
0,0,0,0
0,0,0,0
0,0,0,0
0,0,0,0
0,0,0,0
0,0,0,0
0,0,0,0
0,0,0,0
0,0,0,0
0,0,0,0
0,0,0,0
0,0,0,0
0,0,0,0
0,0,0,0
0,0,0,0
0,0,0,0
0,0,0,0
0,0,0,0
0,0,0,0
0,0,0,0
0,0,0,0
0,0,0,0
0,0,0,0
0,0,0,0
0,0,0,0
0,0,0,0
0,0,0,0
0,0,0,0
0,0,0,0
0,0,0,0
0,0,0,0
0,0,0,0
0,0,0,0
0,0,0,0
0,0,0,0
0,0,0,0
0,0,0,0
0,0,0,0
0,0,0,0
0,0,0,0
0,0,0,0
0,0,0,0
0,0,0,0
0,0,0,0
0,0,0,0
0,0,0,0
0,0,0,0
0,0,0,0
0,0,0,0
0,0,0,0
0,0,0,0
0,0,0,0
0,0,0,0
0,0,0,0
0,0,0,0
0,0,0,0
0,0,0,0
0,0,0,0
0,0,0,0
0,0,0,0
0,0,0,0
0,0,0,0
0,0,0,0
0,0,0,0
0,0,0,0
0,0,0,0
0,0,0,0
0,0,0,0
0,0,0,0
0,0,0,0
0,0,0,0
0,0,0,0
0,0,0,0
0,0,0,0
0,0,0,0
0,0,0,0
0,0,0,0
0,0,0,0
0,0,0,0
0,0,0,0
0,0,0,0
0,0,0,0
0,0,0,0
0,0,0,0
0,0,0,0
0,0,0,0
0,0,0,0
0,0,0,0
0,0,0,0
0,0,0,0
0,0,0,0
0,0,0,0
0,0,0,0
0,0,0,0
0,0,0,0
0,0,0,0
0,0,0,0
0,0,0,0
0,0,0,0
0,0,0,0
0,0,0,0
0,0,0,0
0,0,0,0
0,0,0,0
0,0,0,0
0,0,0,0
0,0,0,0
0,0,0,0
0,0,0,0
0,0,0,0
0,0,0,0
0,0,0,0
0,0,0,0
0,0,0,0
0,0,0,0
0,0,0,0
0,0,0,0
0,0,0,0
0,0,0,0
0,0,0,0
0,0,0,0
0,0,0,0
0,0,0,0
0,0,0,0
0,0,0,0
0,0,0,0
0,0,0,0
0,0,0,0
0,0,0,0
0,0,0,0
0,0,0,0
0,0,0,0
0,0,0,0
0,0,0,0
0,0,0,0
0,0,0,0
0,0,0,0
0,0,0,0
0,0,0,0
0,0,0,0
0,0,0,0
0,0,0,0
0,0,0,0
0,0,0,0
0,0,0,0
0,0,0,0
0,0,0,0
0,0,0,0
0,0,0,0
0,0,0,0
0,0,0,0
0,0,0,0
0,0,0,0
0,0,0,0
0,0,0,0
0,0,0,0
0,0,0,0
0,0,0,0
0,0,0,0
0,0,0,0
0,0,0,0
0,0,0,0
0,0,0,0
0,0,0,0
0,0,0,0
0,0,0,0
0,0,0,0
0,0,0,0
0,0,0,0
0,0,0,0
0,0,0,0
0,0,0,0
0,0,0,0
0,0,0,0
0,0,0,0
0,0,0,0
0,0,0,0
0,0,0,0
0,0,0,0
0,0,0,0
0,0,0,0
0,0,0,0
0,0,0,0
0,0,0,0
0,0,0,0
0,0,0,0
0,0,0,0
0,0,0,0
0,0,0,0
0,0,0,0
0,0,0,0
0,0,0,0
0,0,0,0
0,0,0,0
0,0,0,0
0,0,0,0
0,0,0,0
0,0,0,0
0,0,0,0
0,0,0,0
0,0,0,0
0,0,0,0
0,0,0,0
0,0,0,0
0,0,0,0
0,0,0,0
0,0,0,0
0,0,0,0
0,0,0,0
0,0,0,0
0,0,0,0
0,0,0,0
0,0,0,0
0,0,0,0
0,0,0,0
0,0,0,0
0,0,0,0
0,0,0,0
0,0,0,0
0,0,0,0
0,0,0,0
0,0,0,0
0,0,0,0
0,0,0,0
0,0,0,0
0,0,0,0
0,0,0,0
0,0,0,0
0,0,0,0
0,0,0,0
0,0,0,0
0,0,0,0
0,0,0,0
0,0,0,0
0,0,0,0
0,0,0,0
0,0,0,0
0,0,0,0
0,0,0,0
0,0,0,0
0,0,0,0
0,0,0,0
0,0,0,0
0,0,0,0
0,0,0,0
0,0,0,0
0,0,0,0
0,0,0,0
0,0,0,0
0,0,0,0
0,0,0,0
0,0,0,0
0,0,0,0
0,0,0,0
0,0,0,0
0,0,0,0
0,0,0,0
0,0,0,0
0,0,0,0
0,0,0,0
0,0,0,0
0,0,0,0
0,0,0,0
0,0,0,0
0,0,0,0
0,0,0,0
0,0,0,0
0,0,0,0
0,0,0,0
0,0,0,0
0,0,0,0
0,0,0,0
0,0,0,0
0,0,0,0
0,0,0,0
0,0,0,0
0,0,0,0
0,0,0,0
0,0,0,0
0,0,0,0
0,0,0,0
0,0,0,0
0,0,0,0
0,0,0,0
0,0,0,0
0,0,0,0
0,0,0,0
0,0,0,0
0,0,0,0
0,0,0,0
0,0,0,0
0,0,0,0
0,0,0,0
0,0,0,0
0,0,0,0
0,0,0,0
0,0,0,0
0,0,0,0
0,0,0,0
0,0,0,0
0,0,0,0
0,0,0,0
0,0,0,0
0,0,0,0
0,0,0,0
0,0,0,0
0,0,0,0
0,0,0,0
0,0,0,0
0,0,0,0
0,0,0,0
0,0,0,0
0,0,0,0
0,0,0,0
0,0,0,0
0,0,0,0
0,0,0,0
0,0,0,0
0,0,0,0
0,0,0,0
0,0,0,0
0,0,0,0
0,0,0,0
0,0,0,0
0,0,0,0
0,0,0,0
0,0,0,0
0,0,0,0
0,0,0,0
0,0,0,0
0,0,0,0
0,0,0,0
0,0,0,0
0,0,0,0
0,0,0,0
0,0,0,0
0,0,0,0
0,0,0,0
0,0,0,0
0,0,0,0
0,0,0,0
0,0,0,0
0,0,0,0
0,0,0,0
0,0,0,0
0,0,0,0
0,0,0,0
0,0,0,0
0,0,0,0
0,0,0,0
0,0,0,0
0,0,0,0
0,0,0,0
0,0,0,0
0,0,0,0
0,0,0,0
0,0,0,0
0,0,0,0
0,0,0,0
0,0,0,0
0,0,0,0
0,0,0,0
0,0,0,0
0,0,0,0
0,0,0,0
0,0,0,0
0,0,0,0
0,0,0,0
0,0,0,0
0,0,0,0
0,0,0,0
0,0,0,0
0,0,0,0
0,0,0,0
0,0,0,0
0,0,0,0
0,0,0,0
0,0,0,0
0,0,0,0
0,0,0,0
0,0,0,0
0,0,0,0
0,0,0,0
0,0,0,0
0,0,0,0
0,0,0,0
0,0,0,0
0,0,0,0
0,0,0,0
0,0,0,0
0,0,0,0
0,0,0,0
0,0,0,0
0,0,0,0
0,0,0,0
0,0,0,0
0,0,0,0
0,0,0,0
0,0,0,0
0,0,0,0
0,0,0,0
0,0,0,0
0,0,0,0
0,0,0,0
0,0,0,0
0,0,0,0
0,0,0,0
0,0,0,0
0,0,0,0
0,0,0,0
0,0,0,0
0,0,0,0
0,0,0,0
0,0,0,0
0,0,0,0
0,0,0,0
0,0,0,0
0,0,0,0
0,0,0,0
0,0,0,0
0,0,0,0
0,0,0,0
0,0,0,0
0,0,0,0
0,0,0,0
0,0,0,0
0,0,0,0
0,0,0,0
0,0,0,0
0,0,0,0
0,0,0,0
0,0,0,0
0,0,0,0
0,0,0,0
0,0,0,0
0,0,0,0
0,0,0,0
0,0,0,0
0,0,0,0
0,0,0,0
0,0,0,0
0,0,0,0
0,0,0,0
0,0,0,0
0,0,0,0
0,0,0,0
0,0,0,0
0,0,0,0
0,0,0,0
0,0,0,0
0,0,0,0
0,0,0,0
0,0,0,0
0,0,0,0
0,0,0,0
0,0,0,0
0,0,0,0
0,0,0,0
0,0,0,0
0,0,0,0
0,0,0,0
0,0,0,0
0,0,0,0
0,0,0,0
0,0,0,0
0,0,0,0
0,0,0,0
0,0,0,0
0,0,0,0
0,0,0,0
0,0,0,0
0,0,0,0
0,0,0,0
0,0,0,0
0,0,0,0
0,0,0,0
0,0,0,0
0,0,0,0
0,0,0,0
0,0,0,0
0,0,0,0
0,0,0,0
0,0,0,0
0,0,0,0
0,0,0,0
0,0,0,0
0,0,0,0
0,0,0,0
0,0,0,0
0,0,0,0
0,0,0,0
0,0,0,0
0,0,0,0
0,0,0,0
0,0,0,0
0,0,0,0
0,0,0,0
0,0,0,0
0,0,0,0
0,0,0,0
0,0,0,0
0,0,0,0
0,0,0,0
0,0,0,0
0,0,0,0
0,0,0,0
0,0,0,0
0,0,0,0
0,0,0,0
0,0,0,0
0,0,0,0
0,0,0,0
0,0,0,0
0,0,0,0
0,0,0,0
0,0,0,0
0,0,0,0
0,0,0,0
0,0,0,0
0,0,0,0
0,0,0,0
0,0,0,0
0,0,0,0
0,0,0,0
0,0,0,0
0,0,0,0
0,0,0,0
0,0,0,0
0,0,0,0
0,0,0,0
0,0,0,0
0,0,0,0
0,0,0,0
0,0,0,0
0,0,0,0
0,0,0,0
0,0,0,0
0,0,0,0
0,0,0,0
0,0,0,0
0,0,0,0
0,0,0,0
0,0,0,0
0,0,0,0
0,0,0,0
0,0,0,0
0,0,0,0
0,0,0,0
0,0,0,0
0,0,0,0
0,0,0,0
0,0,0,0
0,0,0,0
0,0,0,0
0,0,0,0
0,0,0,0
0,0,0,0
0,0,0,0
0,0,0,0
0,0,0,0
0,0,0,0
0,0,0,0
0,0,0,0
0,0,0,0
0,0,0,0
0,0,0,0
0,0,0,0
0,0,0,0
0,0,0,0
0,0,0,0
0,0,0,0
0,0,0,0
0,0,0,0
0,0,0,0
0,0,0,0
0,0,0,0
0,0,0,0
0,0,0,0
0,0,0,0
0,0,0,0
0,0,0,0
0,0,0,0
0,0,0,0
0,0,0,0
0,0,0,0
0,0,0,0
0,0,0,0
0,0,0,0
0,0,0,0
0,0,0,0
0,0,0,0
0,0,0,0
0,0,0,0
0,0,0,0
0,0,0,0
0,0,0,0
0,0,0,0
0,0,0,0
0,0,0,0
0,0,0,0
0,0,0,0
0,0,0,0
0,0,0,0
0,0,0,0
0,0,0,0
0,0,0,0
0,0,0,0
0,0,0,0
0,0,0,0
0,0,0,0
0,0,0,0
0,0,0,0
0,0,0,0
0,0,0,0
0,0,0,0
0,0,0,0
0,0,0,0
0,0,0,0
0,0,0,0
0,0,0,0
0,0,0,0
0,0,0,0
0,0,0,0
0,0,0,0
0,0,0,0
0,0,0,0
0,0,0,0
0,0,0,0
0,0,0,0
0,0,0,0
0,0,0,0
0,0,0,0
0,0,0,0
0,0,0,0
0,0,0,0
0,0,0,0
0,0,0,0
0,0,0,0
0,0,0,0
0,0,0,0
0,0,0,0
0,0,0,0
0,0,0,0
0,0,0,0
0,0,0,0
0,0,0,0
0,0,0,0
0,0,0,0
0,0,0,0
0,0,0,0
0,0,0,0
0,0,0,0
0,0,0,0
0,0,0,0
0,0,0,0
0,0,0,0
0,0,0,0
0,0,0,0
0,0,0,0
0,0,0,0
0,0,0,0
0,0,0,0
0,0,0,0
0,0,0,0
0,0,0,0
0,0,0,0
0,0,0,0
0,0,0,0
0,0,0,0
0,0,0,0
0,0,0,0
0,0,0,0
0,0,0,0
0,0,0,0
0,0,0,0
0,0,0,0
0,0,0,0
0,0,0,0
0,0,0,0
0,0,0,0
0,0,0,0
0,0,0,0
0,0,0,0
0,0,0,0
0,0,0,0
0,0,0,0
0,0,0,0
0,0,0,0
0,0,0,0
0,0,0,0
0,0,0,0
0,0,0,0
0,0,0,0
0,0,0,0
0,0,0,0
0,0,0,0
0,0,0,0
0,0,0,0
0,0,0,0
0,0,0,0
0,0,0,0
0,0,0,0
0,0,0,0
0,0,0,0
0,0,0,0
0,0,0,0
0,0,0,0
0,0,0,0
0,0,0,0
0,0,0,0
0,0,0,0
0,0,0,0
0,0,0,0
0,0,0,0
0,0,0,0
0,0,0,0
0,0,0,0
0,0,0,0
0,0,0,0
0,0,0,0
0,0,0,0
0,0,0,0
0,0,0,0
0,0,0,0
0,0,0,0
0,0,0,0
0,0,0,0
0,0,0,0
0,0,0,0
0,0,0,0
0,0,0,0
0,0,0,0
0,0,0,0
0,0,0,0
0,0,0,0
0,0,0,0
0,0,0,0
0,0,0,0
0,0,0,0
0,0,0,0
0,0,0,0
0,0,0,0
0,0,0,0
0,0,0,0
0,0,0,0
0,0,0,0
0,0,0,0
0,0,0,0
0,0,0,0
0,0,0,0
0,0,0,0
0,0,0,0
0,0,0,0
0,0,0,0
0,0,0,0
0,0,0,0
0,0,0,0
0,0,0,0
0,0,0,0
0,0,0,0
0,0,0,0
0,0,0,0
0,0,0,0
0,0,0,0
0,0,0,0
0,0,0,0
0,0,0,0
0,0,0,0
0,0,0,0
0,0,0,0
0,0,0,0
0,0,0,0
0,0,0,0
0,0,0,0
0,0,0,0
0,0,0,0
0,0,0,0
0,0,0,0
0,0,0,0
0,0,0,0
0,0,0,0
0,0,0,0
0,0,0,0
0,0,0,0
0,0,0,0
0,0,0,0
0,0,0,0
0,0,0,0
0,0,0,0
0,0,0,0
0,0,0,0
0,0,0,0
0,0,0,0
0,0,0,0
0,0,0,0
0,0,0,0
0,0,0,0
0,0,0,0
0,0,0,0
0,0,0,0
0,0,0,0
0,0,0,0
0,0,0,0
0,0,0,0
0,0,0,0
0,0,0,0
0,0,0,0
0,0,0,0
0,0,0,0
0,0,0,0
0,0,0,0
0,0,0,0
0,0,0,0
0,0,0,0
0,0,0,0
0,0,0,0
0,0,0,0
0,0,0,0
0,0,0,0
0,0,0,0
0,0,0,0
0,0,0,0
0,0,0,0
0,0,0,0
0,0,0,0
0,0,0,0
0,0,0,0
0,0,0,0
0,0,0,0
0,0,0,0
0,0,0,0
0,0,0,0
0,0,0,0
0,0,0,0
0,0,0,0
0,0,0,0
0,0,0,0
0,0,0,0
0,0,0,0
0,0,0,0
0,0,0,0
0,0,0,0
0,0,0,0
0,0,0,0
0,0,0,0
0,0,0,0
0,0,0,0
0,0,0,0
0,0,0,0
0,0,0,0
0,0,0,0
0,0,0,0
0,0,0,0
0,0,0,0
0,0,0,0
0,0,0,0
0,0,0,0
0,0,0,0
0,0,0,0
0,0,0,0
0,0,0,0
0,0,0,0
0,0,0,0
0,0,0,0
0,0,0,0
0,0,0,0
0,0,0,0
0,0,0,0
0,0,0,0
0,0,0,0
0,0,0,0
0,0,0,0
0,0,0,0
0,0,0,0
0,0,0,0
0,0,0,0
0,0,0,0
0,0,0,0
0,0,0,0
0,0,0,0
0,0,0,0
0,0,0,0
0,0,0,0
0,0,0,0
0,0,0,0
0,0,0,0
0,0,0,0
0,0,0,0
0,0,0,0
0,0,0,0
0,0,0,0
0,0,0,0
0,0,0,0
0,0,0,0
0,0,0,0
0,0,0,0
0,0,0,0
0,0,0,0
0,0,0,0
0,0,0,0
0,0,0,0
0,0,0,0
0,0,0,0
0,0,0,0
0,0,0,0
0,0,0,0
0,0,0,0
0,0,0,0
0,0,0,0
0,0,0,0
0,0,0,0
0,0,0,0
0,0,0,0
0,0,0,0
0,0,0,0
0,0,0,0
0,0,0,0
0,0,0,0
0,0,0,0
0,0,0,0
0,0,0,0
0,0,0,0
0,0,0,0
0,0,0,0
0,0,0,0
0,0,0,0
0,0,0,0
0,0,0,0
0,0,0,0
0,0,0,0
0,0,0,0
0,0,0,0
0,0,0,0
0,0,0,0
0,0,0,0
0,0,0,0
0,0,0,0
0,0,0,0
0,0,0,0
0,0,0,0
0,0,0,0
0,0,0,0
0,0,0,0
0,0,0,0
0,0,0,0
0,0,0,0
0,0,0,0
0,0,0,0
0,0,0,0
0,0,0,0
0,0,0,0
0,0,0,0
0,0,0,0
0,0,0,0
0,0,0,0
0,0,0,0
0,0,0,0
0,0,0,0
0,0,0,0
0,0,0,0
0,0,0,0
0,0,0,0
0,0,0,0
0,0,0,0
0,0,0,0
0,0,0,0
0,0,0,0
0,0,0,0
0,0,0,0
0,0,0,0
0,0,0,0
0,0,0,0
0,0,0,0
0,0,0,0
0,0,0,0
0,0,0,0
0,0,0,0
0,0,0,0
0,0,0,0
0,0,0,0
0,0,0,0
0,0,0,0
0,0,0,0
0,0,0,0
0,0,0,0
0,0,0,0
0,0,0,0
0,0,0,0
0,0,0,0
0,0,0,0
0,0,0,0
0,0,0,0
0,0,0,0
0,0,0,0
0,0,0,0
0,0,0,0
0,0,0,0
0,0,0,0
0,0,0,0
0,0,0,0
0,0,0,0
0,0,0,0
0,0,0,0
0,0,0,0
0,0,0,0
0,0,0,0
0,0,0,0
0,0,0,0
0,0,0,0
0,0,0,0
0,0,0,0
0,0,0,0
0,0,0,0
0,0,0,0
0,0,0,0
0,0,0,0
0,0,0,0
0,0,0,0
0,0,0,0
0,0,0,0
0,0,0,0
0,0,0,0
0,0,0,0
0,0,0,0
0,0,0,0
0,0,0,0
0,0,0,0
0,0,0,0
0,0,0,0
0,0,0,0
0,0,0,0
0,0,0,0
0,0,0,0
0,0,0,0
0,0,0,0
0,0,0,0
0,0,0,0
0,0,0,0
0,0,0,0
0,0,0,0
0,0,0,0
0,0,0,0
0,0,0,0
0,0,0,0
0,0,0,0
0,0,0,0
0,0,0,0
0,0,0,0
0,0,0,0
0,0,0,0
0,0,0,0
0,0,0,0
0,0,0,0
0,0,0,0
0,0,0,0
0,0,0,0
0,0,0,0
0,0,0,0
0,0,0,0
0,0,0,0
0,0,0,0
0,0,0,0
0,0,0,0
0,0,0,0
0,0,0,0
0,0,0,0
0,0,0,0
0,0,0,0
0,0,0,0
0,0,0,0
0,0,0,0
0,0,0,0
0,0,0,0
0,0,0,0
0,0,0,0
0,0,0,0
0,0,0,0
0,0,0,0
0,0,0,0
0,0,0,0
0,0,0,0
0,0,0,0
0,0,0,0
0,0,0,0
0,0,0,0
0,0,0,0
0,0,0,0
0,0,0,0
0,0,0,0
0,0,0,0
0,0,0,0
0,0,0,0
0,0,0,0
0,0,0,0
0,0,0,0
0,0,0,0
0,0,0,0
0,0,0,0
0,0,0,0
0,0,0,0
0,0,0,0
0,0,0,0
0,0,0,0
0,0,0,0
0,0,0,0
0,0,0,0
0,0,0,0
0,0,0,0
0,0,0,0
0,0,0,0
0,0,0,0
0,0,0,0
0,0,0,0
0,0,0,0
0,0,0,0
0,0,0,0
0,0,0,0
0,0,0,0
0,0,0,0
0,0,0,0
0,0,0,0
0,0,0,0
0,0,0,0
0,0,0,0
0,0,0,0
0,0,0,0
0,0,0,0
0,0,0,0
0,0,0,0
0,0,0,0
0,0,0,0
0,0,0,0
0,0,0,0
0,0,0,0
0,0,0,0
0,0,0,0
0,0,0,0
0,0,0,0
0,0,0,0
0,0,0,0
0,0,0,0
0,0,0,0
0,0,0,0
0,0,0,0
0,0,0,0
0,0,0,0
0,0,0,0
0,0,0,0
0,0,0,0
0,0,0,0
0,0,0,0
0,0,0,0
0,0,0,0
0,0,0,0
0,0,0,0
0,0,0,0
0,0,0,0
0,0,0,0
0,0,0,0
0,0,0,0
0,0,0,0
0,0,0,0
0,0,0,0
0,0,0,0
0,0,0,0
0,0,0,0
0,0,0,0
0,0,0,0
0,0,0,0
0,0,0,0
0,0,0,0
0,0,0,0
0,0,0,0
0,0,0,0
0,0,0,0
0,0,0,0
0,0,0,0
0,0,0,0
0,0,0,0
0,0,0,0
0,0,0,0
0,0,0,0
0,0,0,0
0,0,0,0
0,0,0,0
0,0,0,0
0,0,0,0
0,0,0,0
0,0,0,0
0,0,0,0
0,0,0,0
0,0,0,0
0,0,0,0
0,0,0,0
0,0,0,0
0,0,0,0
0,0,0,0
0,0,0,0
0,0,0,0
0,0,0,0
0,0,0,0
0,0,0,0
0,0,0,0
0,0,0,0
0,0,0,0
0,0,0,0
0,0,0,0
0,0,0,0
0,0,0,0
0,0,0,0
0,0,0,0
0,0,0,0
0,0,0,0
0,0,0,0
0,0,0,0
0,0,0,0
0,0,0,0
0,0,0,0
0,0,0,0
0,0,0,0
0,0,0,0
0,0,0,0
0,0,0,0
0,0,0,0
0,0,0,0
0,0,0,0
0,0,0,0
0,0,0,0
0,0,0,0
0,0,0,0
0,0,0,0
0,0,0,0
0,0,0,0
0,0,0,0
0,0,0,0
0,0,0,0
0,0,0,0
0,0,0,0
0,0,0,0
0,0,0,0
0,0,0,0
0,0,0,0
0,0,0,0
0,0,0,0
0,0,0,0
0,0,0,0
0,0,0,0
0,0,0,0
0,0,0,0
0,0,0,0
0,0,0,0
0,0,0,0
0,0,0,0
0,0,0,0
0,0,0,0
0,0,0,0
0,0,0,0
0,0,0,0
0,0,0,0
0,0,0,0
0,0,0,0
0,0,0,0
0,0,0,0
0,0,0,0
0,0,0,0
0,0,0,0
0,0,0,0
0,0,0,0
0,0,0,0
0,0,0,0
0,0,0,0
0,0,0,0
0,0,0,0
0,0,0,0
0,0,0,0
0,0,0,0
0,0,0,0
0,0,0,0
0,0,0,0
0,0,0,0
0,0,0,0
0,0,0,0
0,0,0,0
0,0,0,0
0,0,0,0
0,0,0,0
0,0,0,0
0,0,0,0
0,0,0,0
0,0,0,0
0,0,0,0
0,0,0,0
0,0,0,0
0,0,0,0
0,0,0,0
0,0,0,0
0,0,0,0
0,0,0,0
0,0,0,0
0,0,0,0
0,0,0,0
0,0,0,0
0,0,0,0
0,0,0,0
0,0,0,0
0,0,0,0
0,0,0,0
0,0,0,0
0,0,0,0
0,0,0,0
0,0,0,0
0,0,0,0
0,0,0,0
0,0,0,0
0,0,0,0
0,0,0,0
0,0,0,0
0,0,0,0
0,0,0,0
0,0,0,0
0,0,0,0
0,0,0,0
0,0,0,0
0,0,0,0
0,0,0,0
0,0,0,0
0,0,0,0
0,0,0,0
0,0,0,0
0,0,0,0
0,0,0,0
0,0,0,0
0,0,0,0
0,0,0,0
0,0,0,0
0,0,0,0
0,0,0,0
0,0,0,0
0,0,0,0
0,0,0,0
0,0,0,0
0,0,0,0
0,0,0,0
0,0,0,0
0,0,0,0
0,0,0,0
0,0,0,0
0,0,0,0
0,0,0,0
0,0,0,0
0,0,0,0
0,0,0,0
0,0,0,0
0,0,0,0
0,0,0,0
0,0,0,0
0,0,0,0
0,0,0,0
0,0,0,0
0,0,0,0
0,0,0,0
0,0,0,0
0,0,0,0
0,0,0,0
0,0,0,0
0,0,0,0
0,0,0,0
0,0,0,0
0,0,0,0
0,0,0,0
0,0,0,0
0,0,0,0
0,0,0,0
0,0,0,0
0,0,0,0
0,0,0,0
0,0,0,0
0,0,0,0
0,0,0,0
0,0,0,0
0,0,0,0
0,0,0,0
0,0,0,0
0,0,0,0
0,0,0,0
0,0,0,0
0,0,0,0
0,0,0,0
0,0,0,0
0,0,0,0
0,0,0,0
0,0,0,0
0,0,0,0
0,0,0,0
0,0,0,0
0,0,0,0
0,0,0,0
0,0,0,0
0,0,0,0
0,0,0,0
0,0,0,0
0,0,0,0
0,0,0,0
0,0,0,0
0,0,0,0
0,0,0,0
0,0,0,0
0,0,0,0
0,0,0,0
0,0,0,0
0,0,0,0
0,0,0,0
0,0,0,0
0,0,0,0
0,0,0,0
0,0,0,0
0,0,0,0
0,0,0,0
0,0,0,0
0,0,0,0
0,0,0,0
0,0,0,0
0,0,0,0
0,0,0,0
0,0,0,0
0,0,0,0
0,0,0,0
0,0,0,0
0,0,0,0
0,0,0,0
0,0,0,0
0,0,0,0
0,0,0,0
0,0,0,0
0,0,0,0
0,0,0,0
0,0,0,0
0,0,0,0
0,0,0,0
0,0,0,0
0,0,0,0
0,0,0,0
0,0,0,0
0,0,0,0
0,0,0,0
0,0,0,0
0,0,0,0
0,0,0,0
0,0,0,0
0,0,0,0
0,0,0,0
0,0,0,0
0,0,0,0
0,0,0,0
0,0,0,0
0,0,0,0
0,0,0,0
0,0,0,0
0,0,0,0
0,0,0,0
0,0,0,0
0,0,0,0
0,0,0,0
0,0,0,0
0,0,0,0
0,0,0,0
0,0,0,0
0,0,0,0
0,0,0,0
0,0,0,0
0,0,0,0
0,0,0,0
0,0,0,0
0,0,0,0
0,0,0,0
0,0,0,0
0,0,0,0
0,0,0,0
0,0,0,0
0,0,0,0
0,0,0,0
0,0,0,0
0,0,0,0
0,0,0,0
0,0,0,0
0,0,0,0
0,0,0,0
0,0,0,0
0,0,0,0
0,0,0,0
0,0,0,0
0,0,0,0
0,0,0,0
0,0,0,0
0,0,0,0
0,0,0,0
0,0,0,0
0,0,0,0
0,0,0,0
0,0,0,0
0,0,0,0
0,0,0,0
0,0,0,0
0,0,0,0
0,0,0,0
0,0,0,0
0,0,0,0
0,0,0,0
0,0,0,0
0,0,0,0
0,0,0,0
0,0,0,0
0,0,0,0
0,0,0,0
0,0,0,0
0,0,0,0
0,0,0,0
0,0,0,0
0,0,0,0
0,0,0,0
0,0,0,0
0,0,0,0
0,0,0,0
0,0,0,0
0,0,0,0
0,0,0,0
0,0,0,0
0,0,0,0
0,0,0,0
0,0,0,0
0,0,0,0
0,0,0,0
0,0,0,0
0,0,0,0
0,0,0,0
0,0,0,0
0,0,0,0
0,0,0,0
0,0,0,0
0,0,0,0
0,0,0,0
0,0,0,0
0,0,0,0
0,0,0,0
0,0,0,0
0,0,0,0
0,0,0,0
0,0,0,0
0,0,0,0
0,0,0,0
0,0,0,0
0,0,0,0
0,0,0,0
0,0,0,0
0,0,0,0
0,0,0,0
0,0,0,0
0,0,0,0
0,0,0,0
0,0,0,0
0,0,0,0
0,0,0,0
0,0,0,0
0,0,0,0
0,0,0,0
0,0,0,0
0,0,0,0
0,0,0,0
0,0,0,0
0,0,0,0
0,0,0,0
0,0,0,0
0,0,0,0
0,0,0,0
0,0,0,0
0,0,0,0
0,0,0,0
0,0,0,0
0,0,0,0
0,0,0,0
0,0,0,0
0,0,0,0
0,0,0,0
0,0,0,0
0,0,0,0
0,0,0,0
0,0,0,0
0,0,0,0
0,0,0,0
0,0,0,0
0,0,0,0
0,0,0,0
0,0,0,0
0,0,0,0
0,0,0,0
0,0,0,0
0,0,0,0
0,0,0,0
0,0,0,0
0,0,0,0
0,0,0,0
0,0,0,0
0,0,0,0
0,0,0,0
0,0,0,0
0,0,0,0
0,0,0,0
0,0,0,0
0,0,0,0
0,0,0,0
0,0,0,0
0,0,0,0
0,0,0,0
0,0,0,0
0,0,0,0
0,0,0,0
0,0,0,0
0,0,0,0
0,0,0,0
0,0,0,0
0,0,0,0
0,0,0,0
0,0,0,0
0,0,0,0
0,0,0,0
0,0,0,0
0,0,0,0
0,0,0,0
0,0,0,0
0,0,0,0
0,0,0,0
0,0,0,0
0,0,0,0
0,0,0,0
0,0,0,0
0,0,0,0
0,0,0,0
0,0,0,0
0,0,0,0
0,0,0,0
0,0,0,0
0,0,0,0
0,0,0,0
0,0,0,0
0,0,0,0
0,0,0,0
0,0,0,0
0,0,0,0
0,0,0,0
0,0,0,0
0,0,0,0
0,0,0,0
0,0,0,0
0,0,0,0
0,0,0,0
0,0,0,0
0,0,0,0
0,0,0,0
0,0,0,0
0,0,0,0
0,0,0,0
0,0,0,0
0,0,0,0
0,0,0,0
0,0,0,0
0,0,0,0
0,0,0,0
0,0,0,0
0,0,0,0
0,0,0,0
0,0,0,0
0,0,0,0
0,0,0,0
0,0,0,0
0,0,0,0
0,0,0,0
0,0,0,0
0,0,0,0
0,0,0,0
0,0,0,0
0,0,0,0
0,0,0,0
0,0,0,0
0,0,0,0
0,0,0,0
0,0,0,0
0,0,0,0
0,0,0,0
0,0,0,0
0,0,0,0
0,0,0,0
0,0,0,0
0,0,0,0
0,0,0,0
0,0,0,0
0,0,0,0
0,0,0,0
0,0,0,0
0,0,0,0
0,0,0,0
0,0,0,0
0,0,0,0
0,0,0,0
0,0,0,0
0,0,0,0
0,0,0,0
0,0,0,0
0,0,0,0
0,0,0,0
0,0,0,0
0,0,0,0
0,0,0,0
0,0,0,0
0,0,0,0
0,0,0,0
0,0,0,0
0,0,0,0
0,0,0,0
0,0,0,0
0,0,0,0
0,0,0,0
0,0,0,0
0,0,0,0
0,0,0,0
0,0,0,0
0,0,0,0
0,0,0,0
0,0,0,0
0,0,0,0
0,0,0,0
0,0,0,0
0,0,0,0
0,0,0,0
0,0,0,0
0,0,0,0
0,0,0,0
0,0,0,0
0,0,0,0
0,0,0,0
0,0,0,0
0,0,0,0
0,0,0,0
0,0,0,0
0,0,0,0
0,0,0,0
0,0,0,0
0,0,0,0
0,0,0,0
0,0,0,0
0,0,0,0
0,0,0,0
0,0,0,0
0,0,0,0
0,0,0,0
0,0,0,0
0,0,0,0
0,0,0,0
0,0,0,0
0,0,0,0
0,0,0,0
0,0,0,0
0,0,0,0
0,0,0,0
0,0,0,0
0,0,0,0
0,0,0,0
0,0,0,0
0,0,0,0
0,0,0,0
0,0,0,0
0,0,0,0
0,0,0,0
0,0,0,0
0,0,0,0
0,0,0,0
0,0,0,0
0,0,0,0
0,0,0,0
0,0,0,0
0,0,0,0
0,0,0,0
0,0,0,0
0,0,0,0
0,0,0,0
0,0,0,0
0,0,0,0
0,0,0,0
0,0,0,0
0,0,0,0
0,0,0,0
0,0,0,0
0,0,0,0
0,0,0,0
0,0,0,0
0,0,0,0
0,0,0,0
0,0,0,0
0,0,0,0
0,0,0,0
0,0,0,0
0,0,0,0
0,0,0,0
0,0,0,0
0,0,0,0
0,0,0,0
0,0,0,0
0,0,0,0
0,0,0,0
0,0,0,0
0,0,0,0
0,0,0,0
0,0,0,0
0,0,0,0
0,0,0,0
0,0,0,0
0,0,0,0
0,0,0,0
0,0,0,0
0,0,0,0
0,0,0,0
0,0,0,0
0,0,0,0
0,0,0,0
0,0,0,0
0,0,0,0
0,0,0,0
0,0,0,0
0,0,0,0
0,0,0,0
0,0,0,0
0,0,0,0
0,0,0,0
0,0,0,0
0,0,0,0
0,0,0,0
0,0,0,0
0,0,0,0
0,0,0,0
0,0,0,0
0,0,0,0
0,0,0,0
0,0,0,0
0,0,0,0
0,0,0,0
0,0,0,0
0,0,0,0
0,0,0,0
0,0,0,0
0,0,0,0
0,0,0,0
0,0,0,0
0,0,0,0
0,0,0,0
0,0,0,0
0,0,0,0
0,0,0,0
0,0,0,0
0,0,0,0
0,0,0,0
0,0,0,0
0,0,0,0
0,0,0,0
0,0,0,0
0,0,0,0
0,0,0,0
0,0,0,0
0,0,0,0
0,0,0,0
0,0,0,0
0,0,0,0
0,0,0,0
0,0,0,0
0,0,0,0
0,0,0,0
0,0,0,0
0,0,0,0
0,0,0,0
0,0,0,0
0,0,0,0
0,0,0,0
0,0,0,0
0,0,0,0
0,0,0,0
0,0,0,0
0,0,0,0
0,0,0,0
0,0,0,0
0,0,0,0
0,0,0,0
0,0,0,0
0,0,0,0
0,0,0,0
0,0,0,0
0,0,0,0
0,0,0,0
0,0,0,0
0,0,0,0
0,0,0,0
0,0,0,0
0,0,0,0
0,0,0,0
0,0,0,0
0,0,0,0
0,0,0,0
0,0,0,0
0,0,0,0
0,0,0,0
0,0,0,0
0,0,0,0
0,0,0,0
0,0,0,0
0,0,0,0
0,0,0,0
0,0,0,0
0,0,0,0
0,0,0,0
0,0,0,0
0,0,0,0
0,0,0,0
0,0,0,0
0,0,0,0
0,0,0,0
0,0,0,0
0,0,0,0
0,0,0,0
0,0,0,0
0,0,0,0
0,0,0,0
0,0,0,0
0,0,0,0
0,0,0,0
0,0,0,0
0,0,0,0
0,0,0,0
0,0,0,0
0,0,0,0
0,0,0,0
0,0,0,0
0,0,0,0
0,0,0,0
0,0,0,0
0,0,0,0
0,0,0,0
0,0,0,0
0,0,0,0
0,0,0,0
0,0,0,0
0,0,0,0
0,0,0,0
0,0,0,0
0,0,0,0
0,0,0,0
0,0,0,0
0,0,0,0
0,0,0,0
0,0,0,0
0,0,0,0
0,0,0,0
0,0,0,0
0,0,0,0
0,0,0,0
0,0,0,0
0,0,0,0
0,0,0,0
0,0,0,0
0,0,0,0
0,0,0,0
0,0,0,0
0,0,0,0
0,0,0,0
0,0,0,0
0,0,0,0
0,0,0,0
0,0,0,0
0,0,0,0
0,0,0,0
0,0,0,0
0,0,0,0
0,0,0,0
0,0,0,0
0,0,0,0
0,0,0,0
0,0,0,0
0,0,0,0
0,0,0,0
0,0,0,0
0,0,0,0
0,0,0,0
0,0,0,0
0,0,0,0
0,0,0,0
0,0,0,0
0,0,0,0
0,0,0,0
0,0,0,0
0,0,0,0
0,0,0,0
0,0,0,0
0,0,0,0
0,0,0,0
0,0,0,0
0,0,0,0
0,0,0,0
0,0,0,0
0,0,0,0
0,0,0,0
0,0,0,0
0,0,0,0
0,0,0,0
0,0,0,0
0,0,0,0
0,0,0,0
0,0,0,0
0,0,0,0
0,0,0,0
0,0,0,0
0,0,0,0
0,0,0,0
0,0,0,0
0,0,0,0
0,0,0,0
0,0,0,0
0,0,0,0
0,0,0,0
0,0,0,0
0,0,0,0
0,0,0,0
0,0,0,0
0,0,0,0
0,0,0,0
0,0,0,0
0,0,0,0
0,0,0,0
0,0,0,0
0,0,0,0
0,0,0,0
0,0,0,0
0,0,0,0
0,0,0,0
0,0,0,0
0,0,0,0
0,0,0,0
0,0,0,0
0,0,0,0
0,0,0,0
0,0,0,0
0,0,0,0
0,0,0,0
0,0,0,0
0,0,0,0
0,0,0,0
0,0,0,0
0,0,0,0
0,0,0,0
0,0,0,0
0,0,0,0
0,0,0,0
0,0,0,0
0,0,0,0
0,0,0,0
0,0,0,0
0,0,0,0
0,0,0,0
0,0,0,0
0,0,0,0
0,0,0,0
0,0,0,0
0,0,0,0
0,0,0,0
0,0,0,0
0,0,0,0
0,0,0,0
0,0,0,0
0,0,0,0
0,0,0,0
0,0,0,0
0,0,0,0
0,0,0,0
0,0,0,0
0,0,0,0
0,0,0,0
0,0,0,0
0,0,0,0
0,0,0,0
0,0,0,0
0,0,0,0
0,0,0,0
0,0,0,0
0,0,0,0
0,0,0,0
0,0,0,0
0,0,0,0
0,0,0,0
0,0,0,0
0,0,0,0
0,0,0,0
0,0,0,0
0,0,0,0
0,0,0,0
0,0,0,0
0,0,0,0
0,0,0,0
0,0,0,0
0,0,0,0
0,0,0,0
0,0,0,0
0,0,0,0
0,0,0,0
0,0,0,0
0,0,0,0
0,0,0,0
0,0,0,0
0,0,0,0
0,0,0,0
0,0,0,0
0,0,0,0
0,0,0,0
0,0,0,0
0,0,0,0
0,0,0,0
0,0,0,0
0,0,0,0
0,0,0,0
0,0,0,0
0,0,0,0
0,0,0,0
0,0,0,0
0,0,0,0
0,0,0,0
0,0,0,0
0,0,0,0
0,0,0,0
0,0,0,0
0,0,0,0
0,0,0,0
0,0,0,0
0,0,0,0
0,0,0,0
0,0,0,0
0,0,0,0
0,0,0,0
0,0,0,0
0,0,0,0
0,0,0,0
0,0,0,0
0,0,0,0
0,0,0,0
0,0,0,0
0,0,0,0
0,0,0,0
0,0,0,0
0,0,0,0
0,0,0,0
0,0,0,0
0,0,0,0
0,0,0,0
0,0,0,0
0,0,0,0
0,0,0,0
0,0,0,0
0,0,0,0
0,0,0,0
0,0,0,0
0,0,0,0
0,0,0,0
0,0,0,0
0,0,0,0
0,0,0,0
0,0,0,0
0,0,0,0
0,0,0,0
0,0,0,0
0,0,0,0
0,0,0,0
0,0,0,0
0,0,0,0
0,0,0,0
0,0,0,0
0,0,0,0
0,0,0,0
0,0,0,0
0,0,0,0
0,0,0,0
0,0,0,0
0,0,0,0
0,0,0,0
0,0,0,0
0,0,0,0
0,0,0,0
0,0,0,0
0,0,0,0
0,0,0,0
0,0,0,0
0,0,0,0
0,0,0,0
0,0,0,0
0,0,0,0
0,0,0,0
0,0,0,0
0,0,0,0
0,0,0,0
0,0,0,0
0,0,0,0
0,0,0,0
0,0,0,0
0,0,0,0
0,0,0,0
0,0,0,0
0,0,0,0
0,0,0,0
0,0,0,0
0,0,0,0
0,0,0,0
0,0,0,0
0,0,0,0
0,0,0,0
0,0,0,0
0,0,0,0
0,0,0,0
0,0,0,0
0,0,0,0
0,0,0,0
0,0,0,0
0,0,0,0
0,0,0,0
0,0,0,0
0,0,0,0
0,0,0,0
0,0,0,0
0,0,0,0
0,0,0,0
0,0,0,0
0,0,0,0
0,0,0,0
0,0,0,0
0,0,0,0
0,0,0,0
0,0,0,0
0,0,0,0
0,0,0,0
0,0,0,0
0,0,0,0
0,0,0,0
0,0,0,0
0,0,0,0
0,0,0,0
0,0,0,0
0,0,0,0
0,0,0,0
0,0,0,0
0,0,0,0
0,0,0,0
0,0,0,0
0,0,0,0
0,0,0,0
0,0,0,0
0,0,0,0
0,0,0,0
0,0,0,0
0,0,0,0
0,0,0,0
0,0,0,0
0,0,0,0
0,0,0,0
0,0,0,0
0,0,0,0
0,0,0,0
0,0,0,0
0,0,0,0
0,0,0,0
0,0,0,0
0,0,0,0
0,0,0,0
0,0,0,0
0,0,0,0
0,0,0,0
0,0,0,0
0,0,0,0
0,0,0,0
0,0,0,0
0,0,0,0
0,0,0,0
0,0,0,0
0,0,0,0
0,0,0,0
0,0,0,0
0,0,0,0
0,0,0,0
0,0,0,0
0,0,0,0
0,0,0,0
0,0,0,0
0,0,0,0
0,0,0,0
0,0,0,0
0,0,0,0
0,0,0,0
0,0,0,0
0,0,0,0
0,0,0,0
0,0,0,0
0,0,0,0
0,0,0,0
0,0,0,0
0,0,0,0
0,0,0,0
0,0,0,0
0,0,0,0
0,0,0,0
0,0,0,0
0,0,0,0
0,0,0,0
0,0,0,0
0,0,0,0
0,0,0,0
0,0,0,0
0,0,0,0
0,0,0,0
0,0,0,0
0,0,0,0
0,0,0,0
0,0,0,0
0,0,0,0
0,0,0,0
0,0,0,0
0,0,0,0
0,0,0,0
0,0,0,0
0,0,0,0
0,0,0,0
0,0,0,0
0,0,0,0
0,0,0,0
0,0,0,0
0,0,0,0
0,0,0,0
0,0,0,0
0,0,0,0
0,0,0,0
0,0,0,0
0,0,0,0
0,0,0,0
0,0,0,0
0,0,0,0
0,0,0,0
0,0,0,0
0,0,0,0
0,0,0,0
0,0,0,0
0,0,0,0
0,0,0,0
0,0,0,0
0,0,0,0
0,0,0,0
0,0,0,0
0,0,0,0
0,0,0,0
0,0,0,0
0,0,0,0
0,0,0,0
0,0,0,0
0,0,0,0
0,0,0,0
0,0,0,0
0,0,0,0
0,0,0,0
0,0,0,0
0,0,0,0
0,0,0,0
0,0,0,0
0,0,0,0
0,0,0,0
0,0,0,0
0,0,0,0
0,0,0,0
0,0,0,0
0,0,0,0
0,0,0,0
0,0,0,0
0,0,0,0
0,0,0,0
0,0,0,0
0,0,0,0
0,0,0,0
0,0,0,0
0,0,0,0
0,0,0,0
0,0,0,0
0,0,0,0
0,0,0,0
0,0,0,0
0,0,0,0
0,0,0,0
0,0,0,0
0,0,0,0
0,0,0,0
0,0,0,0
0,0,0,0
0,0,0,0
0,0,0,0
0,0,0,0
0,0,0,0
0,0,0,0
0,0,0,0
0,0,0,0
0,0,0,0
0,0,0,0
0,0,0,0
0,0,0,0
0,0,0,0
0,0,0,0
0,0,0,0
0,0,0,0
0,0,0,0
0,0,0,0
0,0,0,0
0,0,0,0
0,0,0,0
0,0,0,0
0,0,0,0
0,0,0,0
0,0,0,0
0,0,0,0
0,0,0,0
0,0,0,0
0,0,0,0
0,0,0,0
0,0,0,0
0,0,0,0
0,0,0,0
0,0,0,0
0,0,0,0
0,0,0,0
0,0,0,0
0,0,0,0
0,0,0,0
0,0,0,0
0,0,0,0
0,0,0,0
0,0,0,0
0,0,0,0
0,0,0,0
0,0,0,0
0,0,0,0
0,0,0,0
0,0,0,0
0,0,0,0
0,0,0,0
0,0,0,0
0,0,0,0
0,0,0,0
0,0,0,0
0,0,0,0
0,0,0,0
0,0,0,0
0,0,0,0
0,0,0,0
0,0,0,0
0,0,0,0
0,0,0,0
0,0,0,0
0,0,0,0
0,0,0,0
0,0,0,0
0,0,0,0
0,0,0,0
0,0,0,0
0,0,0,0
0,0,0,0
0,0,0,0
0,0,0,0
0,0,0,0
0,0,0,0
0,0,0,0
0,0,0,0
0,0,0,0
0,0,0,0
0,0,0,0
0,0,0,0
0,0,0,0
0,0,0,0
0,0,0,0
0,0,0,0
0,0,0,0
0,0,0,0
0,0,0,0
0,0,0,0
0,0,0,0
0,0,0,0
0,0,0,0
0,0,0,0
0,0,0,0
0,0,0,0
0,0,0,0
0,0,0,0
0,0,0,0
0,0,0,0
0,0,0,0
0,0,0,0
0,0,0,0
0,0,0,0
0,0,0,0
0,0,0,0
0,0,0,0
0,0,0,0
0,0,0,0
0,0,0,0
0,0,0,0
0,0,0,0
0,0,0,0
0,0,0,0
0,0,0,0
0,0,0,0
0,0,0,0
0,0,0,0
0,0,0,0
0,0,0,0
0,0,0,0
0,0,0,0
0,0,0,0
0,0,0,0
0,0,0,0
0,0,0,0
0,0,0,0
0,0,0,0
0,0,0,0
0,0,0,0
0,0,0,0
0,0,0,0
0,0,0,0
0,0,0,0
0,0,0,0
0,0,0,0
0,0,0,0
0,0,0,0
0,0,0,0
0,0,0,0
0,0,0,0
0,0,0,0
0,0,0,0
0,0,0,0
0,0,0,0
0,0,0,0
0,0,0,0
0,0,0,0
0,0,0,0
0,0,0,0
0,0,0,0
0,0,0,0
0,0,0,0
0,0,0,0
0,0,0,0
0,0,0,0
0,0,0,0
0,0,0,0
0,0,0,0
0,0,0,0
0,0,0,0
0,0,0,0
0,0,0,0
0,0,0,0
0,0,0,0
0,0,0,0
0,0,0,0
0,0,0,0
0,0,0,0
0,0,0,0
0,0,0,0
0,0,0,0
0,0,0,0
0,0,0,0
0,0,0,0
0,0,0,0
0,0,0,0
0,0,0,0
0,0,0,0
0,0,0,0
0,0,0,0
0,0,0,0
0,0,0,0
0,0,0,0
0,0,0,0
0,0,0,0
0,0,0,0
0,0,0,0
0,0,0,0
0,0,0,0
0,0,0,0
0,0,0,0
0,0,0,0
0,0,0,0
0,0,0,0
0,0,0,0
0,0,0,0
0,0,0,0
0,0,0,0
0,0,0,0
0,0,0,0
0,0,0,0
0,0,0,0
0,0,0,0
0,0,0,0
0,0,0,0
0,0,0,0
0,0,0,0
0,0,0,0
0,0,0,0
0,0,0,0
0,0,0,0
0,0,0,0
0,0,0,0
0,0,0,0
0,0,0,0
0,0,0,0
0,0,0,0
0,0,0,0
0,0,0,0
0,0,0,0
0,0,0,0
0,0,0,0
0,0,0,0
0,0,0,0
0,0,0,0
0,0,0,0
0,0,0,0
0,0,0,0
0,0,0,0
0,0,0,0
0,0,0,0
0,0,0,0
0,0,0,0
0,0,0,0
0,0,0,0
0,0,0,0
0,0,0,0
0,0,0,0
0,0,0,0
0,0,0,0
0,0,0,0
0,0,0,0
0,0,0,0
0,0,0,0
0,0,0,0
0,0,0,0
0,0,0,0
0,0,0,0
0,0,0,0
0,0,0,0
0,0,0,0
0,0,0,0
0,0,0,0
0,0,0,0
0,0,0,0
0,0,0,0
0,0,0,0
0,0,0,0
0,0,0,0
0,0,0,0
0,0,0,0
0,0,0,0
0,0,0,0
0,0,0,0
0,0,0,0
0,0,0,0
0,0,0,0
0,0,0,0
0,0,0,0
0,0,0,0
0,0,0,0
0,0,0,0
0,0,0,0
0,0,0,0
0,0,0,0
0,0,0,0
0,0,0,0
0,0,0,0
0,0,0,0
0,0,0,0
0,0,0,0
0,0,0,0
0,0,0,0
0,0,0,0
0,0,0,0
0,0,0,0
0,0,0,0
0,0,0,0
0,0,0,0
0,0,0,0
0,0,0,0
0,0,0,0
0,0,0,0
0,0,0,0
0,0,0,0
0,0,0,0
0,0,0,0
0,0,0,0
0,0,0,0
0,0,0,0
0,0,0,0
0,0,0,0
0,0,0,0
0,0,0,0
0,0,0,0
0,0,0,0
0,0,0,0
0,0,0,0
0,0,0,0
0,0,0,0
0,0,0,0
0,0,0,0
0,0,0,0
0,0,0,0
0,0,0,0
0,0,0,0
0,0,0,0
0,0,0,0
0,0,0,0
0,0,0,0
0,0,0,0
0,0,0,0
0,0,0,0
0,0,0,0
0,0,0,0
0,0,0,0
0,0,0,0
0,0,0,0
0,0,0,0
0,0,0,0
0,0,0,0
0,0,0,0
0,0,0,0
0,0,0,0
0,0,0,0
0,0,0,0
0,0,0,0
0,0,0,0
0,0,0,0
0,0,0,0
0,0,0,0
0,0,0,0
0,0,0,0
0,0,0,0
0,0,0,0
0,0,0,0
0,0,0,0
0,0,0,0
0,0,0,0
0,0,0,0
0,0,0,0
0,0,0,0
0,0,0,0
0,0,0,0
0,0,0,0
0,0,0,0
0,0,0,0
0,0,0,0
0,0,0,0
0,0,0,0
0,0,0,0
0,0,0,0
0,0,0,0
0,0,0,0
0,0,0,0
0,0,0,0
0,0,0,0
0,0,0,0
0,0,0,0
0,0,0,0
0,0,0,0
0,0,0,0
0,0,0,0
0,0,0,0
0,0,0,0
0,0,0,0
0,0,0,0
0,0,0,0
0,0,0,0
0,0,0,0
0,0,0,0
0,0,0,0
0,0,0,0
0,0,0,0
0,0,0,0
0,0,0,0
0,0,0,0
0,0,0,0
0,0,0,0
0,0,0,0
0,0,0,0
0,0,0,0
0,0,0,0
0,0,0,0
0,0,0,0
0,0,0,0
0,0,0,0
0,0,0,0
0,0,0,0
0,0,0,0
0,0,0,0
0,0,0,0
0,0,0,0
0,0,0,0
0,0,0,0
0,0,0,0
0,0,0,0
0,0,0,0
0,0,0,0
0,0,0,0
0,0,0,0
0,0,0,0
0,0,0,0
0,0,0,0
0,0,0,0
0,0,0,0
0,0,0,0
0,0,0,0
0,0,0,0
0,0,0,0
0,0,0,0
0,0,0,0
0,0,0,0
0,0,0,0
0,0,0,0
0,0,0,0
0,0,0,0
0,0,0,0
0,0,0,0
0,0,0,0
0,0,0,0
0,0,0,0
0,0,0,0
0,0,0,0
0,0,0,0
0,0,0,0
0,0,0,0
0,0,0,0
0,0,0,0
0,0,0,0
0,0,0,0
0,0,0,0
0,0,0,0
0,0,0,0
0,0,0,0
0,0,0,0
0,0,0,0
0,0,0,0
0,0,0,0
0,0,0,0
0,0,0,0
0,0,0,0
0,0,0,0
0,0,0,0
0,0,0,0
0,0,0,0
0,0,0,0
0,0,0,0
0,0,0,0
0,0,0,0
0,0,0,0
0,0,0,0
0,0,0,0
0,0,0,0
0,0,0,0
0,0,0,0
0,0,0,0
0,0,0,0
0,0,0,0
0,0,0,0
0,0,0,0
0,0,0,0
0,0,0,0
0,0,0,0
0,0,0,0
0,0,0,0
0,0,0,0
0,0,0,0
0,0,0,0
0,0,0,0
0,0,0,0
0,0,0,0
0,0,0,0
0,0,0,0
0,0,0,0
0,0,0,0
0,0,0,0
0,0,0,0
0,0,0,0
0,0,0,0
0,0,0,0
0,0,0,0
0,0,0,0
0,0,0,0
0,0,0,0
0,0,0,0
0,0,0,0
0,0,0,0
0,0,0,0
0,0,0,0
0,0,0,0
0,0,0,0
0,0,0,0
0,0,0,0
0,0,0,0
0,0,0,0
0,0,0,0
0,0,0,0
0,0,0,0
0,0,0,0
0,0,0,0
0,0,0,0
0,0,0,0
0,0,0,0
0,0,0,0
0,0,0,0
0,0,0,0
0,0,0,0
0,0,0,0
0,0,0,0
0,0,0,0
0,0,0,0
0,0,0,0
0,0,0,0
0,0,0,0
0,0,0,0
0,0,0,0
0,0,0,0
0,0,0,0
0,0,0,0
0,0,0,0
0,0,0,0
0,0,0,0
0,0,0,0
0,0,0,0
0,0,0,0
0,0,0,0
0,0,0,0
0,0,0,0
0,0,0,0
0,0,0,0
0,0,0,0
0,0,0,0
0,0,0,0
0,0,0,0
0,0,0,0
0,0,0,0
0,0,0,0
0,0,0,0
0,0,0,0
0,0,0,0
0,0,0,0
0,0,0,0
0,0,0,0
0,0,0,0
0,0,0,0
0,0,0,0
0,0,0,0
0,0,0,0
0,0,0,0
0,0,0,0
0,0,0,0
0,0,0,0
0,0,0,0
0,0,0,0
0,0,0,0
0,0,0,0
0,0,0,0
0,0,0,0
0,0,0,0
0,0,0,0
0,0,0,0
0,0,0,0
0,0,0,0
0,0,0,0
0,0,0,0
0,0,0,0
0,0,0,0
0,0,0,0
0,0,0,0
0,0,0,0
0,0,0,0
0,0,0,0
0,0,0,0
0,0,0,0
0,0,0,0
0,0,0,0
0,0,0,0
0,0,0,0
0,0,0,0
0,0,0,0
0,0,0,0
0,0,0,0
0,0,0,0
0,0,0,0
0,0,0,0
0,0,0,0
0,0,0,0
0,0,0,0
0,0,0,0
0,0,0,0
0,0,0,0
0,0,0,0
0,0,0,0
0,0,0,0
0,0,0,0
0,0,0,0
0,0,0,0
0,0,0,0
0,0,0,0
0,0,0,0
0,0,0,0
0,0,0,0
0,0,0,0
0,0,0,0
0,0,0,0
0,0,0,0
0,0,0,0
0,0,0,0
0,0,0,0
0,0,0,0
0,0,0,0
0,0,0,0
0,0,0,0
0,0,0,0
0,0,0,0
0,0,0,0
0,0,0,0
0,0,0,0
0,0,0,0
0,0,0,0
0,0,0,0
0,0,0,0
0,0,0,0
0,0,0,0
0,0,0,0
0,0,0,0
0,0,0,0
0,0,0,0
0,0,0,0
0,0,0,0
0,0,0,0
0,0,0,0
0,0,0,0
0,0,0,0
0,0,0,0
0,0,0,0
0,0,0,0
0,0,0,0
0,0,0,0
0,0,0,0
0,0,0,0
0,0,0,0
0,0,0,0
0,0,0,0
0,0,0,0
0,0,0,0
0,0,0,0
0,0,0,0
0,0,0,0
0,0,0,0
0,0,0,0
0,0,0,0
0,0,0,0
0,0,0,0
0,0,0,0
0,0,0,0
0,0,0,0
0,0,0,0
0,0,0,0
0,0,0,0
0,0,0,0
0,0,0,0
0,0,0,0
0,0,0,0
0,0,0,0
0,0,0,0
0,0,0,0
0,0,0,0
0,0,0,0
0,0,0,0
0,0,0,0
0,0,0,0
0,0,0,0
0,0,0,0
0,0,0,0
0,0,0,0
0,0,0,0
0,0,0,0
0,0,0,0
0,0,0,0
0,0,0,0
0,0,0,0
0,0,0,0
0,0,0,0
0,0,0,0
0,0,0,0
0,0,0,0
0,0,0,0
0,0,0,0
0,0,0,0
0,0,0,0
0,0,0,0
0,0,0,0
0,0,0,0
0,0,0,0
0,0,0,0
0,0,0,0
0,0,0,0
0,0,0,0
0,0,0,0
0,0,0,0
0,0,0,0
0,0,0,0
0,0,0,0
0,0,0,0
0,0,0,0
0,0,0,0
0,0,0,0
0,0,0,0
0,0,0,0
0,0,0,0
0,0,0,0
0,0,0,0
0,0,0,0
0,0,0,0
0,0,0,0
0,0,0,0
0,0,0,0
0,0,0,0
0,0,0,0
0,0,0,0
0,0,0,0
0,0,0,0
0,0,0,0
0,0,0,0
0,0,0,0
0,0,0,0
0,0,0,0
0,0,0,0
0,0,0,0
0,0,0,0
0,0,0,0
0,0,0,0
0,0,0,0
0,0,0,0
0,0,0,0
0,0,0,0
0,0,0,0
0,0,0,0
0,0,0,0
0,0,0,0
0,0,0,0
0,0,0,0
0,0,0,0
0,0,0,0
0,0,0,0
0,0,0,0
0,0,0,0
0,0,0,0
0,0,0,0
0,0,0,0
0,0,0,0
0,0,0,0
0,0,0,0
0,0,0,0
0,0,0,0
0,0,0,0
0,0,0,0
0,0,0,0
0,0,0,0
0,0,0,0
0,0,0,0
0,0,0,0
0,0,0,0
0,0,0,0
0,0,0,0
0,0,0,0
0,0,0,0
0,0,0,0
0,0,0,0
0,0,0,0
0,0,0,0
0,0,0,0
0,0,0,0
0,0,0,0
0,0,0,0
0,0,0,0
0,0,0,0
0,0,0,0
0,0,0,0
0,0,0,0
0,0,0,0
0,0,0,0
0,0,0,0
0,0,0,0
0,0,0,0
0,0,0,0
0,0,0,0
0,0,0,0
0,0,0,0
0,0,0,0
0,0,0,0
0,0,0,0
0,0,0,0
0,0,0,0
0,0,0,0
0,0,0,0
0,0,0,0
0,0,0,0
0,0,0,0
0,0,0,0
0,0,0,0
0,0,0,0
0,0,0,0
0,0,0,0
0,0,0,0
0,0,0,0
0,0,0,0
0,0,0,0
0,0,0,0
0,0,0,0
0,0,0,0
0,0,0,0
0,0,0,0
0,0,0,0
0,0,0,0
0,0,0,0
0,0,0,0
0,0,0,0
0,0,0,0
0,0,0,0
0,0,0,0
0,0,0,0
0,0,0,0
0,0,0,0
0,0,0,0
0,0,0,0
0,0,0,0
0,0,0,0
0,0,0,0
0,0,0,0
0,0,0,0
0,0,0,0
0,0,0,0
0,0,0,0
0,0,0,0
0,0,0,0
0,0,0,0
0,0,0,0
0,0,0,0
0,0,0,0
0,0,0,0
0,0,0,0
0,0,0,0
0,0,0,0
0,0,0,0
0,0,0,0
0,0,0,0
0,0,0,0
0,0,0,0
0,0,0,0
0,0,0,0
0,0,0,0
0,0,0,0
0,0,0,0
0,0,0,0
0,0,0,0
0,0,0,0
0,0,0,0
0,0,0,0
0,0,0,0
0,0,0,0
0,0,0,0
0,0,0,0
0,0,0,0
0,0,0,0
0,0,0,0
0,0,0,0
0,0,0,0
0,0,0,0
0,0,0,0
0,0,0,0
0,0,0,0
0,0,0,0
0,0,0,0
0,0,0,0
0,0,0,0
0,0,0,0
0,0,0,0
0,0,0,0
0,0,0,0
0,0,0,0
0,0,0,0
0,0,0,0
0,0,0,0
0,0,0,0
0,0,0,0
0,0,0,0
0,0,0,0
0,0,0,0
0,0,0,0
0,0,0,0
0,0,0,0
0,0,0,0
0,0,0,0
0,0,0,0
0,0,0,0
0,0,0,0
0,0,0,0
0,0,0,0
0,0,0,0
0,0,0,0
0,0,0,0
0,0,0,0
0,0,0,0
0,0,0,0
0,0,0,0
0,0,0,0
0,0,0,0
0,0,0,0
0,0,0,0
0,0,0,0
0,0,0,0
0,0,0,0
0,0,0,0
0,0,0,0
0,0,0,0
0,0,0,0
0,0,0,0
0,0,0,0
0,0,0,0
0,0,0,0
0,0,0,0
0,0,0,0
0,0,0,0
0,0,0,0
0,0,0,0
0,0,0,0
0,0,0,0
0,0,0,0
0,0,0,0
0,0,0,0
0,0,0,0
0,0,0,0
0,0,0,0
0,0,0,0
0,0,0,0
0,0,0,0
0,0,0,0
0,0,0,0
0,0,0,0
0,0,0,0
0,0,0,0
0,0,0,0
0,0,0,0
0,0,0,0
0,0,0,0
0,0,0,0
0,0,0,0
0,0,0,0
0,0,0,0
0,0,0,0
0,0,0,0
0,0,0,0
0,0,0,0
0,0,0,0
0,0,0,0
0,0,0,0
0,0,0,0
0,0,0,0
0,0,0,0
0,0,0,0
0,0,0,0
0,0,0,0
0,0,0,0
0,0,0,0
0,0,0,0
0,0,0,0
0,0,0,0
0,0,0,0
0,0,0,0
0,0,0,0
0,0,0,0
0,0,0,0
0,0,0,0
0,0,0,0
0,0,0,0
0,0,0,0
0,0,0,0
0,0,0,0
0,0,0,0
0,0,0,0
0,0,0,0
0,0,0,0
0,0,0,0
0,0,0,0
0,0,0,0
0,0,0,0
0,0,0,0
0,0,0,0
0,0,0,0
0,0,0,0
0,0,0,0
0,0,0,0
0,0,0,0
0,0,0,0
0,0,0,0
0,0,0,0
0,0,0,0
0,0,0,0
0,0,0,0
0,0,0,0
0,0,0,0
0,0,0,0
0,0,0,0
0,0,0,0
0,0,0,0
0,0,0,0
0,0,0,0
0,0,0,0
0,0,0,0
0,0,0,0
0,0,0,0
0,0,0,0
0,0,0,0
0,0,0,0
0,0,0,0
0,0,0,0
0,0,0,0
0,0,0,0
0,0,0,0
0,0,0,0
0,0,0,0
0,0,0,0
0,0,0,0
0,0,0,0
0,0,0,0
0,0,0,0
0,0,0,0
0,0,0,0
0,0,0,0
0,0,0,0
0,0,0,0
0,0,0,0
0,0,0,0
0,0,0,0
0,0,0,0
0,0,0,0
0,0,0,0
0,0,0,0
0,0,0,0
0,0,0,0
0,0,0,0
0,0,0,0
0,0,0,0
0,0,0,0
0,0,0,0
0,0,0,0
0,0,0,0
0,0,0,0
0,0,0,0
0,0,0,0
0,0,0,0
0,0,0,0
0,0,0,0
0,0,0,0
0,0,0,0
0,0,0,0
0,0,0,0
0,0,0,0
0,0,0,0
0,0,0,0
0,0,0,0
0,0,0,0
0,0,0,0
0,0,0,0
0,0,0,0
0,0,0,0
0,0,0,0
0,0,0,0
0,0,0,0
0,0,0,0
0,0,0,0
0,0,0,0
0,0,0,0
0,0,0,0
0,0,0,0
0,0,0,0
0,0,0,0
0,0,0,0
0,0,0,0
0,0,0,0
0,0,0,0
0,0,0,0
0,0,0,0
0,0,0,0
0,0,0,0
0,0,0,0
0,0,0,0
0,0,0,0
0,0,0,0
0,0,0,0
0,0,0,0
0,0,0,0
0,0,0,0
0,0,0,0
0,0,0,0
0,0,0,0
0,0,0,0
0,0,0,0
0,0,0,0
0,0,0,0
0,0,0,0
0,0,0,0
0,0,0,0
0,0,0,0
0,0,0,0
0,0,0,0
0,0,0,0
0,0,0,0
0,0,0,0
0,0,0,0
0,0,0,0
0,0,0,0
0,0,0,0
0,0,0,0
0,0,0,0
0,0,0,0
0,0,0,0
0,0,0,0
0,0,0,0
0,0,0,0
0,0,0,0
0,0,0,0
0,0,0,0
0,0,0,0
0,0,0,0
0,0,0,0
0,0,0,0
0,0,0,0
0,0,0,0
0,0,0,0
0,0,0,0
0,0,0,0
0,0,0,0
0,0,0,0
0,0,0,0
0,0,0,0
0,0,0,0
0,0,0,0
0,0,0,0
0,0,0,0
0,0,0,0
0,0,0,0
0,0,0,0
0,0,0,0
0,0,0,0
0,0,0,0
0,0,0,0
0,0,0,0
0,0,0,0
0,0,0,0
0,0,0,0
0,0,0,0
0,0,0,0
0,0,0,0
0,0,0,0
0,0,0,0
0,0,0,0
0,0,0,0
0,0,0,0
0,0,0,0
0,0,0,0
0,0,0,0
0,0,0,0
0,0,0,0
0,0,0,0
0,0,0,0
0,0,0,0
0,0,0,0
0,0,0,0
0,0,0,0
0,0,0,0
0,0,0,0
0,0,0,0
0,0,0,0
0,0,0,0
0,0,0,0
0,0,0,0
0,0,0,0
0,0,0,0
0,0,0,0
0,0,0,0
0,0,0,0
0,0,0,0
0,0,0,0
0,0,0,0
0,0,0,0
0,0,0,0
0,0,0,0
0,0,0,0
0,0,0,0
0,0,0,0
0,0,0,0
0,0,0,0
0,0,0,0
0,0,0,0
0,0,0,0
0,0,0,0
0,0,0,0
0,0,0,0
0,0,0,0
0,0,0,0
3.7019,0,73.282,0
3.9749,0,80.481,0
0,0,0,0
3.3912,0,73.14,0
0,0,0,0
3.4638,0,78.722,0
3.1615,0,73.793,0
0,0,0,0
0,0,0,0
0,0,0,0
3.1144,0,78.922,0
0,0,0,0
2.6151,0,69.437,0
2.7226,0,73.355,0
2.556,0,69.527,0
2.914,0,80.66,0
2.8615,0,80.73,0
2.8024,0,80.122,0
2.4511,0,71.04,0
2.5604,0,75.077,0
2.5012,0,74.312,0
0,0,0,0
2.5424,0,77.419,0
2.6377,0,81.442,0
2.3723,0,74.108,0
2.3006,0,72.532,0
2.4078,0,76.934,0
2.5378,0,81.776,0
2.443,0,79.345,0
2.2338,0,73.394,0
2.4097,0,79.83,0
2.3532,0,78.533,0
2.2399,0,75.296,0
0,0,0,0
2.2057,2.2057,95.099,95.099
0,0,0,0
2.3034,0,79.923,0
2.2927,0,80.044,0
0,0,0,0
2.2959,2.2959,94.875,94.875
2.1218,0,75.617,0
2.1822,0,78.246,0
2.2649,0,81.83,0
2.1261,0,77.293,0
0,0,0,0
0,0,0,0
1.9263,0,70.998,0
0,0,0,0
1.8172,0,67.759,0
2.1258,0,79.749,0
2.0962,0,78.929,0
0,0,0,0
2.0564,0,78.213,0
0,0,0,0
2.0626,0,79.011,0
0,0,0,0
2.1194,0,81.881,0
0,0,0,0
2.0214,2.0214,92.65,92.65
1.9481,1.9481,76.384,76.384
0,0,0,0
1.962,1.962,92.314,92.314
1.8378,1.8378,76.15,76.15
1.7394,1.7394,69.549,69.549
0,0,0,0
1.7989,1.7989,72.397,72.397
1.9769,1.9769,79.971,79.971
2.0419,2.0419,82.893,82.893
1.995,1.995,94.19,94.19
0,0,0,0
1.8982,1.8982,77.973,77.973
1.9143,1.9143,78.887,78.887
1.6686,1.6686,68.91,68.91
0,0,0,0
1.9937,1.9937,82.872,82.872
1.9955,1.9955,89.573,89.573
1.9187,1.9187,85.154,85.154
0,0,0,0
1.8761,1.8761,78.843,78.843
1.8436,1.8436,77.817,77.817
1.6874,1.6874,76.946,76.946
1.9782,1.9782,83.805,83.805
1.9747,1.9747,83.858,83.858
1.8178,1.8178,77.339,77.339
1.8897,1.8897,80.599,80.599
1.9617,1.9617,101.88,101.88
1.9554,1.9554,83.789,83.789
1.8973,1.8973,81.471,81.471
0,0,0,0
1.9093,1.9093,83.26,83.26
0,0,0,0
0,0,0,0
1.6779,1.6779,72.701,72.701
1.7685,1.7685,78.527,78.527
1.8488,1.8488,90.274,90.274
0,0,0,0
1.9278,1.9278,84.156,84.156
1.9314,1.9314,91.644,91.644
1.9216,1.9216,84.063,84.063
1.8735,1.8735,82.852,82.852
1.626,1.626,71.298,71.298
1.9148,1.9148,84.09,84.09
0,0,0,0
1.8411,1.8411,81.057,81.057
0,0,0,0
1.8002,1.8002,79.455,79.455
1.7853,1.7853,82.4,82.4
0,0,0,0
1.896,1.896,83.938,83.938
1.9034,1.9034,84.318,84.318
1.702,1.702,89.201,89.201
1.7662,1.7662,78.503,78.503
0,0,0,0
1.6209,1.6209,87.44,87.44
1.8671,1.8671,95.545,95.545
1.899,1.899,84.773,84.773
1.8423,1.8423,82.267,82.267
1.7776,1.7776,79.886,79.886
0,0,0,0
0,0,0,0
1.8907,1.8907,84.825,84.825
1.8778,1.8778,101.54,101.54
1.7177,1.7177,77.201,77.201
1.7127,1.7127,77.007,77.007
1.5743,1.5743,70.837,70.837
1.8807,1.8807,92.916,92.916
1.8727,1.8727,84.464,84.464
1.8642,1.8642,84.18,84.18
0,0,0,0
0,0,0,0
1.8368,1.8368,83.179,83.179
0,0,0,0
1.8572,1.8572,104.99,104.99
1.5839,1.5839,72.06,72.06
1.8336,1.8336,93.865,93.865
1.6999,1.6999,90.982,90.982
1.8226,1.8226,83.97,83.97
1.7007,1.7007,77.75,77.75
1.8319,1.8319,101.43,101.43
0,0,0,0
1.5895,1.5895,78.958,78.958
1.8498,1.8498,85.045,85.045
1.8365,1.8365,84.572,84.572
1.8392,1.8392,84.799,84.799
1.7608,1.7608,81.212,81.212
0,0,0,0
0,0,0,0
0,0,0,0
0,0,0,0
0,0,0,0
0,0,0,0
0,0,0,0
0,0,0,0
0,0,0,0
0,0,0,0
0,0,0,0
0,0,0,0
0,0,0,0
0,0,0,0
0,0,0,0
0,0,0,0
0,0,0,0
0,0,0,0
0,0,0,0
0,0,0,0
0,0,0,0
0,0,0,0
0,0,0,0
0,0,0,0
0,0,0,0
0,0,0,0
0,0,0,0
0,0,0,0
0,0,0,0
4.2777,0,72.616,0
0,0,0,0
0,0,0,0
0,0,0,0
0,0,0,0
4.0487,0,72.08,0
3.8902,0,71.577,0
0,0,0,0
3.5832,0,69.357,0
0,0,0,0
6.125,0,121.25,0
6.5813,0,133.25,0
4.8478,0,102.61,0
5.6453,0,121.75,0
4.2667,0,95.483,0
5.7432,0,130.53,0
5.2458,0,122.44,0
4.5163,0,106.69,0
4.3853,0,107.26,0
4.4822,0,111.73,0
5.1559,0,130.65,0
3.2311,0,82.785,0
4.3363,3.2063,115.14,97.11
4.5042,0,121.36,0
4.2449,0,115.47,0
4.8205,0,133.43,0
4.7353,0,133.59,0
4.6366,3.892,132.56,120.33
4.0893,0,118.52,0
4.2363,0,124.22,0
4.1486,0,123.26,0
3.3025,0,99.204,0
4.2055,0,128.06,0
4.3634,0,134.72,0
3.9405,3.347,123.1,120.71
3.8316,0,120.8,0
3.983,0,127.27,0
4.198,0,135.27,0
4.0482,0,131.48,0
3.7092,2.8453,121.87,109.09
3.986,2.8846,132.05,110.95
3.8993,0,130.13,0
3.7051,0,124.55,0
2.3534,0,80.028,0
3.6561,3.6561,157.63,157.63
2.539,0,87.08,0
3.8128,2.9277,132.3,124.54
3.793,0,132.42,0
2.4848,0,87.792,0
3.7993,3.7993,157,157
3.5196,0,125.43,0
3.6096,0,129.43,0
3.7465,2.403,135.36,99.243
3.5228,2.5055,128.07,108.43
2.6195,0,95.351,0
2.8222,0,103.42,0
3.2006,0,117.97,0
2.9157,0,108.48,0
3.04,2.8395,121.45,121.45
3.5173,0,131.95,0
3.4674,2.646,130.56,120.42
2.9523,2.2953,111.8,104.46
3.4055,0,129.53,0
0,0,0,0
3.4118,2.11,130.7,103.88
2.6933,0,103.84,0
3.5059,0,135.44,0
2.662,0,103.14,0
3.3437,3.3437,153.26,153.26
3.2344,3.2344,126.82,126.82
2.48,2.48,120.21,120.21
3.2454,3.2454,152.7,152.7
3.0408,3.0408,126,126
2.9033,2.9033,116.09,116.09
2.1705,2.1705,87.161,87.161
2.9757,2.9757,124.08,124.08
3.2703,3.2703,132.31,132.31
3.3776,3.3776,137.12,137.12
3.3001,3.3001,155.81,155.81
2.6178,2.6178,130.36,130.36
3.1398,3.1398,128.98,128.98
3.1672,3.1672,130.52,130.52
2.791,2.791,115.27,115.27
2.0704,2.0704,85.995,85.995
3.2978,3.2978,137.08,137.08
3.301,3.301,148.17,148.17
3.1738,3.1738,141.18,141.18
2.6821,2.6821,132.29,132.29
3.1033,3.1033,130.42,130.42
3.0511,3.0511,128.78,128.78
2.8001,2.8001,127.28,127.28
3.2722,3.2722,138.63,138.63
3.2664,3.2664,138.71,138.71
3.0069,3.0069,127.93,127.93
3.1258,3.1258,133.32,133.32
3.245,3.245,168.54,168.54
3.2346,3.2346,138.6,138.6
3.1387,3.1387,134.78,134.78
2.3039,2.3039,98.971,98.971
3.1585,3.1585,137.74,137.74
2.3715,2.3715,102.22,102.22
2.6021,2.6021,113.29,113.29
2.7965,2.7965,121.17,121.17
2.942,2.942,130.64,130.64
3.0582,3.0582,149.33,149.33
1.6349,1.6349,71.095,71.095
3.1889,3.1889,139.21,139.21
3.1949,3.1949,151.6,151.6
3.1794,3.1794,144.18,144.18
3.1045,3.1045,137.29,137.29
2.7163,2.7163,119.1,119.1
3.1673,3.1673,139.1,139.1
2.4513,2.4513,107.98,107.98
3.0466,3.0466,136.99,136.99
2.1992,2.1992,119.13,119.13
2.9781,2.9781,131.44,131.44
2.9542,2.9542,136.35,136.35
2.4845,2.4845,108.83,108.83
3.1372,3.1372,138.89,138.89
3.1486,3.1486,139.47,139.47
2.8154,2.8154,147.55,147.55
2.9216,2.9216,129.86,129.86
2.394,2.394,107.28,107.28
2.6812,2.6812,144.64,144.64
3.0885,3.0885,158.05,158.05
3.1413,3.1413,140.23,140.23
3.0474,3.0474,136.08,136.08
2.9407,2.9407,132.27,132.27
2.4946,2.4946,111.69,111.69
2.406,2.406,105.64,105.64
3.1275,3.1275,140.31,140.31
3.1073,3.1073,168.03,168.03
2.8562,2.8562,128.37,128.37
2.8331,2.8331,127.38,127.38
2.618,2.618,117.8,117.8
3.111,3.111,153.7,153.7
3.0977,3.0977,139.72,139.72
3.0836,3.0836,139.25,139.25
2.3016,2.3016,104.13,104.13
2.476,2.476,112.08,112.08
3.0383,3.0383,137.59,137.59
2.5351,2.5351,120.13,120.13
3.0721,3.0721,173.68,173.68
2.62,2.62,119.2,119.2
3.033,3.033,155.27,155.27
2.8136,2.8136,151.37,151.37
3.0149,3.0149,138.9,138.9
2.8132,2.8132,128.61,128.61
3.0303,3.0303,167.78,167.78
2.4658,2.4658,111.7,111.7
2.6293,2.6293,130.61,130.61
3.0599,3.0599,140.68,140.68
3.0378,3.0378,139.89,139.89
3.0423,3.0423,140.27,140.27
2.9126,2.9126,134.34,134.34
0,0,0,0
0,0,0,0
0,0,0,0
0,0,0,0
0,0,0,0
0,0,0,0
0,0,0,0
0,0,0,0
0,0,0,0
0,0,0,0
0,0,0,0
0,0,0,0
0,0,0,0
0,0,0,0
0,0,0,0
0,0,0,0
0,0,0,0
0,0,0,0
4.8619,0,81.406,0
0,0,0,0
0,0,0,0
0,0,0,0
0,0,0,0
0,0,0,0
0,0,0,0
0,0,0,0
0,0,0,0
3.9857,0,67.657,0
5.7928,0,98.133,0
7.1273,0,120.99,0
0,0,0,0
5.2502,0,91.081,0
4.3037,0,76.437,0
5.874,0,104.1,0
6.7322,0,119.86,0
6.4384,0,118.46,0
0,0,0,0
5.9826,0,115.8,0
5.5149,0,109.14,0
9.8196,0,194.39,0
10.558,0,213.78,0
7.7747,0,164.56,0
9.1058,0,196.39,0
6.8531,0,153.36,0
9.2269,0,209.7,0
8.434,0,196.86,0
7.2649,0,171.63,0
7.1264,0,174.31,0
7.2666,0,181.13,0
8.2706,0,209.58,0
5.2039,0,133.33,0
6.9672,5.2836,185,160.03
7.2204,0,194.54,0
6.831,0,185.82,0
7.7268,0,213.88,0
7.5928,3.2785,214.21,106
7.4332,6.3043,212.52,194.92
6.6105,0,191.59,0
6.7917,0,199.15,0
6.6673,0,198.09,0
5.3465,0,160.6,0
6.7406,0,205.26,0
6.994,2.6118,215.95,108.18
6.3422,5.4321,198.12,195.91
6.1831,0,194.94,0
6.3842,0,203.99,0
6.7285,0,216.81,0
6.4999,0,211.11,0
5.9681,4.6673,196.09,178.96
6.3888,4.6238,211.65,177.84
6.2607,0,208.94,0
5.9385,0,199.63,0
3.898,0,132.55,0
5.8719,5.8719,253.16,253.16
4.0695,2.2769,139.57,98.166
6.1154,4.7462,212.19,201.89
6.0802,2.397,212.28,101.96
3.9827,0,140.71,0
6.0921,6.0921,251.75,251.75
5.6569,0,201.6,0
5.7854,0,207.45,0
6.0048,3.9541,216.95,163.3
5.6556,4.0638,205.6,175.86
4.2043,2.8029,153.04,121.3
4.5234,0,165.75,0
5.1529,0,189.92,0
4.7,2.5139,174.87,107.52
4.9278,4.5848,196.1,196.1
5.6391,0,211.55,0
5.5576,4.241,209.26,193.01
4.7752,3.6789,180.83,167.43
5.4647,0,207.85,0
2.6454,0,100.66,0
5.4684,3.4806,209.48,171.36
4.3279,0,166.87,0
5.6192,0,217.09,0
4.2667,2.7375,165.31,134.71
5.3592,5.3592,245.65,245.65
5.2034,5.2034,204.03,204.03
3.9756,3.9756,192.7,192.7
5.2017,5.2017,244.75,244.75
4.875,4.875,201.99,201.99
4.6955,4.6955,187.75,187.75
3.5614,3.5614,143.01,143.01
4.7695,4.7695,200.87,200.87
5.2419,5.2419,215.28,215.28
5.4135,5.4135,219.77,219.77
5.2895,5.2895,249.73,249.73
4.1997,4.1997,209.14,209.14
5.0325,5.0325,206.73,206.73
5.0773,5.0773,209.23,209.23
4.5237,4.5237,186.82,186.82
3.3209,3.3209,137.93,137.93
5.2857,5.2857,219.72,219.72
5.291,5.291,237.5,237.5
5.087,5.087,226.79,226.79
4.2989,4.2989,212.03,212.03
4.974,4.974,209.04,209.04
4.8926,4.8926,206.52,206.52
4.5024,4.5024,204.02,204.02
5.2447,5.2447,222.19,222.19
5.2354,5.2354,222.33,222.33
4.8194,4.8194,205.05,205.05
5.01,5.01,213.69,213.69
5.2013,5.2013,270.14,270.14
5.1843,5.1843,222.15,222.15
5.031,5.031,216.03,216.03
3.7398,3.7398,160.66,160.66
5.0628,5.0628,220.78,220.78
3.8525,3.8525,166.06,166.06
4.2151,4.2151,183.52,183.52
4.5161,4.5161,195.68,195.68
4.7423,4.7423,210.57,210.57
4.9016,4.9016,239.34,239.34
2.6203,2.6203,113.95,113.95
5.1112,5.1112,223.13,223.13
5.1207,5.1207,242.98,242.98
5.0972,5.0972,233.94,233.94
4.9845,4.9845,220.43,220.43
4.3967,4.3967,192.79,192.79
5.0766,5.0766,222.94,222.94
3.9845,3.9845,175.51,175.51
4.8847,4.8847,219.56,219.56
3.5633,3.5633,190.94,190.94
4.7738,4.7738,210.69,210.69
4.7365,4.7365,218.61,218.61
4.0061,4.0061,175.48,175.48
5.0299,5.0299,222.68,222.68
5.0465,5.0465,223.55,223.55
4.5125,4.5125,236.49,236.49
4.6827,4.6827,208.13,208.13
3.8833,3.8833,174.02,174.02
4.2974,4.2974,231.83,231.83
4.9503,4.9503,253.32,253.32
5.0348,5.0348,224.76,224.76
4.8843,4.8843,218.11,218.11
4.7157,4.7157,212.22,212.22
3.9983,3.9983,179.02,179.02
3.9065,3.9065,172.3,172.3
5.0127,5.0127,224.89,224.89
4.9822,4.9822,269.41,269.41
4.6017,4.6017,206.82,206.82
4.5409,4.5409,204.17,204.17
4.2184,4.2184,189.8,189.8
4.9864,4.9864,246.35,246.35
4.9649,4.9649,223.94,223.94
4.9424,4.9424,223.18,223.18
3.7102,3.7102,167.86,167.86
3.9685,3.9685,179.65,179.65
4.8697,4.8697,220.53,220.53
4.0633,4.0633,192.55,192.55
4.9239,4.9239,278.37,278.37
4.1993,4.1993,191.05,191.05
4.8613,4.8613,248.86,248.86
4.5121,4.5121,244.01,244.01
4.8323,4.8323,222.63,222.63
4.5091,4.5091,206.14,206.14
4.857,4.857,268.91,268.91
4.0059,4.0059,181.47,181.47
4.2143,4.2143,209.34,209.34
4.9044,4.9044,225.48,225.48
4.8689,4.8689,224.22,224.22
4.8762,4.8762,224.83,224.83
4.6682,4.6682,215.31,215.31
0,0,0,0
0,0,0,0
0,0,0,0
0,0,0,0
0,0,0,0
0,0,0,0
0,0,0,0
0,0,0,0
0,0,0,0
0,0,0,0
0,0,0,0
0,0,0,0
0,0,0,0
4.2546,0,69.737,0
5.9142,0,97.517,0
5.5051,0,92.36,0
6.336,0,106.06,0
4.1871,0,70.086,0
8.0232,0,134.34,0
4.8612,0,82.772,0
4.9713,0,84.728,0
4.1744,0,71.495,0
6.4766,0,109.51,0
5.9628,0,100.35,0
0,0,0,0
6.4548,0,109.16,0
4.0198,0,68.049,0
6.6679,0,113.19,0
9.4579,0,160.22,0
11.507,0,195.33,0
5.8745,0,102.33,0
8.6111,0,149.39,0
7.1154,0,126.37,0
9.4979,0,168.33,0
10.847,0,193.11,0
10.325,0,189.97,0
5.6587,0,108.31,0
9.6785,0,187.34,0
8.8724,0,175.59,0
15.254,0,301.97,0
16.413,0,332.32,0
12.082,0,255.71,0
14.231,0,306.94,0
10.666,0,238.68,0
14.363,0,326.44,0
13.139,0,306.67,0
11.324,0,267.51,0
11.221,0,274.47,0
11.415,0,284.53,0
12.855,0,325.75,0
8.1209,3.698,208.07,112.41
10.847,8.4365,288.02,255.52
11.215,2.7925,302.17,84.578
10.651,0,289.74,0
12.001,0,332.18,0
11.797,5.1711,332.82,167.19
11.547,9.8947,330.12,305.93
10.354,0,300.1,0
10.55,0,309.37,0
10.382,0,308.46,0
8.3867,0,251.93,0
10.468,2.82,318.78,95.175
10.862,4.3209,335.39,178.97
9.8907,8.5423,308.98,308.09
9.6682,0,304.81,0
9.9152,0,316.81,0
10.45,0,336.71,0
10.112,0,328.43,0
9.3043,7.4185,305.71,284.44
9.9219,7.1815,328.7,276.21
9.74,0,325.05,0
9.2228,0,310.03,0
6.2559,0,212.74,0
9.1378,9.1378,393.97,393.97
6.32,3.5433,216.76,152.77
9.5039,7.4552,329.76,317.12
9.444,3.7651,329.72,160.16
6.1854,2.1967,218.54,90.779
9.4653,9.4653,391.14,391.14
8.8099,2.4779,313.97,111.02
8.985,2.1437,322.18,88.533
9.3257,6.3042,336.94,260.36
8.7978,6.3865,319.83,276.38
6.5384,4.4051,238,190.63
7.025,0,257.42,0
8.0384,0,296.27,0
7.3411,3.9331,273.13,168.22
7.7399,7.1733,306.8,306.8
8.7601,0,328.63,0
8.6311,6.5865,324.99,299.76
7.4838,5.7134,283.4,260.02
8.4967,1.8579,323.17,78.428
4.1083,1.9844,156.33,94.189
8.4926,5.5633,325.33,273.9
6.7388,2.2471,259.83,110.63
8.7267,1.9197,337.14,84.643
6.6263,4.2752,256.74,210.38
8.323,8.323,381.51,381.51
8.1112,8.1112,318.04,318.04
6.1751,6.1751,299.3,299.3
8.0784,8.0784,380.1,380.1
7.5729,7.5729,313.78,313.78
7.3582,7.3582,294.21,294.21
5.6621,5.6621,227.37,227.37
7.4071,7.4071,315.06,315.06
8.1412,8.1412,339.39,339.39
8.4074,8.4074,341.31,341.31
8.2149,8.2149,387.84,387.84
6.5284,6.5284,325.1,325.1
7.8156,7.8156,321.05,321.05
7.8868,7.8868,325.01,325.01
7.1042,7.1042,293.39,293.39
5.1612,5.1612,214.38,214.38
8.2089,8.2089,341.22,341.22
8.2174,8.2174,368.86,368.86
7.9003,7.9003,353.01,353.01
6.6764,6.6764,329.3,329.3
7.7247,7.7247,324.64,324.64
7.602,7.602,320.88,320.88
7.0148,7.0148,316.85,316.85
8.1452,8.1452,345.06,345.06
8.1308,8.1308,345.29,345.29
7.4848,7.4848,318.45,318.45
7.7807,7.7807,331.86,331.86
8.078,8.078,419.54,419.54
8.0514,8.0514,345,345
7.8139,7.8139,335.53,335.53
5.8822,5.8822,252.69,252.69
7.8633,7.8633,342.91,342.91
6.0641,6.0641,261.4,261.4
6.6161,6.6161,288.06,288.06
7.0668,7.0668,306.2,306.2
7.4068,7.4068,328.89,328.89
7.6123,7.6123,371.7,371.7
4.0695,4.0695,176.97,176.97
7.938,7.938,346.53,346.53
7.9526,7.9526,377.35,377.35
7.9181,7.9181,367.8,367.8
7.7547,7.7547,342.93,342.93
6.8958,6.8958,302.37,302.37
7.8841,7.8841,346.24,346.24
6.2754,6.2754,276.42,276.42
7.5887,7.5887,340.98,340.98
5.6635,5.6635,296.54,296.54
7.4144,7.4144,327.24,327.24
7.3584,7.3584,339.62,339.62
6.259,6.259,274.16,274.16
7.8139,7.8139,345.93,345.93
7.8374,7.8374,347.18,347.18
7.008,7.008,367.28,367.28
7.2724,7.2724,323.24,323.24
6.1037,6.1037,273.52,273.52
6.674,6.674,360.03,360.03
7.6879,7.6879,393.41,393.41
7.8191,7.8191,349.05,349.05
7.5854,7.5854,338.73,338.73
7.3308,7.3308,329.9,329.9
6.2094,6.2094,278.02,278.02
6.146,6.146,272.31,272.31
7.7848,7.7848,349.27,349.27
7.7403,7.7403,418.55,418.55
7.1838,7.1838,322.86,322.86
7.0522,7.0522,317.08,317.08
6.5859,6.5859,296.33,296.33
7.7441,7.7441,382.6,382.6
7.7107,7.7107,347.78,347.78
7.6757,7.6757,346.61,346.61
5.7951,5.7951,262.18,262.18
6.1632,6.1632,279,279
7.5628,7.5628,342.49,342.49
6.3104,6.3104,299.03,299.03
7.647,7.647,432.31,432.31
6.5216,6.5216,296.71,296.71
7.5498,7.5498,386.49,386.49
7.0115,7.0115,381.15,381.15
7.5048,7.5048,345.76,345.76
7.0028,7.0028,320.14,320.14
7.5432,7.5432,417.62,417.62
6.3058,6.3058,285.67,285.67
6.5449,6.5449,325.11,325.11
7.6167,7.6167,350.17,350.17
7.5616,7.5616,348.22,348.22
7.5729,7.5729,349.16,349.16
7.2499,7.2499,334.39,334.39
0,0,0,0
0,0,0,0
0,0,0,0
0,0,0,0
0,0,0,0
0,0,0,0
0,0,0,0
0,0,0,0
0,0,0,0
0,0,0,0
0,0,0,0
0,0,0,0
0,0,0,0
7.1014,0,116.4,0
9.6231,0,158.67,0
9.0071,0,151.11,0
10.188,0,170.53,0
6.7325,0,112.69,0
12.829,0,214.8,0
7.9949,0,136.13,0
8.1912,0,139.61,0
6.9618,0,119.23,0
10.521,0,177.9,0
9.548,0,160.69,0
6.5021,0,112.04,0
10.423,0,176.26,0
6.5195,0,110.36,0
10.809,0,183.48,0
14.963,0,253.48,0
18,0,305.55,0
9.5454,0,166.28,0
13.685,0,237.41,0
11.399,0,202.45,0
14.881,0,263.73,0
16.934,0,301.48,0
16.043,0,295.17,0
8.9054,0,173.36,0
15.172,0,293.66,0
13.831,0,273.72,0
22.96,0,454.52,0
24.722,0,500.54,0
18.191,0,385.03,0
21.552,0,464.82,0
16.084,0,359.93,0
21.665,0,492.39,0
19.832,0,462.9,0
17.102,0,404.01,0
17.12,0,418.76,0
17.374,0,433.08,0
19.36,0,490.59,0
12.28,5.9912,314.62,182.12
16.362,13.053,434.47,395.33
16.879,4.3204,454.78,130.86
16.093,3.5241,437.75,111.84
18.06,0,499.9,0
17.759,7.9032,501.04,255.53
17.379,15.048,496.87,465.26
15.715,0,455.47,0
15.88,0,465.66,0
15.666,0,465.43,0
12.747,0,382.91,0
15.753,4.5866,479.7,154.79
16.347,6.9265,504.72,286.89
14.946,13.016,469.45,469.45
14.648,0,461.81,0
14.921,0,476.75,0
15.725,0,506.69,0
15.244,2.3073,495.1,85.344
14.055,11.425,461.81,438.07
14.931,10.808,494.63,415.68
14.682,0,490,0
13.879,0,466.54,0
9.7285,0,330.82,0
13.779,13.779,594.07,594.07
9.5104,5.3428,326.18,230.35
14.311,11.347,496.57,482.66
14.213,5.7305,496.23,243.76
9.3774,3.3071,329.47,136.66
14.25,14.25,588.85,588.85
13.294,4.0292,473.79,180.53
13.521,3.3117,484.81,136.77
14.033,9.7392,507.02,402.22
13.261,9.7253,482.08,420.86
9.8524,6.708,358.63,290.29
10.571,0,387.37,0
12.15,2.3753,447.82,104.03
11.11,5.9625,413.35,255.02
11.779,10.875,465.11,465.11
13.186,0,494.67,0
12.988,9.9115,489.04,451.08
11.365,8.5977,430.37,391.29
12.801,2.8887,486.87,121.94
6.1823,3.2941,235.25,156.36
12.78,8.6161,489.55,424.2
10.167,3.4802,392,171.34
13.132,3.1119,507.33,137.21
9.9713,6.4695,386.34,318.35
12.525,12.525,574.12,574.12
12.251,12.251,480.37,480.37
9.2936,9.2936,455.76,455.76
12.156,12.156,571.98,571.98
11.399,11.399,472.3,472.3
11.173,11.173,446.75,446.75
8.7224,8.7224,350.27,350.27
11.146,11.146,478.85,478.85
12.251,12.251,518.44,518.44
12.651,12.651,513.6,513.6
12.362,12.362,583.64,583.64
9.8332,9.8332,489.67,489.67
11.761,11.761,483.12,483.12
11.87,11.87,489.17,489.17
10.81,10.81,446.45,446.45
7.7725,7.7725,322.83,322.83
12.353,12.353,513.48,513.48
12.366,12.366,555.09,555.09
11.889,11.889,532.41,532.41
10.047,10.047,495.53,495.53
11.624,11.624,488.52,488.52
11.445,11.445,483.1,483.1
10.59,10.59,476.81,476.81
12.257,12.257,519.26,519.26
12.235,12.235,519.6,519.6
11.263,11.263,479.21,479.21
11.708,11.708,499.39,499.39
12.156,12.156,631.35,631.35
12.116,12.116,519.16,519.16
11.759,11.759,504.95,504.95
8.9646,8.9646,385.1,385.1
11.834,11.834,516.05,516.05
9.249,9.249,398.68,398.68
10.062,10.062,438.1,438.1
10.715,10.715,464.27,464.27
11.209,11.209,497.74,497.74
11.455,11.455,559.34,559.34
6.1238,6.1238,266.3,266.3
11.945,11.945,521.47,521.47
11.967,11.967,567.85,567.85
11.918,11.918,560.3,560.3
11.69,11.69,516.95,516.95
10.479,10.479,459.5,459.5
11.864,11.864,521.02,521.02
9.5767,9.5767,421.84,421.84
11.424,11.424,513.12,513.12
8.7221,8.7221,446.24,446.24
11.158,11.158,492.48,492.48
11.077,11.077,511.24,511.24
9.4751,9.4751,415.04,415.04
11.762,11.762,520.72,520.72
11.794,11.794,522.44,522.44
10.546,10.546,552.69,552.69
10.944,10.944,486.41,486.41
9.2956,9.2956,416.57,416.57
10.043,10.043,541.78,541.78
11.569,11.569,592.01,592.01
11.766,11.766,525.26,525.26
11.415,11.415,509.72,509.72
11.042,11.042,496.93,496.93
9.344,9.344,418.36,418.36
9.3691,9.3691,417.01,417.01
11.715,11.715,525.58,525.58
11.652,11.652,630.07,630.07
10.867,10.867,488.38,488.38
10.612,10.612,477.14,477.14
9.9631,9.9631,448.29,448.29
11.654,11.654,575.75,575.75
11.603,11.603,523.34,523.34
11.551,11.551,521.58,521.58
8.7705,8.7705,396.79,396.79
9.2744,9.2744,419.84,419.84
11.381,11.381,515.38,515.38
9.4959,9.4959,449.99,449.99
11.507,11.507,650.55,650.55
9.8138,9.8138,446.49,446.49
11.361,11.361,582.38,582.38
10.557,10.557,576.88,576.88
11.293,11.293,520.31,520.31
10.538,10.538,481.76,481.76
11.351,11.351,628.45,628.45
9.6181,9.6181,435.72,435.72
9.8488,9.8488,489.22,489.22
11.462,11.462,526.94,526.94
11.379,11.379,524.01,524.01
11.396,11.396,525.42,525.42
10.91,10.91,503.19,503.19
0,0,0,0
0,0,0,0
0,0,0,0
0,0,0,0
0,0,0,0
0,0,0,0
0,0,0,0
0,0,0,0
0,0,0,0
0,0,0,0
0,0,0,0
0,0,0,0
4.9261,0,80.837,0
11.485,0,188.25,0
15.172,0,250.16,0
14.279,0,239.57,0
15.873,0,265.69,0
10.489,0,175.58,0
19.876,0,332.79,0
12.74,0,216.93,0
13.078,0,222.89,0
11.25,0,192.67,0
16.561,0,280.03,0
14.814,0,249.32,0
10.534,0,181.53,0
16.307,0,275.77,0
10.245,0,173.44,0
16.977,0,288.18,0
22.936,0,388.55,0
27.282,0,463.13,0
15.028,0,261.79,0
21.074,0,365.59,0
17.693,0,314.24,0
22.591,0,400.37,0
25.615,0,456.04,0
24.154,0,444.41,0
13.58,0,273.38,0
23.044,0,446.04,0
20.891,0,413.44,0
33.486,0,662.89,0
36.08,0,730.52,0
26.541,0,561.75,0
31.624,0,682.06,0
23.798,0,530.37,0
31.665,0,719.65,0
29.007,0,677.04,0
25.026,0,591.22,0
25.31,0,619.07,0
25.624,0,638.73,0
28.251,0,715.9,0
17.991,9.405,460.96,285.89
23.916,19.567,635.05,592.65
24.615,6.4768,663.21,196.17
23.559,5.7199,640.85,181.52
26.334,0,728.94,0
25.905,11.704,730.86,378.4
25.346,22.174,724.64,685.59
23.111,3.2552,669.81,100.65
23.161,0,679.14,0
22.904,0,680.48,0
18.774,3.3374,563.93,118.26
22.969,7.2281,699.45,243.94
23.836,10.758,735.97,445.6
21.883,19.218,693.11,693.11
21.504,2.2914,677.96,82.641
21.76,0,695.21,0
22.928,3.2921,738.79,126.6
22.266,3.616,723.17,133.75
20.573,17.05,675.96,653.72
21.77,15.76,721.21,606.14
21.446,0,715.7,0
20.236,0,680.27,0
14.659,2.6212,498.48,113.01
20.132,20.132,867.97,867.97
13.867,7.8062,475.6,336.56
20.882,16.734,724.55,711.8
20.727,8.4511,723.64,359.48
13.993,4.8241,491.65,199.35
20.786,20.786,858.96,858.96
19.439,6.3483,692.76,284.44
19.714,4.9573,706.9,204.73
20.462,14.579,739.29,602.08
19.367,14.35,704.08,620.99
14.385,9.8976,523.63,428.32
15.414,0,564.82,0
17.795,3.9009,655.88,170.85
16.292,8.7584,606.16,374.6
17.37,15.974,683.21,683.21
19.231,0,721.46,0
18.938,14.452,713.07,657.72
16.722,12.836,633.26,570.53
18.686,4.3519,710.72,183.71
9.0143,5.2985,343.02,251.5
18.634,12.93,713.81,636.57
14.985,5.2578,576.16,257.13
19.148,4.8881,739.74,215.53
14.539,9.4861,563.32,466.79
18.262,18.262,837.13,837.13
17.93,17.93,703.02,703.02
13.553,13.553,677.01,677.01
17.725,17.725,834,834
16.624,16.624,688.82,688.82
16.439,16.439,657.29,657.29
13.02,13.02,522.83,522.83
16.252,16.252,705.17,705.17
17.865,17.865,767.36,767.36
18.447,18.447,748.88,748.88
18.025,18.025,851.01,851.01
14.351,14.351,714.65,714.65
17.149,17.149,704.43,704.43
17.311,17.311,713.39,713.39
15.939,15.939,658.27,658.27
11.341,11.341,471.07,471.07
18.011,18.011,748.69,748.69
18.032,18.032,809.41,809.41
17.335,17.335,778.06,778.06
14.803,14.803,722.53,722.53
16.949,16.949,712.31,712.31
16.696,16.696,704.74,704.74
15.49,15.49,695.25,695.25
17.872,17.872,757.12,757.12
17.84,17.84,757.62,757.62
16.423,16.423,698.73,698.73
17.072,17.072,728.15,728.15
17.725,17.725,920.6,920.6
17.666,17.666,756.98,756.98
17.147,17.147,736.32,736.32
13.238,13.238,568.67,568.67
17.256,17.256,752.51,752.51
13.669,13.669,589.19,589.19
14.828,14.828,645.6,645.6
15.742,15.742,682.07,682.07
16.437,16.437,731.42,731.42
16.703,16.703,815.56,815.56
8.929,8.929,388.29,388.29
17.418,17.418,760.36,760.36
17.449,17.449,827.99,827.99
17.382,17.382,827.04,827.04
17.074,17.074,755.08,755.08
15.431,15.431,676.62,676.62
17.299,17.299,759.7,759.7
14.161,14.161,623.77,623.77
16.662,16.662,748.17,748.17
13.015,13.015,650.65,650.65
16.271,16.271,718.14,718.14
16.156,16.156,745.69,745.69
13.898,13.898,608.79,608.79
17.155,17.155,759.49,759.49
17.196,17.196,761.77,761.77
15.377,15.377,805.87,805.87
15.957,15.957,709.23,709.23
13.717,13.717,615.28,615.28
14.644,14.644,789.96,789.96
16.868,16.868,863.21,863.21
17.156,17.156,765.87,765.87
16.643,16.643,743.22,743.22
16.117,16.117,725.29,725.29
13.624,13.624,610.01,610.01
13.839,13.839,618.77,618.77
17.081,17.081,766.34,766.34
16.996,16.996,919.03,919.03
15.927,15.927,715.81,715.81
15.473,15.473,695.71,695.71
14.604,14.604,657.1,657.1
16.992,16.992,839.51,839.51
16.918,16.918,763.07,763.07
16.842,16.842,760.51,760.51
12.861,12.861,581.88,581.88
13.523,13.523,612.17,612.17
16.594,16.594,751.47,751.47
13.846,13.846,656.12,656.12
16.779,16.779,948.56,948.56
14.309,14.309,651.02,651.02
16.565,16.565,852.44,852.44
15.402,15.402,846,846
16.467,16.467,758.66,758.66
15.365,15.365,702.46,702.46
16.551,16.551,916.33,916.33
14.215,14.215,643.96,643.96
14.36,14.36,713.33,713.33
16.712,16.712,768.33,768.33
16.591,16.591,764.05,764.05
16.616,16.616,766.11,766.11
15.907,15.907,733.7,733.7
2.116,2.116,97.597,97.597
0,0,0,0
0,0,0,0
0,0,0,0
0,0,0,0
0,0,0,0
0,0,0,0
0,0,0,0
0,0,0,0
0,0,0,0
0,0,0,0
0,0,0,0
8.0553,0,132.19,0
17.998,0,295,0
23.177,0,382.14,0
21.935,0,368,0
23.962,0,401.1,0
15.835,0,265.06,0
29.838,0,499.6,0
19.672,0,334.96,0
20.231,0,344.81,0
17.615,0,301.69,0
25.258,0,427.09,0
22.271,0,375.56,0
16.537,0,284.97,0
24.722,0,418.07,0
15.601,0,264.09,0
25.838,0,438.59,0
34.067,0,577.12,0
40.069,0,680.18,0
22.926,0,399.38,0
31.443,0,545.49,0
26.611,0,472.63,0
33.23,0,588.92,0
37.545,0,668.43,0
35.237,0,648.32,0
20.539,0,417.71,0
33.914,0,656.45,0
30.575,0,605.09,0
47.322,0,936.78,0
51.023,2.3792,1033.1,69.241
37.519,0,794.12,0
44.964,0,969.75,0
34.405,0,766.76,0
44.842,3.7023,1019.1,109.82
41.108,2.6146,959.49,84.229
35.486,0,838.32,0
36.255,0,886.79,0
36.618,0,912.77,0
39.946,0,1012.3,0
25.542,14.306,654.41,434.85
33.872,28.423,899.41,860.86
34.782,9.4081,937.13,284.95
33.418,8.9957,909.04,285.48
37.208,0,1029.9,0
36.615,16.794,1033,542.97
35.817,31.661,1024,978.9
32.931,4.6478,954.44,143.7
32.731,0,959.75,0
32.446,0,963.98,0
26.79,5.3848,804.74,190.8
32.452,11.037,988.2,372.5
33.678,16.192,1039.8,670.64
31.046,27.493,991.56,991.56
30.589,3.278,964.38,118.23
30.751,0,982.43,0
32.393,5.3366,1043.8,205.23
31.514,5.491,1023.5,203.11
29.178,24.653,958.7,945.24
30.757,22.267,1018.9,856.44
30.351,0,1012.9,0
28.59,0,961.09,0
21.402,3.7108,727.8,159.99
28.501,28.501,1228.8,1228.8
19.592,11.051,671.94,476.47
29.522,23.912,1024.4,1017.1
29.288,12.076,1022.5,513.69
20.233,6.8184,710.88,281.77
29.379,29.379,1214.1,1214.1
27.54,9.6916,981.48,434.24
27.853,7.1902,998.72,296.95
28.909,21.145,1044.5,873.27
27.408,20.516,996.37,887.82
20.352,14.151,740.8,612.37
21.777,0,798,0
25.254,6.2077,930.78,271.89
23.15,12.466,861.29,533.17
24.819,22.736,972.42,972.42
27.178,2.4029,1019.6,106.53
26.756,20.418,1007.4,929.24
23.842,18.738,902.86,806.07
26.431,6.3528,1005.3,268.17
13.355,8.258,512.17,391.97
26.326,18.801,1008.5,925.62
21.516,8.1951,827.3,373.88
27.052,7.4396,1045.1,328.03
20.541,13.477,795.87,663.19
25.801,25.801,1182.7,1182.7
25.426,25.426,996.94,996.94
19.15,19.15,974.43,974.43
25.042,25.042,1178.3,1178.3
23.493,23.493,973.42,973.42
23.435,23.435,937.04,937.04
18.831,18.831,756.19,756.19
22.961,22.961,1006.2,1006.2
25.241,25.241,1100.5,1100.5
26.062,26.062,1058,1058
25.467,25.467,1202.3,1202.3
20.294,20.294,1010.6,1010.6
24.228,24.228,995.23,995.23
24.463,24.463,1008.1,1008.1
22.772,22.772,940.45,940.45
16.035,16.035,666.03,666.03
25.447,25.447,1057.8,1057.8
25.477,25.477,1143.6,1143.6
24.491,24.491,1101.7,1101.7
21.267,21.267,1020.8,1020.8
23.946,23.946,1006.4,1006.4
23.6,23.6,996.16,996.16
21.955,21.955,982.29,982.29
25.249,25.249,1069.7,1069.7
25.205,25.205,1070.4,1070.4
23.203,23.203,987.19,987.19
24.12,24.12,1028.7,1028.7
25.044,25.044,1300.7,1300.7
24.959,24.959,1069.5,1069.5
24.228,24.228,1040.4,1040.4
18.942,18.942,813.69,813.69
24.382,24.382,1063.2,1063.2
19.573,19.573,843.71,843.71
21.173,21.173,921.85,921.85
22.409,22.409,970.95,970.95
23.355,23.355,1041.9,1041.9
23.598,23.598,1152.2,1152.2
12.615,12.615,548.59,548.59
24.608,24.608,1074.3,1074.3
24.653,24.653,1169.8,1169.8
24.564,24.564,1182.9,1182.9
24.165,24.165,1068.7,1068.7
22.017,22.017,965.39,965.39
24.44,24.44,1073.3,1073.3
20.29,20.29,893.73,893.73
23.549,23.549,1057,1057
18.819,18.819,919.25,919.25
22.99,22.99,1014.7,1014.7
22.834,22.834,1053.9,1053.9
19.754,19.754,865.28,865.28
24.245,24.245,1073.3,1073.3
24.295,24.295,1076.2,1076.2
21.724,21.724,1138.5,1138.5
22.544,22.544,1002,1002
19.614,19.614,882.07,882.07
20.689,20.689,1116.1,1116.1
23.832,23.832,1219.6,1219.6
24.239,24.239,1082,1082
23.514,23.514,1050,1050
22.792,22.792,1025.7,1025.7
19.249,19.249,861.83,861.83
19.867,19.867,889.64,889.64
24.132,24.132,1082.7,1082.7
24.021,24.021,1298.9,1298.9
22.619,22.619,1016.6,1016.6
21.861,21.861,982.91,982.91
20.742,20.742,933.29,933.29
24.007,24.007,1186.1,1186.1
23.902,23.902,1078.1,1078.1
23.794,23.794,1074.5,1074.5
18.275,18.275,826.8,826.8
19.106,19.106,864.89,864.89
23.444,23.444,1061.7,1061.7
19.562,19.562,926.98,926.98
23.705,23.705,1340.1,1340.1
20.217,20.217,919.78,919.78
23.404,23.404,1209,1209
21.8,21.8,1202.2,1202.2
23.265,23.265,1071.9,1071.9
21.709,21.709,992.45,992.45
23.384,23.384,1294.6,1294.6
20.356,20.356,922.17,922.17
20.289,20.289,1007.8,1007.8
23.611,23.611,1085.5,1085.5
23.44,23.44,1079.5,1079.5
23.475,23.475,1082.4,1082.4
22.474,22.474,1036.6,1036.6
2.9895,2.9895,137.89,137.89
0,0,0,0
0,0,0,0
0,0,0,0
0,0,0,0
0,0,0,0
0,0,0,0
0,0,0,0
0,0,0,0
0,0,0,0
0,0,0,0
5.2905,0,86.993,0
12.763,0,209.45,0
27.329,0,447.94,0
34.306,0,565.65,0
32.648,0,547.74,0
35.051,0,586.71,0
23.163,0,387.72,0
43.403,0,726.72,0
29.433,0,501.15,0
30.326,0,516.86,0
26.725,0,457.7,0
37.326,0,631.15,0
32.913,0,560.57,0
25.155,0,433.47,0
36.315,0,614.12,0
23.017,0,389.64,0
38.102,2.4818,646.77,73.286
49.029,0,830.58,0
57.021,0,967.94,0
33.889,0,590.34,0
45.459,0,788.64,0
38.782,0,688.78,0
47.362,0,839.39,0
53.322,0,949.31,0
49.809,0,916.43,0
30.408,0,618.44,0
48.363,0,936.12,0
43.358,0,858.09,0
64.798,0,1282.7,0
69.914,3.9622,1415.6,115.31
51.393,2.4989,1087.8,83.204
61.945,2.6634,1336,79.704
48.195,2.8838,1074.1,86.301
61.532,5.9961,1398.4,177.86
56.448,4.3304,1317.6,139.5
48.754,0,1151.8,0
50.32,2.498,1230.8,79.698
50.704,0,1263.9,0
54.729,3.3402,1386.9,110.27
35.135,21.084,900.19,640.9
46.483,40.005,1234.3,1211.6
47.622,13.242,1283.1,401.06
45.931,13.708,1249.4,435.03
50.939,2.9714,1410,95.856
50.144,23.349,1414.7,754.91
49.043,43.802,1402.1,1354.3
45.468,6.4302,1317.8,198.81
44.818,2.8521,1314.2,102.04
44.538,2.2388,1323.2,80.1
37.043,8.4184,1112.7,298.29
44.425,16.331,1352.8,551.15
46.106,23.612,1423.6,977.98
42.678,38.11,1374.5,1374.5
42.161,4.5439,1329.2,163.88
42.106,2.5555,1345.2,98.275
44.344,8.3822,1428.9,322.35
43.217,8.0794,1403.6,298.85
40.097,34.54,1324.3,1324.3
42.105,30.486,1394.9,1172.5
41.622,0,1389.1,0
39.139,2.0918,1315.7,85.011
30.277,5.0903,1029.6,219.46
39.096,39.096,1685.6,1685.6
27.592,15.16,952.92,653.6
40.442,33.108,1408.3,1408.3
40.099,16.721,1400,711.25
28.347,9.3381,995.95,385.89
40.236,40.236,1662.7,1662.7
37.806,14.336,1347.4,642.35
38.129,10.105,1367.2,420.65
39.575,29.717,1429.8,1227.3
37.582,28.421,1366.2,1229.9
27.898,19.603,1015.5,848.31
29.812,0,1092.4,0
34.726,9.5719,1279.9,419.23
31.872,17.192,1185.8,735.31
34.361,31.355,1341.1,1341.1
37.215,3.597,1396.1,159.47
36.627,27.952,1379.1,1272.1
32.937,26.504,1247.3,1118.8
36.225,8.9856,1377.8,379.32
19.441,12.471,745.57,591.94
36.039,26.489,1380.6,1304.1
29.936,12.377,1151,526.77
37.033,10.971,1430.7,483.76
28.12,18.553,1089.5,912.98
35.32,35.32,1619.2,1619.2
34.936,34.936,1369.8,1369.8
26.22,26.22,1359,1359
34.282,34.282,1613,1613
32.169,32.169,1332.9,1332.9
32.372,32.372,1294.4,1294.4
26.39,26.39,1059.7,1059.7
31.433,31.433,1391.2,1391.2
34.555,34.555,1529.3,1529.3
35.678,35.678,1448.4,1448.4
34.863,34.863,1646,1646
27.808,27.808,1384.8,1384.8
33.167,33.167,1362.4,1362.4
33.495,33.495,1380.3,1380.3
31.523,31.523,1301.9,1301.9
21.968,21.968,912.44,912.44
34.835,34.835,1448,1448
34.878,34.878,1565.6,1565.6
33.527,33.527,1511.6,1511.6
29.604,29.604,1397.5,1397.5
32.782,32.782,1377.7,1377.7
32.323,32.323,1364.4,1364.4
30.152,30.152,1344.7,1344.7
34.565,34.565,1464.3,1464.3
34.505,34.505,1465.3,1465.3
31.764,31.764,1351.4,1351.4
33.018,33.018,1408.3,1408.3
34.284,34.284,1780.6,1780.6
34.167,34.167,1464.1,1464.1
33.169,33.169,1424.3,1424.3
26.261,26.261,1128.1,1128.1
33.38,33.38,1455.6,1455.6
27.158,27.158,1170.6,1170.6
29.294,29.294,1275.4,1275.4
30.909,30.909,1339.3,1339.3
32.154,32.154,1438.1,1438.1
32.304,32.304,1577.4,1577.4
17.269,17.269,750.99,750.99
33.688,33.688,1470.6,1470.6
33.748,33.748,1601.4,1601.4
33.636,33.636,1639.3,1639.3
33.139,33.139,1465.5,1465.5
30.438,30.438,1334.6,1334.6
33.457,33.457,1469.3,1469.3
28.168,28.168,1240.8,1240.8
32.249,32.249,1447,1447
26.365,26.365,1258.4,1258.4
31.475,31.475,1389.2,1389.2
31.268,31.268,1443.2,1443.2
27.204,27.204,1191.6,1191.6
33.2,33.2,1469.8,1469.8
33.259,33.259,1473.3,1473.3
29.74,29.74,1558.6,1558.6
30.862,30.862,1371.7,1371.7
27.225,27.225,1225.3,1225.3
28.322,28.322,1527.8,1527.8
32.625,32.625,1669.5,1669.5
33.182,33.182,1481.2,1481.2
32.19,32.19,1437.4,1437.4
31.232,31.232,1405.5,1405.5
26.351,26.351,1179.8,1179.8
27.677,27.677,1239.4,1239.4
33.036,33.036,1482.2,1482.2
32.895,32.895,1778.8,1778.8
31.126,31.126,1398.9,1398.9
29.927,29.927,1345.6,1345.6
28.545,28.545,1284.4,1284.4
32.866,32.866,1623.7,1623.7
32.721,32.721,1475.8,1475.8
32.573,32.573,1470.9,1470.9
25.161,25.161,1138.3,1138.3
26.155,26.155,1184,1184
32.094,32.094,1453.4,1453.4
26.779,26.779,1269,1269
32.451,32.451,1834.6,1834.6
27.676,27.676,1259.1,1259.1
32.039,32.039,1661.4,1661.4
30.015,30.015,1655.2,1655.2
31.849,31.849,1467.4,1467.4
29.719,29.719,1358.6,1358.6
32.012,32.012,1772.3,1772.3
28.246,28.246,1279.6,1279.6
27.774,27.774,1379.6,1379.6
32.322,32.322,1486,1486
32.088,32.088,1477.7,1477.7
32.137,32.137,1481.7,1481.7
30.766,30.766,1419,1419
4.0925,4.0925,188.76,188.76
0,0,0,0
0,0,0,0
0,0,0,0
0,0,0,0
0,0,0,0
0,0,0,0
0,0,0,0
0,0,0,0
0,0,0,0
0,0,0,0
8.4348,0,138.7,0
19.595,0,321.55,0
40.208,0,659.04,0
49.203,0,811.28,0
47.085,0,789.96,0
49.68,0,831.58,0
32.831,0,549.54,0
61.174,0,1024.3,0
42.669,0,726.51,0
44.046,0,750.7,0
39.286,0,672.85,0
53.448,0,903.77,0
47.601,0,810.72,0
37.075,0,638.89,0
51.688,0,874.1,0
32.906,0,557.04,0
54.443,4.1138,924.15,121.48
68.371,0,1158.2,0
78.625,0,1334.7,0
48.538,3.6621,845.54,105.6
63.682,0,1104.8,0
54.763,0,972.63,0
65.409,0,1159.2,0
73.377,0,1306.4,0
68.221,0,1255.2,0
43.622,0,887.19,0
66.826,0,1293.5,0
59.578,0,1179.1,0
85.973,2.6636,1701.9,77.517
92.824,6.3936,1879.4,186.07
68.211,4.1441,1443.7,137.99
82.689,4.304,1783.4,128.8
65.417,4.6602,1457.9,139.46
81.812,9.4097,1859.4,279.11
75.107,6.9495,1753.1,223.87
64.905,3.1051,1533.3,99.069
67.674,4.0814,1655.3,130.22
68.029,0,1695.7,0
72.654,5.433,1841.1,179.36
46.83,30.11,1199.8,915.25
61.809,54.557,1652.4,1652.4
63.177,18.059,1702.2,546.95
61.17,20.241,1663.9,642.35
67.572,4.3426,1870.4,140.09
66.542,31.455,1877.3,1017
65.067,58.718,1860.3,1815.5
60.828,8.6199,1763,266.51
59.464,4.5937,1743.7,164.35
59.236,3.6059,1759.9,129.01
49.63,12.752,1490.8,451.86
58.928,23.412,1794.4,790.15
61.16,33.364,1888.4,1381.9
56.847,51.187,1846.1,1846.1
56.306,6.1031,1775.2,220.12
55.864,3.8893,1784.8,149.57
58.82,12.757,1895.3,490.59
57.426,11.519,1865.1,426.07
53.392,46.89,1797.8,1797.8
55.85,40.441,1850.2,1555.4
55.306,2.1279,1845.7,81.841
51.916,3.3278,1745.2,135.24
41.503,6.7657,1411.3,291.7
51.964,51.964,2240.4,2240.4
37.998,20.149,1312.3,868.73
53.682,44.418,1889.4,1889.4
53.197,22.432,1857.2,954.21
38.481,12.392,1352,512.08
53.393,53.393,2206.4,2206.4
50.45,20.549,1798.4,920.69
50.576,13.761,1813.5,602.92
52.494,40.467,1896.6,1671.3
49.933,38.149,1815.2,1650.9
37.056,26.313,1348.9,1138.7
39.544,2.663,1449,117.05
46.268,14.301,1705.3,626.35
42.518,22.973,1581.9,982.59
46.095,41.9,1792.1,1792.1
49.378,5.2173,1852.4,231.31
48.584,37.077,1829.3,1687.4
44.089,36.324,1669.6,1533.4
48.106,12.315,1829.7,519.86
27.421,18.248,1051.6,866.16
47.804,36.162,1831.2,1780.4
40.357,18.112,1551.7,757.98
49.122,15.677,1897.8,691.26
37.299,24.748,1445.2,1217.8
46.85,46.85,2147.8,2147.8
46.514,46.514,1823.8,1823.8
35.42,35.42,1836.4,1836.4
45.473,45.473,2139.6,2139.6
42.68,42.68,1768.5,1768.5
43.328,43.328,1732.5,1732.5
35.835,35.835,1439,1439
41.694,41.694,1863.8,1863.8
45.837,45.837,2059.3,2059.3
47.325,47.325,1921.2,1921.2
46.245,46.245,2183.3,2183.3
36.921,36.921,1838.6,1838.6
43.994,43.994,1807.2,1807.2
44.438,44.438,1831.3,1831.3
42.283,42.283,1746.2,1746.2
29.161,29.161,1211.2,1211.2
46.207,46.207,1920.7,1920.7
46.266,46.266,2076.8,2076.8
44.472,44.472,2009.7,2009.7
39.93,39.93,1853.7,1853.7
43.483,43.483,1827.4,1827.4
42.896,42.896,1810.6,1810.6
40.123,40.123,1783.8,1783.8
45.849,45.849,1942.3,1942.3
45.769,45.769,1943.7,1943.7
42.133,42.133,1792.6,1792.6
43.797,43.797,1868,1868
45.478,45.478,2362,2362
45.321,45.321,1942,1942
44.001,44.001,1889.4,1889.4
35.279,35.279,1515.5,1515.5
44.28,44.28,1931,1931
36.511,36.511,1573.8,1573.8
39.271,39.271,1709.8,1709.8
41.309,41.309,1789.9,1789.9
42.894,42.894,1923.2,1923.2
42.849,42.849,2092.3,2092.3
22.907,22.907,996.14,996.14
44.687,44.687,1950.8,1950.8
44.765,44.765,2124.2,2124.2
44.627,44.627,2201.2,2201.2
44.034,44.034,1947.3,1947.3
40.774,40.774,1787.8,1787.8
44.379,44.379,1949,1949
37.891,37.891,1669,1669
42.791,42.791,1919.4,1919.4
35.791,35.791,1686.8,1686.8
41.754,41.754,1842.8,1842.8
41.49,41.49,1915,1915
36.302,36.302,1590.1,1590.1
44.052,44.052,1950.2,1950.2
44.117,44.117,1954.3,1954.3
39.448,39.448,2067.4,2067.4
40.936,40.936,1819.5,1819.5
36.644,36.644,1649.2,1649.2
37.567,37.567,2026.6,2026.6
43.275,43.275,2214.6,2214.6
44.014,44.014,1964.8,1964.8
42.698,42.698,1906.7,1906.7
41.469,41.469,1866.2,1866.2
34.953,34.953,1565,1565
37.36,37.36,1673,1673
43.821,43.821,1966,1966
43.649,43.649,2360.3,2360.3
41.501,41.501,1865.2,1865.2
39.696,39.696,1784.8,1784.8
38.065,38.065,1712.7,1712.7
43.595,43.595,2153.8,2153.8
43.403,43.403,1957.6,1957.6
43.206,43.206,1951,1951
33.566,33.566,1518.6,1518.6
34.693,34.693,1570.5,1570.5
42.57,42.57,1927.8,1927.8
35.521,35.521,1683.2,1683.2
43.044,43.044,2433.5,2433.5
36.71,36.71,1670.2,1670.2
42.498,42.498,2212.3,2212.3
40.044,40.044,2208.2,2208.2
42.247,42.247,1946.4,1946.4
39.421,39.421,1802.2,1802.2
42.463,42.463,2350.8,2350.8
37.976,37.976,1720.4,1720.4
36.841,36.841,1830,1830
42.874,42.874,1971.1,1971.1
42.564,42.564,1960.1,1960.1
42.628,42.628,1965.4,1965.4
40.809,40.809,1882.3,1882.3
5.4285,5.4285,250.38,250.38
0,0,0,0
0,0,0,0
0,0,0,0
0,0,0,0
0,0,0,0
0,0,0,0
0,0,0,0
0,0,0,0
0,0,0,0
0,0,0,0
13.03,0,214.26,0
29.149,0,478.34,0
57.32,0,939.53,0
68.378,0,1127.4,0
65.799,0,1103.9,0
68.228,0,1142,0
45.088,0,754.71,0
83.544,0,1398.8,0
59.936,0,1020.5,0
61.987,0,1056.5,0
55.96,0,958.41,0
74.158,0,1254,0
66.705,0,1136.1,0
52.948,0,912.41,0
71.286,0,1205.5,0
45.582,0,771.63,0
75.376,6.6071,1279.5,195.1
92.383,3.1655,1565,93.473
105.05,2.9264,1783.2,89.742
67.362,5.9169,1173.4,170.62
86.44,3.1424,1499.6,90.614
74.93,0,1330.8,0
87.528,0,1551.2,0
97.841,0,1741.9,0
90.538,0,1665.8,0
60.636,0,1233.2,0
89.471,0,1731.8,0
79.323,3.2521,1569.9,111.08
110.53,4.1647,2188,121.2
119.42,9.9967,2417.8,290.93
87.722,6.6593,1856.7,221.73
106.95,6.7392,2306.7,201.68
86.036,7.2971,1917.4,218.4
105.4,14.308,2395.4,424.41
96.98,10.806,2260.1,348.12
83.722,4.9159,1977.9,156.84
88.188,6.4615,2157.1,206.16
88.44,2.9508,2204.5,110.17
93.455,8.5627,2368.2,282.69
60.48,41.664,1549.6,1266.5
79.636,72.094,2183.5,2183.5
81.211,23.863,2188.1,722.76
78.935,28.959,2147.2,919.02
86.854,6.1497,2404.1,198.38
85.559,41.06,2413.8,1327.5
83.646,76.27,2391.5,2358.2
78.851,11.196,2285.3,346.18
76.447,7.1691,2241.6,256.5
76.34,5.6275,2268.1,201.34
64.429,18.718,1935.3,663.24
75.738,32.523,2306.3,1097.6
78.611,45.68,2427.2,1892
73.369,66.617,2402.6,2402.6
72.862,7.9429,2297.1,286.47
71.817,5.7354,2294.5,220.56
75.6,18.813,2436,723.47
73.937,15.913,2401.4,588.59
68.888,61.679,2364.9,2364.9
71.782,51.981,2378,1999.3
71.207,3.1336,2376.4,129.69
66.726,5.1298,2243.1,208.47
55.125,8.833,1874.5,375.68
66.924,66.924,2885.4,2885.4
50.704,27.033,1751.1,1118.8
69.043,57.74,2456.1,2456.1
68.381,29.161,2387.4,1240.4
50.617,15.933,1778.4,658.43
68.654,68.654,2837,2837
65.25,28.539,2326,1278.7
65.003,18.689,2330.8,837.35
67.469,53.396,2437.7,2205.2
64.283,49.617,2336.9,2147.2
47.692,34.223,1736,1481
51.315,4.3307,1884.9,190.36
59.733,20.703,2201.6,906.75
54.96,29.746,2044.8,1272.3
59.916,54.252,2320.4,2320.4
63.481,7.7617,2381.5,325.09
62.443,47.654,2351.2,2168.8
57.184,48.237,2165.5,2036.3
61.901,16.354,2354.4,690.36
37.476,25.873,1437.2,1228.1
61.441,47.835,2355.1,2355.1
52.716,25.681,2026.9,1074.8
63.135,21.707,2439.1,957.1
47.94,31.987,1857.4,1574
60.215,60.215,2760.5,2760.5
60.005,60.005,2352.8,2352.8
47.085,47.085,2404.6,2404.6
58.445,58.445,2749.9,2749.9
54.869,54.869,2273.5,2273.5
56.192,56.192,2246.8,2246.8
47.15,47.15,1893.4,1893.4
53.588,53.588,2419.4,2419.4
58.916,58.916,2686.7,2686.7
60.825,60.825,2469.3,2469.3
59.438,59.438,2806.2,2806.2
47.498,47.498,2365.3,2365.3
56.543,56.543,2322.7,2322.7
57.126,57.126,2354.1,2354.1
54.955,54.955,2269.6,2269.6
37.507,37.507,1568.6,1568.6
59.389,59.389,2468.6,2468.6
59.466,59.466,2669.3,2669.3
57.159,57.159,2588.8,2588.8
52.186,52.186,2382.5,2382.5
55.888,55.888,2348.7,2348.7
55.159,55.159,2328.3,2328.3
51.734,51.734,2292.7,2292.7
58.928,58.928,2496.4,2496.4
58.826,58.826,2498.1,2498.1
54.152,54.152,2304,2304
56.291,56.291,2400.9,2400.9
58.453,58.453,3035.9,3035.9
58.249,58.249,2496,2496
56.557,56.557,2428.6,2428.6
45.921,45.921,1972.7,1972.7
56.916,56.916,2482,2482
47.563,47.563,2050.2,2050.2
51.012,51.012,2221,2221
53.496,53.496,2317.9,2317.9
55.444,55.444,2492.3,2492.3
55.073,55.073,2689.1,2689.1
29.441,29.441,1280.3,1280.3
57.435,57.435,2507.3,2507.3
57.535,57.535,2730.2,2730.2
57.373,57.373,2864,2864
56.694,56.694,2507.2,2507.2
52.923,52.923,2320.6,2320.6
57.039,57.039,2504.9,2504.9
49.388,49.388,2175.5,2175.5
55.017,55.017,2466.9,2466.9
47.077,47.077,2218.7,2218.7
53.669,53.669,2368.7,2368.7
53.344,53.344,2462.1,2462.1
46.937,46.937,2056,2056
56.636,56.636,2507.3,2507.3
56.702,56.702,2511.8,2511.8
50.701,50.701,2657.2,2657.2
52.614,52.614,2338.5,2338.5
47.791,47.791,2150.9,2150.9
48.284,48.284,2604.7,2604.7
55.62,55.62,2846.3,2846.3
56.569,56.569,2525.3,2525.3
54.878,54.878,2450.6,2450.6
53.351,53.351,2400.9,2400.9
44.923,44.923,2011.4,2011.4
48.866,48.866,2188.2,2188.2
56.321,56.321,2526.8,2526.8
56.121,56.121,3034.7,3034.7
53.618,53.618,2409.8,2409.8
51.02,51.02,2293.9,2293.9
49.182,49.182,2212.9,2212.9
56.032,56.032,2768.3,2768.3
55.784,55.784,2516.1,2516.1
55.532,55.532,2507.6,2507.6
43.388,43.388,1963,1963
44.59,44.59,2018.5,2018.5
54.714,54.714,2477.8,2477.8
45.654,45.654,2163.4,2163.4
55.323,55.323,3127.7,3127.7
47.182,47.182,2146.6,2146.6
54.621,54.621,2854.4,2854.4
51.764,51.764,2854.6,2854.6
54.299,54.299,2501.7,2501.7
50.666,50.666,2316.3,2316.3
54.577,54.577,3021.4,3021.4
49.473,49.473,2241.2,2241.2
47.35,47.35,2352,2352
55.104,55.104,2533.4,2533.4
54.705,54.705,2519.3,2519.3
54.788,54.788,2526.1,2526.1
52.451,52.451,2419.2,2419.2
6.9771,6.9771,321.8,321.8
0,0,0,0
0,0,0,0
0,0,0,0
0,0,0,0
5.967,0,86.308,0
5.5443,0,79.803,0
5.5049,0,79.144,0
4.9298,0,70.852,0
0,0,0,0
5.9655,0,96.222,0
19.504,0,320.72,0
42.016,0,689.48,0
79.178,0,1297.8,0
92.076,0,1518.2,0
89.094,0,1494.8,0
90.791,0,1519.7,0
59.999,0,1013.9,0
110.55,0,1851,0
81.577,0,1389,0
84.527,0,1440.6,0
77.235,0,1322.8,0
99.698,0,1685.8,0
90.575,0,1542.7,0
73.268,0,1262.6,0
95.261,0,1610.9,0
61.181,0,1035.7,0
101.12,10.282,1716.5,303.62
120.95,4.9262,2049,145.47
135.99,4.6082,2308.5,141.32
90.582,9.2631,1577.9,267.11
113.69,4.9196,1972.3,141.86
99.339,0,1764.3,0
113.49,0,2011.4,0
126.41,0,2250.5,0
116.43,0,2142.1,0
81.668,0,1661,0
116.07,0,2246.6,0
102.33,5.2798,2025.2,180.35
137.68,6.3094,2725.5,183.62
148.86,15.145,3013.9,440.75
109.31,10.369,2313.6,345.24
134.04,10.225,2891,305.99
109.64,11.1,2443.5,333.78
131.57,21.081,2990.2,625.31
121.9,16.282,2835.1,524.51
104.64,7.541,2472.1,240.6
111.35,9.9121,2723.6,316.25
111.4,4.7841,2776.9,178.61
116.48,13.076,2951.7,431.69
75.684,55.861,1939.1,1698
99.418,92.309,2795.8,2795.8
101.15,30.554,2725.4,925.42
99.143,40.146,2698.1,1274
108.17,8.4382,2994.2,272.21
106.6,51.934,3007.4,1679.1
104.19,95.992,2978.9,2967.9
99.041,14.092,2870.5,435.7
95.249,10.841,2792.4,387.88
95.327,8.5099,2832.2,304.47
81.043,26.621,2434.4,943.27
94.322,43.776,2872.2,1477.4
97.904,60.6,3022.9,2510
91.752,84.006,3029.8,3029.8
91.359,10.016,2880.3,361.24
89.459,8.1953,2858.1,315.16
94.149,26.881,3033.7,1033.8
92.24,21.3,2995.8,787.86
86.122,78.613,3014.2,3014.2
89.395,64.74,2961.5,2490
88.832,5.052,2964.6,209.08
83.098,7.6619,2793.4,311.38
70.943,13.193,2412.5,536.17
83.515,83.515,3600.7,3600.7
65.557,37.044,2264.1,1530
86.042,72.729,3093.7,3093.7
85.171,36.731,2973.5,1562.4
64.512,19.851,2266.6,820.34
85.535,85.535,3534.6,3534.6
81.771,38.404,2914.9,1720.7
80.952,25.149,2902.7,1126.8
84.023,68.267,3035.8,2819.4
80.187,62.529,2915.1,2705.9
59.475,43.129,2164.9,1866.4
65.825,6.8243,2417.8,299.96
74.721,29.041,2754,1271.9
68.836,37.32,2561.1,1596.2
75.464,68.065,2911.2,2911.2
79.078,11.664,2966.6,457.54
77.764,59.346,2928.1,2700.9
71.867,62.069,2721.5,2620.1
77.178,21.044,2935.4,888.32
49.629,35.545,1903.3,1687.2
76.516,61.311,3018.5,3018.5
66.723,35.283,2565.5,1476.6
78.626,29.121,3037.6,1284
59.702,40.059,2313.2,1971.2
74.989,74.989,3437.9,3437.9
75.006,75.006,2941,2941
60.649,60.649,3050.7,3050.7
72.785,72.785,3424.6,3424.6
68.349,68.349,2832,2832
70.613,70.613,2823.4,2823.4
60.111,60.111,2413.9,2413.9
66.736,66.736,3043.1,3043.1
73.374,73.374,3396.5,3396.5
75.748,75.748,3075.1,3075.1
74.023,74.023,3494.8,3494.8
59.831,59.831,2948.4,2948.4
70.417,70.417,2892.6,2892.6
71.156,71.156,2932.3,2932.3
69.206,69.206,2858.1,2858.1
46.744,46.744,2051.8,2051.8
73.96,73.96,3074.3,3074.3
74.06,74.06,3324.4,3324.4
71.183,71.183,3231.3,3231.3
66.085,66.085,2967,2967
69.6,69.6,2925,2925
68.726,68.726,2900.9,2900.9
64.634,64.634,2855.3,2855.3
73.386,73.386,3108.9,3108.9
73.26,73.26,3111.1,3111.1
67.439,67.439,2869.3,2869.3
70.102,70.102,2990,2990
72.797,72.797,3780.8,3780.8
72.541,72.541,3108.4,3108.4
70.438,70.438,3024.7,3024.7
57.918,57.918,2488,2488
70.887,70.887,3091.3,3091.3
60.035,60.035,2587.9,2587.9
64.206,64.206,2795.5,2795.5
67.126,67.126,2908.5,2908.5
69.441,69.441,3129.4,3129.4
68.585,68.585,3348.9,3348.9
36.665,36.665,1594.4,1594.4
71.528,71.528,3122.5,3122.5
71.651,71.651,3400.1,3400.1
71.468,71.468,3610.8,3610.8
70.728,70.728,3127.8,3127.8
66.56,66.56,2918.5,2918.5
71.034,71.034,3119.5,3119.5
62.375,62.375,2747.5,2747.5
68.574,68.574,3072.2,3072.2
60.001,60.001,2827.7,2827.7
66.843,66.843,2950.2,2950.2
66.454,66.454,3067.2,3067.2
58.805,58.805,2575.8,2575.8
70.554,70.554,3123.5,3123.5
70.614,70.614,3128.1,3128.1
63.141,63.141,3309.1,3309.1
65.523,65.523,2912.3,2912.3
60.393,60.393,2718,2718
60.131,60.131,3243.8,3243.8
69.267,69.267,3544.7,3544.7
70.449,70.449,3144.9,3144.9
68.343,68.343,3051.9,3051.9
66.507,66.507,2993,2993
55.946,55.946,2504.9,2504.9
61.93,61.93,2773.2,2773.2
70.14,70.14,3146.8,3146.8
69.916,69.916,3780.7,3780.7
67.121,67.121,3016.6,3016.6
63.539,63.539,2856.8,2856.8
61.574,61.574,2770.5,2770.5
69.781,69.781,3447.6,3447.6
69.471,69.471,3133.4,3133.4
69.157,69.157,3122.9,3122.9
54.344,54.344,2458.6,2458.6
55.531,55.531,2513.8,2513.8
68.139,68.139,3085.7,3085.7
56.855,56.855,2694.2,2694.2
68.898,68.898,3895.1,3895.1
58.759,58.759,2673.3,2673.3
68.023,68.023,3568.5,3568.5
64.838,64.838,3575.5,3575.5
67.623,67.623,3120.5,3120.5
63.099,63.099,2884.6,2884.6
67.968,67.968,3762.7,3762.7
62.449,62.449,2829.1,2829.1
58.968,58.968,2929.1,2929.1
68.625,68.625,3155,3155
68.128,68.128,3137.4,3137.4
68.23,68.23,3145.9,3145.9
65.32,65.32,3012.8,3012.8
8.6889,8.6889,400.76,400.76
0,0,0,0
0,0,0,0
0,0,0,0
6.022,0,111.83,0
9.8232,0,142.08,0
9.133,0,131.46,0
9.0922,0,130.72,0
8.1951,0,117.78,0
7.4192,0,107.96,0
9.6556,0,155.74,0
28.289,0,465.16,0
58.682,0,962.97,0
105.98,0,1737,0
120.14,0,1980.9,0
116.89,0,1961.1,0
117.07,0,1959.5,0
78.544,0,1328.3,0
141.75,0,2373.4,0
107.58,0,1831.8,0
111.68,0,1903.5,0
103.29,0,1769,0
129.87,0,2196,0
119.17,0,2029.7,0
98.238,0,1692.9,0
123.35,0,2085.9,0
79.569,0,1391.5,0
131.44,15.505,2231.2,457.84
153.44,7.4282,2599.4,219.35
170.59,7.0313,2895.8,215.62
118.03,14.051,2056,405.18
144.88,7.4627,2513.5,215.19
127.61,0,2266.5,0
142.58,0,2527,0
158.25,0,2817.4,0
145.07,0,2669.1,0
106.58,0,2167.7,0
145.9,0,2824.1,0
127.92,8.3057,2531.6,283.7
166.18,9.262,3289.6,269.54
179.79,22.232,3640.3,647.01
134.76,15.643,2873,520.86
162.78,15.031,3510.7,449.83
135.38,16.438,3017.2,494.29
159.14,30.096,3616.8,892.71
148.46,23.77,3452.9,765.75
126.73,11.209,2993.9,357.62
136.23,14.733,3332.2,470.07
135.97,7.5156,3389.4,280.59
140.67,19.349,3564.6,638.78
91.77,72.572,2351.3,2206
120.26,114.52,3468.6,3468.6
122.08,37.907,3289.2,1148.1
120.91,53.927,3290.4,1711.4
130.54,11.219,3613.3,369.31
128.68,63.647,3630.5,2057.8
125.76,117.06,3619.4,3619.4
120.54,17.185,3493.5,531.33
115.15,15.885,3372.9,568.33
115.34,12.469,3426.8,446.12
98.777,36.685,2967.1,1299.9
113.82,57.093,3465.9,1926.9
118.15,77.897,3647.9,3226.4
111.18,102.65,3702,3702
111,12.239,3499.3,441.4
107.98,11.351,3449.6,436.35
113.61,37.218,3660.8,1431.3
111.5,27.626,3621.4,1021.8
104.32,97.087,3722.5,3722.5
107.87,78.128,3573.6,3004.9
107.38,7.8921,3583.6,326.63
100.27,11.089,3370.8,450.64
88.467,19.094,3008.4,775.96
100.98,100.98,4353.8,4353.8
82.13,49.188,2836.5,2031.5
103.9,88.764,3775.8,3775.8
102.79,44.829,3588.6,1906.9
79.67,23.965,2799.2,990.31
103.26,103.26,4267,4267
99.294,50.479,3539.5,2243.7
97.684,32.793,3502.7,1469.3
101.39,84.569,3663.2,3492.6
96.921,76.355,3523.4,3304.2
71.866,52.665,2615.9,2279.1
81.816,10.42,3005.2,458
90.568,39.471,3338.1,1728.7
83.539,45.368,3108.1,1940.4
92.094,82.743,3539,3539
95.448,16.985,3580.7,666.24
93.837,71.614,3533.3,3259.2
87.514,77.387,3314.1,3266.8
93.239,26.237,3546.3,1107.5
63.681,47.316,2442.2,2245.9
92.331,76.144,3748.8,3748.8
81.829,46.971,3146.3,1965.8
94.877,37.856,3665.4,1669.2
72.042,48.61,2791.3,2392
90.488,90.488,4148.6,4148.6
90.846,90.846,3562,3562
75.694,75.694,3750.4,3750.4
87.829,87.829,4132.5,4132.5
82.496,82.496,3418.2,3418.2
85.98,85.98,3437.9,3437.9
74.256,74.256,2981.9,2981.9
80.53,80.53,3708.8,3708.8
88.544,88.544,4160.5,4160.5
91.405,91.405,3731.9,3731.9
89.324,89.324,4217.2,4217.2
73.576,73.576,3561.1,3561.1
84.971,84.971,3490.5,3490.5
85.88,85.88,3539.1,3539.1
84.448,84.448,3487.6,3487.6
56.448,56.448,2600.5,2600.5
89.247,89.247,3709.8,3709.8
89.372,89.372,4011.7,4011.7
85.897,85.897,3908,3908
81.088,81.088,3580.3,3580.3
83.987,83.987,3529.6,3529.6
82.972,82.972,3502.2,3502.2
78.244,78.244,3445.6,3445.6
88.555,88.555,3751.5,3751.5
88.403,88.403,3754.2,3754.2
81.379,81.379,3462.4,3462.4
84.592,84.592,3612.9,3612.9
87.847,87.847,4562.5,4562.5
87.535,87.535,3750.8,3750.8
85.004,85.004,3650.1,3650.1
70.781,70.781,3077.6,3077.6
85.546,85.546,3730.5,3730.5
73.426,73.426,3165.1,3165.1
78.303,78.303,3409.3,3409.3
81.614,81.614,3536.3,3536.3
84.272,84.272,3807.3,3807.3
82.761,82.761,4041.1,4041.1
44.243,44.243,1969.7,1969.7
86.314,86.314,3768,3768
86.461,86.461,4102.9,4102.9
86.261,86.261,4410.8,4410.8
85.496,85.496,3780.9,3780.9
81.112,81.112,3556.6,3556.6
85.716,85.716,3764.3,3764.3
76.33,76.33,3362.3,3362.3
83.228,83.228,3707.2,3707.2
74.097,74.097,3492.1,3492.1
80.666,80.666,3560.2,3560.2
80.217,80.217,3702.4,3702.4
71.385,71.385,3126.9,3126.9
85.163,85.163,3770.2,3770.2
85.21,85.21,3774.6,3774.6
76.192,76.192,3993.1,3993.1
79.066,79.066,3514.2,3514.2
73.948,73.948,3328.1,3328.1
72.559,72.559,3914.3,3914.3
83.584,83.584,4277.4,4277.4
85.01,85.01,3794.9,3794.9
82.469,82.469,3682.7,3682.7
80.332,80.332,3615.2,3615.2
67.509,67.509,3022.6,3022.6
76.049,76.049,3405.5,3405.5
84.637,84.637,3797.2,3797.2
84.398,84.398,4563.8,4563.8
81.416,81.416,3659.1,3659.1
76.671,76.671,3447.3,3447.3
74.695,74.695,3360.9,3360.9
84.206,84.206,4160.3,4160.3
83.83,83.83,3781,3781
83.451,83.451,3768.3,3768.3
65.952,65.952,2983.8,2983.8
67.009,67.009,3033.4,3033.4
82.222,82.222,3723.5,3723.5
68.606,68.606,3251.1,3251.1
83.138,83.138,4700.1,4700.1
70.904,70.904,3225.9,3225.9
82.083,82.083,4322.7,4322.7
78.692,78.692,4339.5,4339.5
81.601,81.601,3776,3776
76.141,76.141,3480.9,3480.9
82.018,82.018,4540.5,4540.5
76.382,76.382,3460.2,3460.2
71.156,71.156,3534.6,3534.6
82.809,82.809,3807.1,3807.1
82.209,82.209,3785.9,3785.9
82.333,82.333,3796.1,3796.1
78.821,78.821,3635.5,3635.5
10.485,10.485,483.6,483.6
0,0,0,0
0,0,0,0
0,0,0,0
9.755,0,181.43,0
15.669,0,226.64,0
14.577,0,209.82,0
14.551,0,209.2,0
13.2,0,189.71,0
12.007,0,174.71,0
15.143,0,244.25,0
39.756,0,653.71,0
79.414,0,1303.2,0
137.44,0,2252.7,0
151.88,0,2504.3,0
148.6,0,2493.1,0
146.26,0,2451.2,0
99.709,0,1686.3,0
176.11,0,2948.7,0
137.48,0,2345.4,0
142.99,0,2437,0
133.84,0,2292.3,0
163.92,0,2771.8,0
151.92,0,2587.5,0
127.63,0,2199.3,0
154.75,0,2617,0
100.27,2.3872,1826.7,70.492
165.55,22.654,2810.2,668.94
188.61,10.853,3195.2,320.49
207.34,10.395,3519.7,318.79
149.01,20.653,2595.7,595.55
178.91,10.969,3103.7,316.3
158.84,0,2821.1,0
173.58,0,3076.2,0
191.96,0,3417.5,0
175.14,0,3222.4,0
134.77,0,2741.1,0
177.7,2.2137,3439.6,75.617
154.94,12.66,3066.3,432.44
194.35,13.174,3847.3,383.39
210.42,31.623,4260.3,920.29
162.91,22.867,3473.2,761.41
191.53,21.411,4130.9,640.75
161.98,23.587,3609.9,709.26
186.51,41.631,4238.8,1234.9
175.2,33.625,4074.8,1083.2
148.71,16.143,3513.2,515.06
161.5,21.219,3950.2,677.01
160.81,11.44,4008.5,427.11
164.61,27.741,4171.2,915.85
107.82,91.354,2776.9,2776.9
140.96,137.67,4169.7,4169.7
142.76,45.569,3846.3,1380.2
142.87,70.188,3888.2,2227.4
152.64,14.773,4225,512.13
150.52,80.132,4246.6,2585
147.07,138.33,4276.9,4276.9
142.15,20.307,4119.8,627.85
134.87,22.552,3950.8,806.88
135.22,17.703,4017.5,633.38
116.65,48.985,3504.1,1735.7
133.08,72.15,4052.4,2435
138.15,97.023,4265.4,4018.6
130.54,121.53,4383,4383
130.66,14.49,4119.5,522.59
126.28,16.098,4034.4,609.09
132.83,49.929,4280.3,1920.1
130.6,34.718,4241.7,1284.2
122.45,116.18,4454.5,4454.5
126.13,91.357,4178.4,3513.7
125.77,11.946,4197.4,494.4
117.24,15.55,3941.3,631.93
106.89,26.775,3635,1088.1
118.31,118.31,5101,5101
99.699,63.284,3443.2,2613.7
121.56,104.97,4465.2,4465.2
120.2,53.014,4196.5,2255.1
95.333,28.032,3349.5,1158.4
120.78,120.78,4991.3,4991.3
116.83,65.102,4164.6,2850.7
114.21,41.432,4095.4,1856.4
118.55,101.51,4283.1,4192.4
113.51,90.342,4126.5,3909.6
84.143,62.313,3062.8,2696.6
98.535,15.416,3619.3,677.59
106.37,51.982,3920.4,2276.7
98.235,53.439,3654.9,2285.6
108.9,97.464,4168.6,4168.6
111.63,23.964,4187.9,940.01
109.72,83.733,4131.2,3810.8
103.26,93.49,3946.5,3946.5
109.14,31.696,4151.2,1338
79.176,61.029,3036.4,2896.8
107.96,91.629,4511.2,4511.2
97.239,60.589,3738.8,2535.7
110.93,47.682,4285.7,2102.4
84.233,57.155,3263.6,2812.5
105.8,105.8,4850.8,4850.8
106.62,106.62,4180.3,4180.3
91.537,91.537,4467.3,4467.3
102.69,102.69,4831.8,4831.8
96.481,96.481,3997.6,3997.6
101.44,101.44,4056,4056
88.881,88.881,3569.2,3569.2
95.862,95.862,4379.7,4379.7
103.53,103.53,4938.2,4938.2
106.87,106.87,4392.1,4392.1
104.44,104.44,4930.9,4930.9
87.67,87.67,4167.7,4167.7
99.35,99.35,4081.1,4081.1
100.43,100.43,4138.8,4138.8
99.846,99.846,4123.5,4123.5
69.046,69.046,3193.6,3193.6
104.35,104.35,4337.6,4337.6
104.5,104.5,4690.8,4690.8
100.43,100.43,4579.6,4579.6
96.408,96.408,4186.3,4186.3
98.2,98.2,4127,4127
97.06,97.06,4096.9,4096.9
91.778,91.778,4028.8,4028.8
103.54,103.54,4386.4,4386.4
103.36,103.36,4389.5,4389.5
95.151,95.151,4048.3,4048.3
98.907,98.907,4341.3,4341.3
102.72,102.72,5334.7,5334.7
102.35,102.35,4385.6,4385.6
99.506,99.506,4271.3,4271.3
83.816,83.816,3776.6,3776.6
100.03,100.03,4362.2,4362.2
87.015,87.015,3750.9,3750.9
92.531,92.531,4028.7,4028.7
96.149,96.149,4166.1,4166.1
99.094,99.094,4488.3,4488.3
96.766,96.766,4725,4725
54.139,54.139,2429.3,2429.3
100.92,100.92,4405.7,4405.7
101.09,101.09,4797.3,4797.3
100.88,100.88,5220.9,5220.9
100.14,100.14,4428.4,4428.4
95.776,95.776,4199.6,4199.6
100.22,100.22,4401.4,4401.4
90.509,90.509,3986.8,3986.8
97.877,97.877,4334.6,4334.6
88.665,88.665,4178.7,4178.7
94.325,94.325,4163.1,4163.1
93.823,93.823,4330.4,4330.4
83.966,83.966,3678,3678
99.605,99.605,4409.6,4409.6
99.63,99.63,4413.4,4413.4
89.086,89.086,4668.9,4668.9
92.446,92.446,4108.9,4108.9
87.735,87.735,3948.6,3948.6
84.838,84.838,4576.7,4576.7
97.728,97.728,5001.2,5001.2
99.395,99.395,4437.1,4437.1
96.424,96.424,4305.9,4305.9
94.02,94.02,4231.1,4231.1
78.933,78.933,3534.1,3534.1
90.488,90.488,4052,4052
98.96,98.96,4439.8,4439.8
98.717,98.717,5338,5338
95.69,95.69,4300.6,4300.6
89.646,89.646,4030.6,4030.6
87.798,87.798,3950.4,3950.4
98.458,98.458,4864.4,4864.4
98.016,98.016,4420.9,4420.9
97.573,97.573,4406,4406
77.555,77.555,3508.8,3508.8
78.349,78.349,3546.8,3546.8
96.137,96.137,4353.6,4353.6
80.216,80.216,3801.3,3801.3
97.207,97.207,5495.5,5495.5
82.903,82.903,3771.8,3771.8
95.974,95.974,5073.7,5073.7
92.54,92.54,5103.1,5103.1
95.411,95.411,4427.5,4427.5
89.027,89.027,4070,4070
95.899,95.899,5308.8,5308.8
90.522,90.522,4100.8,4100.8
83.197,83.197,4132.7,4132.7
96.822,96.822,4451.3,4451.3
96.121,96.121,4426.5,4426.5
96.266,96.266,4438.5,4438.5
92.159,92.159,4250.7,4250.7
12.259,12.259,565.43,565.43
0,0,0,0
0,0,0,0
3.8724,0,90.994,0
15.312,0,285.23,0
24.218,0,350.3,0
22.545,0,324.5,0
22.564,0,324.41,0
20.602,0,296.09,0
18.827,0,273.96,0
23.012,0,371.17,0
54.136,0,890.17,0
104.13,0,1708.8,0
172.71,0,2830.8,0
186.05,0,3067.7,0
183.05,0,3071,0
178.77,0,3016.7,0
125.72,0,2176.8,0
212,0,3549.6,0
170.6,0,2921.3,0
177.38,0,3023.1,0
168.05,0,2878.2,0
200.48,0,3390,0
187.66,0,3196.2,0
160.67,0,2768.6,0
188.13,0,3181.5,0
125.87,3.3796,2323.6,99.797
202.04,32.071,3429.6,947.04
224.65,15.365,3805.6,453.72
244.19,14.892,4145.2,456.67
182.28,29.414,3175.4,848.18
214.06,15.622,3713.5,450.47
191.57,0,3402.4,0
204.74,0,3628.6,0
225.62,0,4016.8,0
204.88,0,3769.7,0
165.13,0,3358.5,0
209.72,3.2696,4059.3,111.68
181.84,18.698,3598.7,638.69
220.24,18.157,4359.8,528.4
238.61,43.583,4831.2,1268.4
190.83,32.391,4068.5,1078.5
218.37,29.552,4709.8,884.38
187.78,32.794,4185,986.11
211.8,55.8,4813.6,1655.2
200.34,46.089,4659.4,1484.7
169.09,22.528,4033.3,718.78
185.51,29.612,4537.5,944.78
184.28,16.873,4593.4,629.96
186.64,38.54,4729.5,1272.3
122.74,111.43,3387.1,3387.1
160.36,160.36,4856.9,4856.9
161.76,53.079,4358.3,1607.6
164.02,88.517,4484.9,2809.1
172.94,19.849,4786.9,688.13
170.6,100.03,4813.1,3226.8
166.65,158.38,4896.8,4896.8
162.42,23.25,4707.5,718.86
153.08,31.024,4484.1,1110
153.61,24.353,4563.8,871.31
133.49,63.377,4009.8,2245.7
150.77,88.346,4591.1,2981.6
156.52,117.09,4849.8,4849.8
148.51,139.41,5028,5028
149.04,16.622,4698.9,599.5
143.1,22.12,4571.7,836.95
150.49,64.902,4849.2,2495.9
148.22,42.276,4814,1563.7
139.26,134.71,5165,5165
142.89,103.51,4733.8,3981.1
142.74,17.521,4763.6,725.13
132.83,21.128,4465.2,858.65
125.15,36.381,4255.7,1478.5
134.31,134.31,5790.8,5790.8
117.27,78.891,4050,3258.3
137.82,120.28,5116.5,5116.5
136.2,60.747,4755,2584
110.54,31.772,3883.6,1312.9
136.9,136.9,5657.1,5657.1
133.19,81.353,4747.8,3562.3
129.4,50.721,4639.8,2272.6
134.31,118.07,4876.1,4876.1
128.81,103.57,4682.7,4482.1
95.458,71.439,3474.7,3091.5
114.99,22.098,4231.9,971.34
121.05,66.333,4461.4,2905.3
111.93,60.992,4164.4,2608.7
124.78,111.24,4757.8,4757.8
126.5,32.762,4745.8,1285.1
124.3,94.864,4680.3,4317.3
118.06,109.44,4619.7,4619.7
123.8,37.103,4708.5,1660.3
95.384,76.273,3658,3620.4
122.31,106.84,5260,5260
111.96,75.728,4305,3169.2
125.68,58.194,4855.4,2565.9
95.43,65.116,3697.5,3204.2
119.86,119.86,5495.7,5495.7
121.24,121.24,4753.6,4753.6
107.26,107.26,5156.1,5156.1
116.34,116.34,5474.1,5474.1
109.33,109.33,4530.1,4530.1
115.96,115.96,4636.8,4636.8
103.08,103.08,4139.5,4139.5
111.21,111.21,5011.5,5011.5
117.3,117.3,5679.2,5679.2
121.08,121.08,5008.8,5008.8
118.33,118.33,5586.5,5586.5
101.22,101.22,4726.1,4726.1
112.56,112.56,4623.6,4623.6
113.8,113.8,4689.8,4689.8
114.39,114.39,4724,4724
82.161,82.161,3800.2,3800.2
118.22,118.22,4914.1,4914.1
118.4,118.4,5314.5,5314.5
113.78,113.78,5200.1,5200.1
111.06,111.06,4763.3,4763.3
111.25,111.25,4675.5,4675.5
110.02,110.02,4643.7,4643.7
104.31,104.31,4564.4,4564.4
117.3,117.3,4969.4,4969.4
117.1,117.1,4973,4973
107.8,107.8,4586.5,4586.5
112.05,112.05,5054.6,5054.6
116.37,116.37,6044,6044
115.95,115.95,4968.5,4968.5
113.48,113.48,4871.1,4871.1
96.169,96.169,4490.5,4490.5
113.34,113.34,4942.4,4942.4
99.918,99.918,4307,4307
105.95,105.95,4612.9,4612.9
109.75,109.75,4755.6,4755.6
112.91,112.91,5126.9,5126.9
109.63,109.63,5353,5353
64.699,64.699,2903.1,2903.1
114.34,114.34,4991.4,4991.4
114.53,114.53,5435,5435
114.32,114.32,5987.8,5987.8
113.65,113.65,5025.8,5025.8
109.58,109.58,4804.9,4804.9
113.54,113.54,4986.4,4986.4
103.99,103.99,4580.5,4580.5
111.53,111.53,4910.7,4910.7
102.8,102.8,4844.9,4844.9
106.87,106.87,4716.9,4716.9
106.33,106.33,4907.7,4907.7
95.698,95.698,4191.9,4191.9
112.88,112.88,4997.3,4997.3
112.87,112.87,5000,5000
100.93,100.93,5289.5,5289.5
104.73,104.73,4655.1,4655.1
100.86,100.86,4539.3,4539.3
96.115,96.115,5185,5185
110.72,110.72,5666,5666
112.61,112.61,5026.9,5026.9
109.24,109.24,4878.2,4878.2
106.62,106.62,4798.3,4798.3
89.541,89.541,4007.8,4007.8
104.33,104.33,4671.7,4671.7
112.11,112.11,5030,5030
111.88,111.88,6049.8,6049.8
108.97,108.97,4897.6,4897.6
101.56,101.56,4566.4,4566.4
99.995,99.995,4499.3,4499.3
111.55,111.55,5511,5511
111.05,111.05,5008.5,5008.5
110.54,110.54,4991.7,4991.7
88.368,88.368,3997.9,3997.9
88.764,88.764,4018.3,4018.3
108.92,108.92,4932.3,4932.3
90.879,90.879,4306.6,4306.6
110.16,110.16,6226,6226
93.923,93.923,4273.1,4273.1
108.91,108.91,5770.3,5770.3
105.45,105.45,5814.9,5814.9
108.09,108.09,5030.1,5030.1
100.86,100.86,4611.1,4611.1
108.65,108.65,6014.5,6014.5
103.95,103.95,4709.1,4709.1
94.256,94.256,4682,4682
109.69,109.69,5043,5043
108.9,108.9,5014.9,5014.9
109.06,109.06,5028.4,5028.4
104.41,104.41,4815.7,4815.7
13.889,13.889,640.59,640.59
0,0,0,0
0,0,0,0
5.8941,0,138.5,0
23.287,0,434.5,0
36.27,0,524.61,0
33.784,0,486.27,0
33.904,0,487.44,0
31.155,0,447.77,0
28.606,0,416.24,0
33.884,0,546.53,0
71.429,0,1174.5,0
132.31,0,2171.2,0
210.29,0,3446.9,0
220.84,0,3641.3,0
218.47,0,3665.4,0
213.17,0,3597.2,0
158.86,0,2750.8,0
247.28,0,4140.4,0
205.9,0,3525.7,0
213.21,0,3633.8,0
204.45,0,3501.6,0
237.58,0,4017.3,0
224.61,0,3825.5,0
195.97,0,3377.1,0
221.6,0,3747.5,0
155.13,4.6361,2863.8,136.9
238.92,43.995,4055.6,1299.1
259.26,21.078,4392,622.41
278.65,20.67,4730.2,633.89
216.07,40.591,3763.9,1170.5
248.16,21.558,4305.2,621.63
223.88,0,3976.2,0
234.01,0,4170.9,0
256.95,0,4574.5,0
232.24,0,4273,0
196.05,0,3987.3,0
239.82,4.679,4641.9,159.83
206.78,26.759,4092.3,914.02
241.83,24.247,4787.2,705.64
262.18,58.202,5308.4,1693.8
216.6,44.455,4617.8,1480.2
241.25,39.522,5203,1182.7
210.94,44.18,4701,1328.5
233.05,72.469,5296.6,2149.6
221.97,61.211,5162.5,1971.9
188.44,30.463,4508.8,971.93
206.47,40.041,5050.2,1277.5
204.62,24.114,5100.4,900.29
205.05,51.878,5196,1712.7
142.14,131.69,4003.1,4003.1
180.99,180.99,5481.7,5481.7
181.51,59.907,4875.8,1814.5
183.78,108.17,5025.2,3432.6
189.85,25.843,5255.2,895.9
187.35,120.98,5285.7,3902.8
182.99,175.71,5432.6,5432.6
179.83,25.794,5211.9,797.51
168.35,41.354,4931.3,1479.6
169.08,32.461,5023.5,1161.4
148.01,79.453,4446,2815.3
165.51,104.82,5039.9,3537.6
171.83,136.93,5671.3,5671.3
163.7,154.97,5589,5589
164.73,19.774,5193.5,849.37
157.12,29.452,5019.7,1114.4
165.2,81.745,5323.2,3143.6
163,50.266,5293.9,1985.3
153.46,151.34,5802.8,5802.8
156.86,113.64,5196.5,4370.6
156.96,24.9,5238.3,1030.5
145.81,27.817,4901.7,1130.5
141.97,47.899,4827.8,1946.6
147.74,147.74,6369.8,6369.8
133.65,95.295,4615.8,3935.8
151.39,133.55,5680.8,5680.8
149.53,67.447,5220.5,2869
124.18,34.892,4363.1,1441.9
150.34,150.34,6212.7,6212.7
147.13,98.506,5244.7,4313.4
142.04,60.165,5093.3,2695.7
147.44,133.06,5495.2,5495.2
141.63,115.06,5148.9,4979
104.93,79.359,3819.5,3434.3
130.37,30.695,4800.3,1349.2
133.47,82.018,4919.3,3592.2
123.57,67.451,4597.6,2884.9
138.53,123.02,5261.6,5261.6
138.91,43.399,5211.1,1702.4
136.45,104.14,5137.8,4739.4
130.78,124.13,5239.8,5239.8
136.66,47.003,5193.9,2207.5
111.34,92.365,4384.2,4384.2
134.26,120.71,5942.8,5942.8
124.92,91.712,4803,3838.2
137.96,68.818,5330,3034.4
104.76,74.916,4058.9,3537.2
131.58,131.58,6033.1,6033.1
133.58,133.58,5237.7,5237.7
121.78,121.78,5766.2,5766.2
127.71,127.71,6009.2,6009.2
120.05,120.05,4974.2,4974.2
128.45,128.45,5136.1,5136.1
115.84,115.84,4651.9,4651.9
125.02,125.02,5556.3,5556.3
128.77,128.77,6328.6,6328.6
132.91,132.91,5534.6,5534.6
129.9,129.9,6132.6,6132.6
113.24,113.24,5192.9,5192.9
123.56,123.56,5075.6,5075.6
124.95,124.95,5149.3,5149.3
126.98,126.98,5244,5244
94.731,94.731,4381.6,4381.6
129.78,129.78,5394.5,5394.5
129.98,129.98,5834.3,5834.3
124.91,124.91,5721.3,5721.3
123.98,123.98,5317,5317
122.56,122.56,5155.6,5155.6
120.83,120.83,5133.3,5133.3
114.87,114.87,5010.7,5010.7
128.77,128.77,5455.2,5455.2
128.55,128.55,5459.1,5459.1
118.34,118.34,5090.8,5090.8
123.01,123.01,5702.3,5702.3
127.75,127.75,6635,6635
127.29,127.29,5454.2,5454.2
125.4,125.4,5382.7,5382.7
106.92,106.92,5173.6,5173.6
124.42,124.42,5426,5426
111.17,111.17,4792.1,4792.1
117.55,117.55,5117.9,5117.9
121.4,121.4,5260,5260
124.65,124.65,5674.5,5674.5
120.34,120.34,5876.3,5876.3
74.918,74.918,3361.6,3361.6
125.52,125.52,5479.4,5479.4
125.73,125.73,5966.3,5966.3
125.53,125.53,6654.2,6654.2
124.98,124.98,5526.8,5526.8
121.48,121.48,5326.7,5326.7
124.64,124.64,5473.8,5473.8
115.77,115.77,5099.3,5099.3
123.14,123.14,5421.3,5421.3
115.49,115.49,5443,5443
117.33,117.33,5178.4,5178.4
116.76,116.76,5389.2,5389.2
105.68,105.68,4629.3,4629.3
123.95,123.95,5487.5,5487.5
123.91,123.91,5488.8,5488.8
110.79,110.79,5806.5,5806.5
114.97,114.97,5110.2,5110.2
112.35,112.35,5056.4,5056.4
105.51,105.51,5691.8,5691.8
121.54,121.54,6219.9,6219.9
123.61,123.61,5518.2,5518.2
119.92,119.92,5355,5355
117.16,117.16,5272.5,5272.5
100.56,100.56,4501.2,4501.2
116.55,116.55,5218.9,5218.9
123.07,123.07,5521.7,5521.7
122.86,122.86,6643.6,6643.6
120.25,120.25,5404.4,5404.4
111.49,111.49,5012.7,5012.7
110.35,110.35,4965.2,4965.2
122.45,122.45,6049.8,6049.8
121.9,121.9,5498.1,5498.1
121.35,121.35,5479.6,5479.6
97.562,97.562,4413.9,4413.9
97.441,97.441,4411.1,4411.1
119.56,119.56,5414.5,5414.5
99.762,99.762,4727.5,4727.5
120.96,120.96,6834.6,6834.6
103.1,103.1,4690.8,4690.8
120.02,120.02,6358.8,6358.8
116.42,116.42,6420.2,6420.2
118.66,118.66,5537.3,5537.3
111.83,111.83,5114.9,5114.9
119.27,119.27,6602.4,6602.4
115.66,115.66,5239.7,5239.7
103.47,103.47,5139.7,5139.7
120.41,120.41,5536,5536
119.54,119.54,5505.1,5505.1
119.72,119.72,5520,5520
114.62,114.62,5286.4,5286.4
15.246,15.246,703.21,703.21
0,0,0,0
0,0,0,0
8.6928,0,204.26,0
34.317,0,641.32,0
52.632,0,761.28,0
49.055,0,706.07,0
49.361,0,709.66,0
45.653,0,656.12,0
42.114,0,612.8,0
48.343,0,779.75,0
91.32,0,1507.6,0
162.89,0,2672.9,0
248.1,0,4066.6,0
253.99,0,4187.9,0
252.66,0,4239,0
246.3,0,4156.3,0
194.52,0,3368.2,0
279.49,0,4679.6,0
240.78,0,4123,0
248.32,0,4232.2,0
241.01,0,4127.7,0
272.8,0,4612.9,0
260.49,0,4436.6,0
231.62,0,3991.3,0
253.24,0,4315.4,0
185.26,6.1622,3420.1,181.96
273.75,58.477,4646.9,1726.8
289.91,28.016,4911.3,827.29
308.11,27.801,5230.3,852.56
248.16,54.276,4322.9,1565.1
278.77,28.826,4836.2,831.21
253.51,0,4509.1,0
263.02,0,4716.5,0
283.54,0,5048,0
255.07,0,4693.1,0
225.53,0,4586.9,0
265.72,6.4882,5143.4,221.62
227.84,37.105,4509.1,1267.4
257.29,31.375,5093.2,913.07
279.14,75.311,5651.7,2191.7
238.21,59.119,5078.5,1968.5
258.24,51.215,5569.5,1532.7
229.59,57.67,5116.7,1734.1
248.48,91.196,5647.1,2705.1
238.3,78.771,5542.3,2537.6
204.12,39.913,4884,1273.4
222.66,52.462,5446.3,1673.8
220.14,33.392,5487.4,1246.7
218.28,67.666,5531.3,2233.9
163.66,150.81,4584.1,4584.1
197.93,197.93,5994.8,5994.8
197.92,65.515,5316.4,1984.3
199.53,128.07,5455.7,4064.4
201.95,32.601,5590.1,1142.5
199.36,141.78,5624.6,4573.9
194.68,188.88,5839.8,5839.8
192.92,27.727,5591.3,857.29
179.39,53.411,5254.8,1911
180.33,41.926,5357.7,1500
159.02,96.513,4797,3419.8
176.05,120.5,5360.8,4066.9
182.78,155.15,6426,6426
174.85,166.91,6019.6,6019.6
176.41,27.882,5561.8,1197.6
167.16,37.996,5340.6,1437.6
175.72,99.763,5662.1,3836.5
173.68,64.874,5640.8,2562.3
164.75,164.75,6317,6317
166.85,120.88,5527.3,4649.2
167.25,34.287,5581.5,1419
155.1,35.486,5213.8,1442.2
156.05,61.105,5306.7,2483.3
157.47,157.47,6789.2,6789.2
147.59,111.54,5097.3,4606.6
161.14,144.03,6111.5,6111.5
159.07,72.561,5553.6,3086.5
135.18,37.129,4749.5,1534.3
159.98,159.98,6611.1,6611.1
157.48,115.57,5613.7,5060.7
151.09,69.152,5417.6,3098.4
156.82,145.3,6000.6,6000.6
150.9,123.84,5485.8,5359.3
115.74,85.42,4231.9,3696.5
143.28,41.312,5275.9,1815.9
142.6,98.264,5255.9,4303.7
135.94,80.542,5058.5,3337.8
149.02,131.82,5638.1,5638.1
147.79,55.705,5544.4,2185.1
145.14,115.11,5464.9,5103.5
141.86,136.42,5758.6,5758.6
146.26,60.551,5558.8,2843.8
125.93,108.38,5144.3,5144.3
142.81,132.14,6505.7,6505.7
135.04,107.62,5192.2,4503.9
146.75,78.856,5669.3,3477
111.43,85.843,4317.3,3785
139.96,139.96,6417.3,6417.3
142.62,142.62,5591.9,5591.9
133.98,133.98,6248.4,6248.4
135.85,135.85,6391.7,6391.7
127.72,127.72,5292.2,5292.2
137.87,137.87,5512.5,5512.5
126.14,126.14,5065.5,5065.5
136.17,136.17,5969,5969
137.61,137.61,6833.2,6833.2
141.38,141.38,5925.8,5925.8
138.17,138.17,6523.2,6523.2
122.75,122.75,5528.7,5528.7
131.42,131.42,5398.7,5398.7
132.93,132.93,5478.2,5478.2
136.58,136.58,5640.4,5640.4
105.83,105.83,4895.1,4895.1
138.04,138.04,5737.9,5737.9
138.26,138.26,6206,6206
132.86,132.86,6099.4,6099.4
134.09,134.09,5750.8,5750.8
132.95,132.95,5592.7,5592.7
130.7,130.7,5569,5569
122.58,122.58,5329.8,5329.8
136.97,136.97,5802.5,5802.5
136.74,136.74,5913.6,5913.6
125.87,125.87,5735.3,5735.3
130.84,130.84,6233.4,6233.4
135.89,135.89,7057.7,7057.7
135.39,135.39,5801.4,5801.4
134.26,134.26,5763.3,5763.3
119.36,119.36,5775.5,5775.5
132.36,132.36,5771.9,5771.9
119.85,119.85,5166.3,5166.3
126.9,126.9,5501.8,5501.8
130.1,130.1,5637.3,5637.3
133.34,133.34,6085.5,6085.5
128.01,128.01,6250.4,6250.4
84.058,84.058,3771.7,3771.7
133.51,133.51,5828.3,5828.3
133.73,133.73,6346.2,6346.2
133.56,133.56,7165.1,7165.1
133.16,133.16,5888.9,5888.9
130.49,130.49,5721.9,5721.9
132.58,132.58,5973.6,5973.6
124.88,124.88,5500.6,5500.6
131.74,131.74,5799.9,5799.9
125.72,125.72,5925.1,5925.1
124.81,124.81,5508.6,5508.6
124.24,124.24,5734.2,5734.2
113.09,113.09,4966.7,4966.7
131.88,131.88,5838.6,5838.6
131.8,131.8,5838.3,5838.3
118.93,118.93,6176.2,6176.2
122.29,122.29,5435.5,5435.5
121.26,121.26,5457.4,5457.4
112.23,112.23,6054.2,6054.2
129.28,129.28,6615.9,6615.9
131.48,131.48,5953,5953
127.55,127.55,5696,5696
124.74,124.74,5613.7,5613.7
109.43,109.43,4898.3,4898.3
126.15,126.15,5649.1,5649.1
130.91,130.91,5873.2,5873.2
130.73,130.73,7069.1,7069.1
128.57,128.57,5778.4,5778.4
118.59,118.59,5331.9,5331.9
118,118,5384.4,5384.4
130.25,130.25,6435.1,6435.1
129.66,129.66,5848.1,5848.1
129.07,129.07,5828.5,5828.5
104.37,104.37,4989.3,4989.3
103.64,103.64,4691.9,4691.9
127.17,127.17,5759.2,5759.2
106.11,106.11,5028.5,5028.5
128.7,128.7,7269.7,7269.7
109.67,109.67,4989.5,4989.5
128.15,128.15,6789.7,6789.7
124.55,124.55,6868.4,6868.4
126.22,126.22,5906.4,5906.4
122.25,122.25,5591.6,5591.6
126.86,126.86,7022.7,7022.7
124.7,124.7,5649.1,5649.1
110.79,110.79,5466.9,5466.9
128.08,128.08,5888.4,5888.4
127.15,127.15,5855.6,5855.6
127.34,127.34,5871.4,5871.4
121.91,121.91,5623,5623
16.217,16.217,747.98,747.98
0,0,0,0
0,0,0,0
12.422,0,291.9,0
49.001,0,917.2,0
74.004,0,1070.4,0
69.016,0,993.39,0
69.633,0,1001.1,0
64.818,0,931.57,0
60.076,0,874.17,0
66.83,0,1077.9,0
120.09,0,1988.5,0
196.09,0,3246,0
283.62,0,4648.8,0
283.04,0,4666.9,0
283.13,0,4750.2,0
275.75,0,4653.2,0
230.78,0,3996.1,0
306.07,0,5129.2,0
272.84,0,4671.9,0
280.23,0,4776.1,0
275.29,0,4714.8,0
303.52,0,5132.3,0
292.72,0,4985.5,0
265.25,0,4570.8,0
285.08,0,4858,0
214.37,7.9363,3957.5,234.35
303.92,75.313,5159.1,2223.9
314.12,36.082,5321.5,1065.5
330.11,36.23,5603.6,1111.1
276.17,70.32,4810.8,2027.7
303.43,37.347,5264,1076.9
278.14,0,5039.5,0
288.19,0,5167.9,0
303.17,0,5397.5,0
271.45,0,5183.1,0
251.39,0,5112.7,0
285.28,8.7175,5522,297.77
243.26,49.854,4871.2,1702.9
265.24,39.337,5250.6,1144.8
287.96,94.597,5830.4,2762.6
253.84,76.179,5411.8,2536.5
267.84,64.306,5776.7,1924.4
242.14,72.942,5396.3,2193.3
256.69,111.2,5833.9,3298.4
247.89,98.221,5765.2,3164.2
214.24,50.67,5126,1616.6
234.06,66.602,5717.6,2125
229.49,44.804,5720.5,1672.7
225.15,85.517,5728.4,2823.2
183.5,167.34,5086.6,5086.6
209.73,209.73,6352.3,6352.3
209.1,69.422,5616.9,2150.5
209.89,146.94,5739.3,4663
208.15,42.542,5761.7,1514.6
205.56,161,5799.3,5193.9
200.69,196.73,6082.7,6082.7
200.54,28.88,5812.1,1034.9
185.22,66.842,5445.7,2391.5
186.36,52.469,5536.8,1877.2
172.59,113.6,5278.5,4025.1
181.44,134.23,5525.1,4530.3
188.39,170.34,7055.1,7055.1
180.96,174.18,6282.1,6282.1
183.06,38.093,5771.4,1636.2
174.7,47.496,5561.9,1797.1
181.1,117.97,5835.6,4536.8
179.32,81.127,5823.9,3204.2
173.78,173.78,6663.2,6663.2
171.96,124.59,5696.7,4792.1
172.67,45.748,5762.6,1893.3
159.85,43.864,5373.6,1782.6
166.21,75.531,5652.1,3069.6
166.27,162.63,7011.5,7011.5
157.93,126.49,5454.2,5224.2
166.19,153.08,6370.7,6370.7
163.97,75.638,5724.6,3217.4
142.59,38.283,5009.7,1582
164.95,164.95,6816.5,6816.5
163.33,131.38,5822.1,5753
157.1,77.014,5635.5,3450.6
161.63,153.73,6349.1,6349.1
155.78,129.16,5663.2,5589.5
124.93,89.088,4568.1,3855.3
152.59,53.875,5618.6,2368.1
147.63,114.07,5441.2,4996.1
147.36,96.921,5483.1,4016.5
155.32,136.87,5854,5854
152.36,69.28,5715.9,2717.5
149.58,129.73,5751.7,5751.7
149.76,145.27,6132.3,6132.3
151.67,75.584,5764.6,3549.8
138.02,123.22,5848.8,5848.8
147.18,140.17,6900.8,6900.8
141.45,122.37,5438.7,5121.1
151.24,91.285,5843,3860.4
114.84,95.309,4449.6,4202.4
144.25,144.25,6614.1,6614.1
147.53,147.53,5784.7,5784.7
142.82,142.82,6560.7,6560.7
140.01,140.01,6587.6,6587.6
131.67,131.67,5455.7,5455.7
143.38,143.38,5732.9,5732.9
133.09,133.09,5344.5,5344.5
143.71,143.71,6213.3,6213.3
143.97,143.97,7149.1,7149.1
145.71,145.71,6147.6,6147.6
142.4,142.4,6723.2,6723.2
128.92,128.92,5703.5,5703.5
135.45,135.45,5802.9,5802.9
137.03,137.03,5647.1,5647.1
142.34,142.34,5878.4,5878.4
116.16,116.16,5299.1,5299.1
142.27,142.27,6140.5,6140.5
142.5,142.5,6396.4,6396.4
136.93,136.93,6300.5,6300.5
140.53,140.53,6026.9,6026.9
139.74,139.74,5878.6,5878.6
137.39,137.39,5854,5854
130.3,130.3,5587.9,5587.9
141.16,141.16,5980.3,5980.3
140.93,140.93,6452.2,6452.2
129.73,129.73,6260.8,6260.8
134.85,134.85,6602.3,6602.3
140.06,140.06,7274.2,7274.2
139.54,139.54,5979.2,5979.2
139.29,139.29,5979.2,5979.2
129.82,129.82,6247.2,6247.2
136.42,136.42,5949.2,5949.2
125.2,125.2,5396.7,5396.7
134.79,134.79,5827.3,5827.3
135.11,135.11,5854.1,5854.1
138.21,138.21,6517.4,6517.4
131.93,131.93,6441.9,6441.9
91.384,91.384,4100.4,4100.4
137.6,137.6,6141.4,6141.4
137.83,137.83,6540.8,6540.8
137.68,137.68,7475.7,7475.7
137.48,137.48,6080,6080
135.82,135.82,5955.5,5955.5
136.64,136.64,6466.6,6466.6
130.52,130.52,5749.2,5749.2
136.57,136.57,6012.3,6012.3
132.61,132.61,6249.6,6249.6
128.65,128.65,5677.8,5677.8
128.09,128.09,5911.9,5911.9
120.13,120.13,5315,5315
135.97,135.97,6019.4,6019.4
135.83,135.83,6017.2,6017.2
128.28,128.28,6365.4,6365.4
126.04,126.04,5602,5602
126.82,126.82,5707.4,5707.4
115.67,115.67,6239.7,6239.7
133.24,133.24,6818.7,6818.7
135.51,135.51,6381,6381
131.46,131.46,5870.5,5870.5
128.69,128.69,5791.4,5791.4
115.39,115.39,5164.9,5164.9
132.31,132.31,5925,5925
134.92,134.92,6053.2,6053.2
134.78,134.78,7288.3,7288.3
133.2,133.2,5986.4,5986.4
122.22,122.22,5693.2,5693.2
125.56,125.56,5761.9,5761.9
134.24,134.24,6632.4,6632.4
133.63,133.63,6027.3,6027.3
133.03,133.03,6007,6007
108.2,108.2,5677.7,5677.7
114.92,114.92,5218.4,5218.4
131.07,131.07,5935.6,5935.6
109.36,109.36,5182.6,5182.6
132.68,132.68,7492.4,7492.4
113.03,113.03,5142.3,5142.3
132.59,132.59,7024.7,7024.7
129.11,129.11,7119.8,7119.8
130.09,130.09,6104.6,6104.6
129.49,129.49,5922.9,5922.9
130.75,130.75,7237.9,7237.9
130.27,130.27,5901.4,5901.4
115,115,5634.4,5634.4
132.01,132.01,6068.9,6068.9
131.05,131.05,6218.3,6218.3
131.25,131.25,6051.3,6051.3
125.65,125.65,5795.3,5795.3
16.714,16.714,770.89,770.89
0,0,0,0
0,0,0,0
17.201,0,404.18,0
67.796,0,1271,0
100.82,0,1458.3,0
94.087,0,1354.2,0
95.181,0,1368.4,0
89.173,0,1281.6,0
83.038,0,1208.3,0
89.519,0,1443.9,0
153.49,0,2541.5,0
234.07,0,3874.8,0
314.16,0,5149.4,0
305.63,0,5039.3,0
307.42,0,5157.7,0
299.13,0,5047.8,0
265.3,0,4593.8,0
326.26,0,5493.9,0
299.56,0,5129.4,0
306.43,0,5222.6,0
304.68,0,5218.1,0
327.21,0,5532.9,0
318.73,0,5428.5,0
294.33,0,5071.9,0
310.97,0,5299,0
240.36,9.9039,4437.3,292.45
326.95,93.985,5549.9,2775.3
329.79,45.028,5586.9,1329.6
342.69,45.75,5817.2,1403
297.79,88.279,5187.6,2545.6
320.02,46.885,5551.8,1352
295.7,0,5457.4,0
305.96,0,5486.7,0
314.1,0,5592,0
285.38,0,5564.2,0
271.51,0,5521.9,0
296.78,11.349,5744.4,387.67
251.65,64.905,5334.4,2217
264.94,47.789,5453,1390.8
287.84,115.83,5827.9,3382.8
262.11,95.115,5587.9,3167
269.18,78.236,5846.8,2341.3
247.44,89.395,5514.4,2688
256.95,131.38,5839.8,3897
249.85,118.67,5811,3823
217.88,62.33,5213.1,1988.7
239.61,81.928,5853.2,2613.9
231.81,58.25,5778.3,2174.7
230.08,104.72,5855.7,3457.3
199.36,179.91,5468.8,5468.8
215.34,215.34,6522.2,6522.2
214.06,75.331,5750.1,2390.6
213.95,163.34,5850.1,5183.6
207.88,54.643,5754.3,1945.4
206.5,177.15,5834.4,5714.9
201.65,198.55,6138.9,6138.9
201.98,37.067,5854,1397
190,81.053,5603.7,2956.6
186.61,63.624,5544.2,2276.4
184.01,129.55,5627.9,4590.5
181.2,144.88,5517.6,4889.7
188.14,181.21,7505.3,7505.3
186.57,176.14,6352.5,6352.5
184.06,50.427,5802.9,2166
177.37,57.529,5647.1,2231.6
180.86,135.17,5827.7,5198.3
179.39,98.302,5826.3,3882.5
177.62,177.62,6810.2,6810.2
171.72,124.43,5689,4785.9
172.74,59.145,5764.8,2447.8
159.63,52.537,5366.3,2135.1
171.53,90.465,5833,3676.5
170.26,162.74,7016.3,7016.3
163.74,139,5740.7,5740.7
167.14,157.65,6434.7,6434.7
163.77,76.399,5717.6,3249.8
145.73,38.247,5120.1,1580.5
164.8,164.8,6810.2,6810.2
164.13,144.72,6337.1,6337.1
159.35,83.106,5716.3,3723.6
161.46,157.61,6509.2,6509.2
159,130.53,5786.8,5648.6
130.67,90.03,4777.9,3896.1
157.46,68.077,5797.8,2992.3
153.44,128.31,5680,5619.7
154.77,113.01,5758.9,4683.2
156.87,138.31,6379.7,6379.7
152.85,83.488,5733,3274.8
149.38,141.67,6280.9,6280.9
153.19,149.89,6327.4,6327.4
152.41,91.419,5792.4,4293.5
146.56,135.75,6443.4,6443.4
146.98,144.06,7092.7,7092.7
144.92,134.81,5642,5642
151.04,104.22,5835.1,4153
114.69,102.53,4521,4521
144.05,144.05,6605.3,6605.3
147.88,147.88,5798.4,5798.4
147.51,147.51,6674.7,6674.7
139.82,139.82,6578.6,6578.6
136.1,136.1,5452.3,5452.3
144.48,144.48,5776.9,5776.9
136.06,136.06,5463.8,5463.8
146.97,146.97,6266.9,6266.9
145.94,145.94,7247.3,7247.3
145.51,145.51,6179.7,6179.7
142.21,142.21,6714.1,6714.1
131.2,131.2,5701,5701
136.51,136.51,6104.6,6104.6
136.88,136.88,5640.5,5640.5
143.74,143.74,5936.3,5936.3
127.48,127.48,5558.2,5558.2
143.3,143.3,6419,6419
143.23,143.23,6388,6388
136.75,136.75,6306.1,6306.1
142.7,142.7,6120.1,6120.1
142.33,142.33,5987.2,5987.2
140.45,140.45,5962.6,5962.6
136.35,136.35,5847.3,5847.3
140.97,140.97,5972.1,5972.1
140.73,140.73,6821.1,6821.1
129.55,129.55,6622.2,6622.2
134.66,134.66,6776,6776
139.87,139.87,7264.5,7264.5
139.35,139.35,5971,5971
140.02,140.02,6010.6,6010.6
136.81,136.81,6547.6,6547.6
136.25,136.25,5941.6,5941.6
126.72,126.72,5462.4,5462.4
138.73,138.73,5997.6,5997.6
135.94,135.94,5890.4,5890.4
138.81,138.81,6866,6866
131.75,131.75,6433.1,6433.1
96.264,96.264,4366,4366
137.42,137.42,6426.6,6426.6
137.64,137.64,6531.9,6531.9
137.53,137.53,7557.6,7557.6
137.54,137.54,6198.5,6198.5
136.98,136.98,6006.2,6006.2
136.84,136.84,6782.9,6782.9
132.18,132.18,5822.5,5822.5
137.17,137.17,6039,6039
135.53,135.53,6387.2,6387.2
128.48,128.48,5680.6,5680.6
130.87,130.87,5905.9,5905.9
124.56,124.56,5511.2,5511.2
135.82,135.82,6013,6013
135.65,135.65,6009,6009
134.07,134.07,6356.8,6356.8
125.87,125.87,5594.4,5594.4
128.51,128.51,5783.6,5783.6
125.24,125.24,6231.2,6231.2
133.06,133.06,6809.4,6809.4
135.33,135.33,6627.3,6627.3
131.28,131.28,5862.5,5862.5
128.64,128.64,5789.2,5789.2
117.9,117.9,5276.9,5276.9
134.47,134.47,6021.4,6021.4
134.74,134.74,6100.7,6100.7
134.65,134.65,7281.1,7281.1
133.71,133.71,6009.4,6009.4
122.05,122.05,6157.4,6157.4
131.97,131.97,5974.5,5974.5
134.06,134.06,6623.5,6623.5
133.45,133.45,6019.1,6019.1
132.85,132.85,5998.9,5998.9
119.31,119.31,6260.5,6260.5
124.81,124.81,5667.7,5667.7
130.89,130.89,5927.6,5927.6
109.22,109.22,5175.5,5175.5
132.54,132.54,7482.2,7482.2
112.87,112.87,5135.4,5135.4
133.65,133.65,7042.3,7042.3
129.68,129.68,7151.2,7151.2
129.91,129.91,6113.4,6113.4
132.91,132.91,6079.1,6079.1
130.58,130.58,7228.1,7228.1
131.86,131.86,5973.5,5973.5
115.65,115.65,5626.7,5626.7
131.83,131.83,6060.6,6060.6
130.87,130.87,6481.4,6481.4
131.07,131.07,6043.1,6043.1
125.48,125.48,5787.4,5787.4
16.691,16.691,769.84,769.84
0,0,0,0
0,0,0,0
23.078,0,542.28,0
90.888,0,1706.7,0
133.1,0,1925.1,0
124.28,0,1788.8,0
126.06,0,1812.4,0
118.87,0,1708.4,0
111.21,0,1618.3,0
117.03,0,1874.1,0
190.08,0,3147.5,0
270.74,0,4481.8,0
337.19,0,5526.8,0
319.77,0,5339.3,0
323.43,0,5426.3,0
318.51,0,5446.6,0
295.51,0,5117,0
338.61,0,5701.8,0
318.68,0,5456.9,0
324.67,0,5533.5,0
326.73,0,5595.9,0
341.8,0,5779.6,0
336.27,0,5727.2,0
316.46,0,5453.3,0
328.67,0,5600.7,0
261.13,11.976,4820.7,353.63
340.8,113.64,5785,3355.8
335.49,54.447,5683.4,1607.8
344.7,55.976,5851.5,1716.6
311.15,107.38,5420.2,3096.5
327.04,57.031,5673.5,1644.5
308.81,0,5726.5,0
314.75,0,5644.2,0
315.31,0,5613.6,0
296.85,0,5787.8,0
284.13,0,5778.7,0
299.14,14.317,5790.3,489.03
260.94,81.875,5660.4,2796.7
265.2,56.255,5621.7,1637.1
278.79,137.43,5854.7,4013.5
262.23,115.07,5670.2,3831.4
268.35,92.229,5828.9,2760
245,106.16,5460.2,3192
249.22,150.4,5746.7,4461.2
244.02,138.93,5675.2,4475.5
214.7,74.292,5137,2370.3
237.68,97.651,5806,3216.9
226.89,73.379,5818.7,2739.6
227.89,124.26,5860.7,4102.3
209.86,187.43,5697.3,5697.3
214.89,214.24,6488.7,6488.7
212.33,81.143,5703.7,2575
211.31,175.94,5777.9,5583.5
201.17,68.007,5568.4,2421.1
205.62,188.87,6092.9,6092.9
202.75,194.16,6003.3,6003.3
197.65,48.482,5730.3,1827.3
189.45,95.234,5587.2,3630.5
189.59,74.755,5764.3,2674.6
190.1,143.16,5814.2,5072.7
175.33,151.52,5395.6,5113.8
186.78,186.78,7736.3,7736.3
186.41,172.58,6224.3,6224.3
182.03,64.683,5755.2,2778.3
174.5,70.926,5612.6,2811.5
178.32,150.08,5814.6,5771.4
173.89,115.41,5647.6,4558.4
175.9,175.9,6744.3,6744.3
166.17,120.42,5504.8,4631.4
167.44,74.09,5634.2,3066.3
154.47,60.971,5192.6,2477.8
171.52,104.99,5832.7,4266.6
168.94,157.79,6803.1,6803.1
164.49,148,6112.5,6112.5
167.96,157.31,6375.4,6375.4
158.49,85.368,5533.3,3670
144.31,37.025,5070.4,1530
159.53,159.53,6592.6,6592.6
159.82,154.46,6763.7,6763.7
156.62,94.113,5618.3,3893.4
156.57,156.57,6466.2,6466.2
158.2,127.81,5757.7,5531.1
138.94,88.157,5204.4,3815
157.44,83.352,5796.9,3663.7
156.2,139.85,6125,6125
157.51,127.68,5860.8,5291
153.52,148.17,6834.7,6834.7
152.49,97.486,5719.6,3823.9
149.9,149.9,6645.9,6645.9
151.83,149.86,6326.1,6326.1
148.39,107.14,5639.6,5031.7
150.81,144.9,6877.9,6877.9
143.47,143.47,7063.5,7063.5
150.07,143.92,6023,6023
146.15,115.29,5646.2,4567.6
114.64,106.88,4712.7,4712.7
141.07,141.07,6790.7,6790.7
143.63,143.63,5631.6,5631.6
147.63,147.63,6579.8,6579.8
135.29,135.29,6365.7,6365.7
143.38,143.38,5744.1,5744.1
146.2,146.2,6231.3,6231.3
135.76,135.76,5482.1,5482.1
145.63,145.63,6124.6,6124.6
143.36,143.36,7118.8,7118.8
140.82,140.82,6019.1,6019.1
137.61,137.61,6496.9,6496.9
129.38,129.38,5521.7,5521.7
141.99,141.99,6222.5,6222.5
139.35,139.35,5755.6,5755.6
140.65,140.65,5995.8,5995.8
135.56,135.56,5677.1,5677.1
143.45,143.45,6501.9,6501.9
139.53,139.53,6181.5,6181.5
132.32,132.32,6115.9,6115.9
140.41,140.41,6021.9,6021.9
140.46,140.46,5908.5,5908.5
139.98,139.98,5902.9,5902.9
138.25,138.25,5928.8,5928.8
136.41,136.41,6170.6,6170.6
140.87,140.87,6987.3,6987.3
128.5,128.5,6787,6787
130.3,130.3,6738.3,6738.3
135.44,135.44,7029.6,7029.6
134.84,134.84,5777.8,5777.8
138.2,138.2,5930.1,5930.1
139.7,139.7,6649.5,6649.5
131.85,131.85,5749.8,5749.8
124.28,124.28,5848.9,5848.9
138.35,138.35,5981.3,5981.3
132.54,132.54,5743,5743
138.48,138.48,7008.8,7008.8
127.48,127.48,6224.9,6224.9
99.062,99.062,5109.9,5109.9
136.5,136.5,6570.3,6570.3
133.18,133.18,6320.6,6320.6
136.12,136.12,7403.2,7403.2
135.31,135.31,6292,6292
133.96,133.96,5902.7,5902.7
135.43,135.43,6893.9,6893.9
129.71,129.71,5864.5,5864.5
133.5,133.5,5877.4,5877.4
134.21,134.21,6325.2,6325.2
133.37,133.37,5899.4,5899.4
135.65,135.65,6005.3,6005.3
125.15,125.15,5537.1,5537.1
136.46,136.46,6050.4,6050.4
131.26,131.26,5814.5,5814.5
135.76,135.76,6151,6151
121.79,121.79,5413.4,5413.4
130.46,130.46,5799.5,5799.5
132.19,132.19,6029.6,6029.6
129.76,129.76,6589.1,6589.1
135.62,135.62,6669.5,6669.5
127.74,127.74,5724.7,5724.7
124.6,124.6,5607.4,5607.4
116.71,116.71,5224,5224
132.41,132.41,5929.3,5929.3
130.38,130.38,6175.8,6175.8
130.34,130.34,7048,7048
130.06,130.06,5845.2,5845.2
124.86,124.86,6452.7,6452.7
134.39,134.39,6034.3,6034.3
129.73,129.73,6409.3,6409.3
132.74,132.74,5993.5,5993.5
128.55,128.55,5804.7,5804.7
127.47,127.47,6688.8,6688.8
131.35,131.35,5964.6,5964.6
126.66,126.66,5735.7,5735.7
105.68,105.68,5008,5008
128.28,128.28,7240.1,7240.1
109.22,109.22,4969.1,4969.1
132.82,132.82,6840.6,6840.6
126.21,126.21,6959.7,6959.7
125.71,125.71,5932.2,5932.2
132.18,132.18,6140.2,6140.2
126.35,126.35,6994.2,6994.2
129.33,129.33,5858.8,5858.8
112.7,112.7,5444.6,5444.6
132.39,132.39,6149.3,6149.3
126.63,126.63,6545.9,6545.9
126.83,126.83,5847.5,5847.5
121.42,121.42,5600.1,5600.1
16.151,16.151,744.93,744.93
0,0,0,0
0,0,0,0
30.001,0,704.97,0
118.06,0,2220.5,0
170.25,0,2462.5,0
159.07,0,2289.6,0
161.78,0,2325.9,0
153.54,0,2206.6,0
144.32,0,2100,0
151.27,0,2356.9,0
228.09,0,3776.9,0
303.43,0,5022.9,0
350.66,0,5747.7,0
336.37,0,5638.4,0
329.71,0,5531.7,0
334.21,0,5718.2,0
318.95,0,5522.8,0
340.51,0,5733.9,0
328.5,0,5625,0
333.32,0,5682.6,0
339.51,0,5814.6,0
345.95,0,5849.8,0
343.76,0,5854.8,0
329.69,0,5681.2,0
336.59,0,5735.7,0
274.89,14.031,5074.6,414.32
344.2,133.15,5842.7,3931.8
330.69,63.792,5602.1,1883.7
335.97,66.362,5703.2,2035.1
315,126.57,5635.1,3649.7
323.83,67.219,5617.9,1938.3
313.97,0,5822.3,0
313.74,0,5626,0
306.71,0,5573.8,0
299.19,0,5846.7,0
288.11,0,5859.7,0
292.17,17.499,5815,597.73
268.28,100.07,5819.7,3418.3
264.92,64.164,5615.7,1867.3
272.59,157.99,5831,4614.1
254.21,134.89,5825.5,4491.3
259.22,105.35,5743.9,3152.7
235.06,122.15,5238.6,3672.9
240.62,166.83,5860.6,4948.6
231.42,157.59,5669.4,5076.8
204.99,85.801,5225.7,2737.5
230.29,112.78,5773.3,3845
227.26,89.568,5852.3,3344
224.08,142.86,5854.6,4716.4
214.06,189.19,5795.6,5795.6
212.48,206.52,6254.9,6254.9
204.95,84.688,5522.8,2687.6
202.22,183.63,5827.5,5827.5
197.67,82.011,5735.4,2919.7
198.39,195.11,6294.2,6294.2
197.82,183.98,5819.5,5688.4
188.93,61.445,5477.3,2315.9
187.91,111.38,5757.7,4319.4
191.55,85.107,5823.9,3045
190.3,153.29,5820.1,5431.6
178.49,153.55,5705.9,5182.2
186.55,186.55,7726.8,7726.8
180.46,163.85,5909.3,5909.3
175.29,80.393,5711.1,3453.1
177.45,86.581,5821,3432
179.34,161.45,6208.6,6208.6
163.32,131.3,5304.5,5185.8
174.55,168.79,6471.7,6471.7
157.82,114.78,5371.9,4610.4
168.16,89.931,5681.7,3721.9
151.77,68.561,5140.5,2786.3
168.11,118.06,5782.1,4797.8
162.42,148.25,6391.5,6391.5
160.12,152.69,6306.2,6306.2
163.55,152.09,6164.1,6164.1
149.42,94.936,5252.3,4081.3
140.02,40.949,5068.5,1740.4
149.64,149.64,6183.8,6183.8
159.74,159.74,7006.9,7006.9
149.15,108.91,5350.5,4473.8
150.71,150.71,6224,6224
152.52,121.27,5550.8,5247.8
147.69,94.438,5532.3,3728.5
152.52,98.885,5616.1,4346.5
154.06,147.69,6468.4,6468.4
155.31,139.77,5792.1,5792.1
153.81,153.81,7094.8,7094.8
150.36,110.3,5690.8,4326.4
153.68,153.68,6813.7,6813.7
146.92,145.18,6128.4,6128.4
146.86,121.66,5713.8,5713.8
150.35,149.87,7113.9,7113.9
147.19,138.45,6816.1,6816.1
150.57,148.86,6230,6230
137.94,123.59,5328.1,4896.1
111.81,107.95,4760,4760
142.18,142.18,6844,6844
139.31,139.31,5948.8,5948.8
143.16,143.16,6284.9,6284.9
140.55,140.55,5968.4,5968.4
146.36,146.36,5895.9,5895.9
145.56,145.56,6541.4,6541.4
140.18,140.18,5661,5661
139.82,139.82,6380.3,6380.3
136.44,136.44,6775.5,6775.5
132.22,132.22,5680.7,5680.7
129.03,129.03,6091.6,6091.6
124.24,124.24,5717.9,5717.9
143.2,143.2,6145.8,6145.8
141.07,141.07,5826.6,5826.6
133.35,133.35,6617.4,6617.4
139.68,139.68,5849.6,5849.6
140.79,140.79,6381.4,6381.4
131.71,131.71,6300.4,6300.4
129.1,129.1,5747.1,5747.1
135.44,135.44,6610.1,6610.1
134.3,134.3,5649.7,5649.7
137.16,137.16,5784.1,5784.1
135.83,135.83,5824.8,5824.8
130.09,130.09,6688.2,6688.2
139.82,139.82,6935.3,6935.3
127.61,127.61,6739.9,6739.9
122.17,122.17,6492.7,6492.7
127.47,127.47,6591.1,6591.1
126.42,126.42,5417.2,5417.2
134.09,134.09,5809.4,5809.4
138.22,138.22,6543.2,6543.2
127.62,127.62,5552,5552
122.51,122.51,6398.7,6398.7
133.69,133.69,5779.8,5779.8
125.49,125.49,5484.9,5484.9
136.97,136.97,6932.4,6932.4
123.64,123.64,5836.4,5836.4
111.58,111.58,5795,5795
138.25,138.25,6654.5,6654.5
124.87,124.87,5926.2,5926.2
138,138,7026.8,7026.8
135.16,135.16,6188.6,6188.6
135.38,135.38,5965.4,5965.4
133.14,133.14,6789.1,6789.1
124.08,124.08,6428.8,6428.8
125.9,125.9,5717,5717
128.78,128.78,6069.3,6069.3
134.21,134.21,5936.4,5936.4
136.62,136.62,6048.2,6048.2
121.84,121.84,5390.5,5390.5
135.5,135.5,6007.9,6007.9
128.58,128.58,5702.6,5702.6
133.21,133.21,5909.2,5909.2
121.56,121.56,5525.8,5525.8
128.47,128.47,5718.9,5718.9
135.19,135.19,6044.8,6044.8
125.39,125.39,6177.9,6177.9
132.24,132.24,6503.5,6503.5
133.55,133.55,5984.9,5984.9
118.45,118.45,5349.1,5349.1
111.96,111.96,5011.1,5011.1
128.72,128.72,5783.9,5783.9
122.24,122.24,6057.8,6057.8
124.83,124.83,6610.5,6610.5
128.85,128.85,5806.2,5806.2
126.78,126.78,6552.2,6552.2
132.61,132.61,5954.4,5954.4
121.63,121.63,6009.4,6009.4
131.92,131.92,5956.3,5956.3
126.11,126.11,5663.8,5663.8
131.96,131.96,6924.5,6924.5
133.94,133.94,6082.2,6082.2
118.75,118.75,5377.7,5377.7
113.01,113.01,5134.3,5134.3
128.99,128.99,6788.2,6788.2
108.31,108.31,4961.8,4961.8
128.23,128.23,6438.5,6438.5
119.02,119.02,6563.1,6563.1
117.87,117.87,5577.7,5577.7
127.37,127.37,6101.4,6101.4
118.47,118.47,6557.7,6557.7
126.62,126.62,5799.6,5799.6
109.77,109.77,5104.8,5104.8
131.05,131.05,6739.7,6739.7
130.81,130.81,6405.8,6405.8
118.91,118.91,5503.9,5503.9
113.84,113.84,5250.6,5250.6
15.143,15.143,698.44,698.44
0,0,0,0
0,0,0,0
37.791,0,888.02,0
148.6,0,2799.3,0
211.01,0,3052,0
197.27,0,2839.4,0
201.17,0,2892.3,0
192.15,0,2761.7,0
181.48,0,2640.6,0
189.47,0,2921.5,0
265.21,0,4391.4,0
329.51,0,5454.6,0
353.35,0,5824.1,0
344.18,0,5769.4,0
327.8,0,5636.6,0
340.86,0,5837.2,0
333.55,0,5775.7,0
331.79,0,5587.1,0
328.11,0,5618.3,0
336.33,0,5804,0
341.83,0,5854.4,0
339.45,0,5834.7,0
340.51,0,5817.3,0
332.8,0,5734.9,0
334,0,5751.9,0
280.38,15.929,5176.1,470.37
336.85,151.16,5817.5,4463.6
315.84,72.42,5482.3,2138.5
317.29,76.233,5827.2,2337.8
309.01,144.55,5795.4,4168.1
310.7,76.768,5418.2,2213.7
309.31,0,5831.8,0
303.01,0,5684.6,0
289.07,0,5657.5,0
292.19,0,5809.2,0
283.08,0,5757.3,0
276.5,20.725,5844.8,707.92
267.27,118.52,5861,4048.5
256.41,70.912,5435.5,2063.7
261.9,175.99,5663.7,5149.7
251.81,153.21,5799.1,5101.4
242.63,116.6,5770.3,3489.3
218.52,136.18,4870,4094.9
237.77,179.31,5791.1,5318.8
226.5,173.21,5580.1,5580.1
196.9,96.016,5589.7,3063.4
221.83,129.28,5837.4,4453.1
221.48,105.93,5786.8,3955
217.66,159.15,5849.3,5254.2
211.57,192.07,6131.4,6131.4
203.58,192.9,5842.4,5842.4
193.28,85.645,5289.7,2717.9
199.99,185.71,5893.3,5893.3
200.14,95.828,5807,3411.6
195.3,195.3,6300.3,6300.3
196.68,168.92,5814.3,5428.2
174.98,75.455,5072.9,2843.9
190.78,128.4,5845.4,4979.6
189.31,93.885,5829.3,3359
184.58,159.04,5645.2,5635.3
182.89,150.77,5846.6,5088.4
180.54,180.54,7477.8,7477.8
169.28,154.57,5752.6,5752.6
176.95,96.816,5765.2,4158.6
178.32,102.41,5849.7,4059.4
176.8,168.29,6471.7,6471.7
148.64,144.73,5716.4,5716.4
170.96,160.29,6017.2,6017.2
160.69,128.45,5469.7,5159.3
164.31,105.77,5551.7,4377.4
146.97,74.703,4977.9,3035.9
164.4,128.63,5654.8,5227.6
151.3,134.95,5818.4,5818.4
152.64,152.64,6304.1,6304.1
155.05,142.49,5774.8,5774.8
144.55,102.3,5081.3,4397.8
146.52,52.597,5375.9,2213.9
148.39,136,5620.2,5620.2
160.08,160.08,7173.5,7173.5
146.5,122.11,5451.9,5016.3
140.56,140.56,6082,6082
142.47,119.58,5185.2,4824.5
152.12,109.6,5698.2,4327.2
143.18,113.67,5272,4996.4
151.12,151.12,6618.9,6618.9
148.4,148.25,6143.9,6143.9
154.71,154.71,7136.1,7136.1
149.64,120.92,5663.5,4743
152.67,152.67,6768.9,6768.9
146.2,136.27,5752.6,5752.6
147.27,133.86,6287,6287
150.2,150.2,7129.5,7129.5
147.06,129.45,6373.1,6373.1
150.4,150.4,6244,6244
129.66,129.66,5288.6,5288.6
105.66,105.65,4658.5,4658.5
138.85,138.85,6683.5,6683.5
135.14,135.14,6622.3,6622.3
134.79,134.79,5960.5,5960.5
145.04,145.04,5877.5,5877.5
144.77,144.77,5952.5,5952.5
144.58,144.58,6653.7,6653.7
140.26,140.26,5664.2,5664.2
139.37,139.37,6940.3,6940.3
125.83,125.83,6248.4,6248.4
120.28,120.28,5325.1,5325.1
117.22,117.22,5534.1,5534.1
129.82,129.82,5974.9,5974.9
139.94,139.94,5987.8,5987.8
138.37,138.37,5715.3,5715.3
136.71,136.71,7076.6,7076.6
139.45,139.45,5840.1,5840.1
133.89,133.89,6068.6,6068.6
135.06,135.06,6689,6689
129.81,129.81,5461.9,5461.9
137.98,137.98,7042.7,7042.7
128.89,128.89,5477,5477
138.95,138.95,5891.3,5891.3
130.27,130.27,5553.7,5553.7
136.62,136.62,7024,7024
135.6,135.6,6670,6670
130.51,130.51,6485.4,6485.4
119.83,119.83,6061.9,6061.9
127.98,127.98,6722.2,6722.2
127.29,127.29,5510.9,5510.9
132.52,132.52,6271.1,6271.1
132.75,132.75,6238.8,6238.8
132.28,132.28,5754.8,5754.8
129.86,129.86,6782.8,6782.8
125.18,125.18,5411.7,5411.7
124.95,124.95,5461.3,5461.3
136.86,136.86,6643.9,6643.9
122.19,122.19,6131,6131
122.61,122.61,6367.8,6367.8
135.67,135.67,6530.5,6530.5
124.42,124.42,5433.7,5433.7
135.56,135.56,6551.4,6551.4
130.82,130.82,5898,5898
132.57,132.57,5841.6,5841.6
127.05,127.05,6478.3,6478.3
131.79,131.79,6828.5,6828.5
130.71,130.71,5790.3,5790.3
123.69,123.69,5642.9,5642.9
130.86,130.86,5788.2,5788.2
133.32,133.32,5902.3,5902.3
114.93,114.93,5700.2,5700.2
130.37,130.37,5780.4,5780.4
127.22,127.22,5642.1,5642.1
126.65,126.65,5618.2,5618.2
128.47,128.47,5732.7,5732.7
122.58,122.58,5721.8,5721.8
133.97,133.97,5990.2,5990.2
117.41,117.41,5612.5,5612.5
135.23,135.23,6144.8,6144.8
135.28,135.28,6062.7,6062.7
119.26,119.26,5385.6,5385.6
104.06,104.06,4657.6,4657.6
133.13,133.13,5981.9,5981.9
111.05,111.05,5757.5,5757.5
128.95,128.95,6007.7,6007.7
128.58,128.58,5793.9,5793.9
124.74,124.74,6446.7,6446.7
126.79,126.79,5693.1,5693.1
114.61,114.61,5459.5,5459.5
131.46,131.46,5933.9,5933.9
122.9,122.9,5519.5,5519.5
132.37,132.37,6945.9,6945.9
132.34,132.34,6009.5,6009.5
121.15,121.15,5897.6,5897.6
117.66,117.66,5345.5,5345.5
129.24,129.24,6167,6167
119.48,119.48,5473.4,5473.4
119.95,119.95,5871.8,5871.8
108.75,108.75,5996.9,5996.9
107.08,107.08,5081.5,5081.5
120.01,120.01,6001.5,6001.5
115.89,115.89,5957.5,5957.5
131.48,131.48,6021.8,6021.8
115.86,115.86,5323.9,5323.9
127.84,127.84,7157.5,7157.5
131.91,131.91,6074.9,6074.9
116.03,116.03,5334.2,5334.2
103.42,103.42,4770,4770
13.757,13.757,634.51,634.51
0,0,0,0
0,0,0,0
46.126,0,1083.9,0
181.23,0,3419.3,0
253.4,0,3665.3,0
237.05,0,3412,0
242.39,0,3484.8,0
233.02,0,3349,0
221.11,0,3217.3,0
229.93,0,3545.5,0
298.78,0,4947.4,0
346.72,0,5739.5,0
354.32,0,5842.9,0
341.24,0,5720.1,0
335.53,0,5821.5,0
337.15,0,5773.7,0
337.99,0,5852.6,0
321.63,0,5749.1,0
317.54,0,5766.6,0
335.02,0,5801.2,0
333.48,0,5711.4,0
331.81,0,5823.2,0
333.65,0,5788.8,0
325.52,0,5641.6,0
325.2,0,5674.2,0
277.11,17.522,5226.6,517.41
319.41,166.28,5852.3,4910
292.29,79.663,5657,2352.4
295.12,84.852,5837.6,2602.1
293.71,159.95,5857.6,4612.4
288.84,84.951,5511.1,2449.6
295.26,0,5826.4,0
283.57,0,5783.8,0
266.93,0,5564.2,0
276.5,0,5781.6,0
269.5,0,5631,0
263.3,23.783,5708.2,812.39
258,136.01,5767.5,4646
240.48,75.937,5097.7,2210
245.31,189.96,5828.7,5620.8
242.89,168.62,5673.7,5614.5
234.55,125.04,5616.8,4057.3
196.84,147.11,4643.5,4423.6
227.66,186.74,5544.8,5539.2
214.8,184.47,5942.8,5942.8
204.07,104.11,5793.5,3321.7
216.01,145.08,5719,4997.2
209.14,121.4,5859,4532.5
211.01,171.79,5705.4,5671.5
202.6,196.89,6285.2,6285.2
188.99,174.58,5287.6,5287.6
179.37,83.923,5030.5,2663.3
192.57,181.97,6119,6119
196.34,108.5,5696.8,3862.6
189.42,189.42,6110.5,6110.5
190.81,166.61,5767.6,5622.2
157.03,89.783,4552.5,3383.9
187.67,143.43,5750.3,5562.5
183.72,100.35,5735,3590.4
173.47,159.88,5665,5665
181.58,143.44,5804.8,4841.2
177.05,169.3,7012,7012
162.64,162.64,6053,6053
173.08,112.97,5660.3,4852.6
173.64,117.37,5696.1,4652.4
172.71,169.97,6536.4,6536.4
154.59,154.59,6105.6,6105.6
162.25,151.65,5609.5,5609.5
158.54,139.28,5594.3,5594.3
161.67,120.53,5721.4,4988.4
137.9,78.868,4879.8,3205.2
155.79,135.8,5519.1,5519.1
148.02,119.04,5336.5,5132.3
148.52,147.85,6106.3,6106.3
158.79,131.15,5766.8,5563.3
135.5,106.81,4763.2,4591.8
150.58,65.461,5524.9,2755.3
150.88,133.96,5839.1,5839.1
155.43,155.43,7116.1,7116.1
152.68,132.67,5742.4,5449.9
133.1,129.56,5794.9,5794.9
131.46,131.46,5114.8,5114.8
151.82,123.26,5686.9,4866.2
130.23,126.61,5565.2,5565.2
149.84,149.84,6562.7,6562.7
152.37,152.37,6314.6,6314.6
150.78,150.78,6954.8,6954.8
144.3,128.44,5461.3,5038.2
146.96,146.96,6515.6,6515.6
140.96,123.94,5391.6,5232.1
145.8,142.72,6702.8,6702.8
147.79,147.79,6923.2,6923.2
142.36,117.28,5773.9,5773.9
148.14,148.14,6063.8,6063.8
138.52,138.52,5650,5650
100.99,100.99,4417.6,4417.6
141.28,141.28,6324.2,6324.2
136.67,136.67,7143.1,7143.1
135.81,135.81,6235.6,6235.6
145.04,145.04,6341.5,6341.5
144.74,144.74,6103.1,6103.1
144.61,144.61,6557.8,6557.8
136.99,136.99,5710.7,5710.7
139.88,139.88,7315,7315
117.55,117.55,5583.5,5583.5
125.36,125.36,5642.5,5642.5
105.8,105.8,4871.6,4871.6
131.45,131.45,6049.6,6049.6
132.51,132.51,5721.1,5721.1
131.52,131.52,5432,5432
141.4,141.4,7332.7,7332.7
134.91,134.91,5649.6,5649.6
123.38,123.38,5592,5592
138.94,138.94,6881,6881
126.48,126.48,5321.7,5321.7
140.23,140.23,7270.5,7270.5
132.05,132.05,5625.4,5625.4
140.14,140.14,5941.8,5941.8
129.6,129.6,5633.5,5633.5
139.03,139.03,7147.7,7147.7
136.99,136.99,6215.6,6215.6
134.46,134.46,6046.7,6046.7
129.65,129.65,5620.8,5620.8
129.08,129.08,6779.7,6779.7
129.34,129.34,5607.9,5607.9
136.7,136.7,6559.4,6559.4
137.67,137.67,6331.2,6331.2
132.86,132.86,5779.7,5779.7
133.38,133.38,6966.8,6966.8
113.57,113.57,5314.7,5314.7
122.93,122.93,5388.3,5388.3
137.39,137.39,6169.7,6169.7
118.78,118.78,6267.1,6267.1
130.55,130.55,6780,6780
135.51,135.51,6209.8,6209.8
121.19,121.19,5292.4,5292.4
129.04,129.04,6235.9,6235.9
122.69,122.69,5446.4,5446.4
125.79,125.79,5542.8,5542.8
127.51,127.51,6033.2,6033.2
135.64,135.64,7027.9,7027.9
134.86,134.86,5974.5,5974.5
131.02,131.02,5895.4,5895.4
123.63,123.63,6042,6042
126.07,126.07,5581.1,5581.1
112.61,112.61,6067.7,6067.7
121.54,121.54,5388.8,5388.8
126.14,126.14,5642.8,5642.8
126.42,126.42,5705.4,5705.4
131.55,131.55,5870.3,5870.3
121.42,121.42,6416.8,6416.8
130.18,130.18,5823,5823
118.05,118.05,5811.6,5811.6
134.12,134.12,5999.4,5999.4
132.78,132.78,5950.8,5950.8
125.24,125.24,5622.8,5622.8
93.714,93.714,4194.6,4194.6
133.41,133.41,6036.6,6036.6
110.59,110.59,5623.6,5623.6
129.06,129.06,5813.5,5813.5
124.32,124.32,5602,5602
118.92,118.92,6146,6146
119.63,119.63,5405.8,5405.8
124.58,124.58,5583,5583
128.99,128.99,5822.4,5822.4
116.05,116.05,5212,5212
128.66,128.66,6751.1,6751.1
126.7,126.7,5753.4,5753.4
128.89,128.89,6506.8,6506.8
118.7,118.7,5392.5,5392.5
125.48,125.48,5618,5618
127.71,127.71,5850.4,5850.4
108.73,108.73,5938.3,5938.3
96.281,96.281,5309.4,5309.4
94.261,94.261,4485.7,4485.7
127.75,127.75,6664.4,6664.4
119.97,119.97,5507.3,5507.3
132.27,132.27,6058.4,6058.4
118.5,118.5,5445,5445
131.55,131.55,7365.1,7365.1
128.89,128.89,5935.7,5935.7
118.77,118.77,5460.3,5460.3
91.037,91.037,4198.9,4198.9
12.11,12.11,558.55,558.55
0,0,0,0
0,0,0,0
54.551,0,1281.8,0
214.16,0,4047.1,0
294.87,0,4265,0
276.01,0,3972.8,0
282.98,0,4068.4,0
273.8,0,3935.1,0
261.03,0,3798.2,0
270.37,0,4169.1,0
326.16,0,5400.7,0
353.51,0,5851.8,0
344.42,0,5797.1,0
327.82,0,5495.2,0
335.78,0,5825.8,0
324.77,0,5573.4,0
331.86,0,5746.5,0
320.78,0,5815.5,0
316.82,0,5796.2,0
323.35,0,5821.6,0
315.23,0,5398.9,0
323.4,0,5706.3,0
320.4,0,5840.2,0
309.43,0,5395.8,0
310.85,0,5423.8,0
265.37,18.676,5262.7,551.48
296.65,177.23,5704.5,5233.4
267.44,84.91,5658.7,2507.3
286.47,91.514,5794.5,2806.4
277.71,171.51,5816.8,4945.5
260.19,91.087,5431.5,2626.5
273.09,2.4423,5640.2,70.426
257.14,0,5701.9,0
254.38,0,5486.2,0
257.81,0,5647.4,0
248.6,0,5713.1,0
249.16,26.446,5401.7,903.34
242.67,151.24,5657.4,5166
218.53,78.794,5071.6,2293.1
222.91,198.66,5944.5,5944.5
227.01,179.82,5987.3,5987.3
221.23,129.94,5297.7,4632.1
177.53,153.99,4630.4,4630.4
211.21,188.44,5589.6,5589.6
197.38,190.37,6132.5,6132.5
204.94,109.38,5818.2,3489.9
205.06,157.75,5578.2,5433.7
202.03,134.81,5747.9,5033
199.43,179.68,5931.9,5931.9
195.56,195.56,6242.8,6242.8
174.43,153.1,4883.8,4636.9
166.29,79.682,5029.6,2528.7
179.67,178.55,6190,6190
186.64,119.03,5415.3,4237.4
178.01,178.01,6279.9,6279.9
183.4,167.21,5853.7,5642.3
143.53,103.52,4949.1,3901.5
178.88,155.24,6020.7,6020.7
175.06,103.93,5510.5,4132.3
157.97,155.73,5658.3,5658.3
174.7,132.24,5854.3,4462.9
174.55,169.97,6371.1,6371.1
165.82,165.82,6171.3,6171.3
167.94,127.74,5806.7,5486.7
163.83,130.34,5374.2,5166.6
166.34,166.34,6396.8,6396.8
159.99,159.99,6318.8,6318.8
154.69,139.03,5528.7,5142.6
151.56,146.33,5877.6,5877.6
161.71,133.1,5722.8,5508.3
138.18,80.68,4920.9,3278.8
143.05,138.92,5645.9,5645.9
147.58,101.74,5320.7,4386.5
151.96,138.76,5802.2,5802.2
157.87,136.64,5828.9,5796.1
123.08,108.06,4645.4,4645.4
149.95,78.942,5501.7,3322.7
148.65,142.76,6222.5,6222.5
147.58,147.58,6840,6840
155.83,139.66,5860.7,5737.1
123.83,119.61,5350,5350
140.03,140.03,5448.4,5448.4
146.81,134.31,5572.5,5302.5
136.65,136.65,6006.3,6006.3
149.58,149.58,6626.4,6626.4
151.75,151.75,6288.5,6288.5
142.38,142.38,6567.7,6567.7
134.83,132.2,5185.6,5185.6
139.15,139.15,6417.8,6417.8
131.69,127.19,5237.7,5237.7
147.43,147.43,6924.2,6924.2
147.97,147.97,6616.5,6616.5
133.54,123.54,5170.3,5094.4
141.39,141.39,5706,5706
143.39,143.39,5848.7,5848.7
114.74,114.74,4813,4813
144.49,144.49,6447.2,6447.2
142.84,142.84,7465.6,7465.6
137.75,137.75,6321,6321
140.53,140.53,6629.6,6629.6
144.87,144.87,6389.9,6389.9
140.16,140.16,6262.6,6262.6
139.5,139.5,5815.4,5815.4
142.18,142.18,7470.6,7470.6
124.77,124.77,5448,5448
128.71,128.71,5793.3,5793.3
118.62,118.62,5060.6,5060.6
128.96,128.96,5935,5935
121.57,121.57,5296.5,5296.5
121.2,121.2,5010.5,5010.5
141.97,141.97,7362.2,7362.2
126.45,126.45,5295.6,5295.6
123.5,123.5,5360.1,5360.1
138.49,138.49,6858.8,6858.8
119.4,119.4,5024,5024
140.28,140.28,7272.7,7272.7
134.25,134.25,5719.3,5719.3
136.95,136.95,5838.5,5838.5
131.88,131.88,5853.5,5853.5
137.08,137.08,7047.8,7047.8
134.09,134.09,6030.3,6030.3
137.72,137.72,5947.2,5947.2
135.93,135.93,5892.7,5892.7
126.14,126.14,6625.3,6625.3
134.77,134.77,5875.3,5875.3
138.55,138.55,6647.9,6647.9
138.34,138.34,6362,6362
129.29,129.29,5624.6,5624.6
136.42,136.42,6933.5,6933.5
101.03,101.03,5236.9,5236.9
123.23,123.23,5401.6,5401.6
133.63,133.63,5826.6,5826.6
117.65,117.65,6207.3,6207.3
134.68,134.68,6994.8,6994.8
137.08,137.08,6021.3,6021.3
115.45,115.45,5131.6,5131.6
119.01,119.01,5809.5,5809.5
111.49,111.49,4932.1,4932.1
115.65,115.65,5095.9,5095.9
133.44,133.44,6004.6,6004.6
135.27,135.27,7008.5,7008.5
134.83,134.83,5973.1,5973.1
134.48,134.48,6063.9,6063.9
121.88,121.88,6647.5,6647.5
115.5,115.5,5113.4,5113.4
116.15,116.15,6258.4,6258.4
109.79,109.79,4867.8,4867.8
132.75,132.75,5939,5939
124.83,124.83,5633.8,5633.8
130.53,130.53,5824.6,5824.6
128.4,128.4,6972.8,6972.8
130.9,130.9,5876.1,5876.1
120.69,120.69,5941.8,5941.8
128.88,128.88,5765.2,5765.2
126.29,126.29,5659.6,5659.6
130.77,130.77,5871.2,5871.2
102.72,102.72,4662.8,4662.8
129.54,129.54,6537,6537
120.72,120.72,6195.1,6195.1
125.17,125.17,5638.2,5638.2
119.26,119.26,5377.1,5377.1
111.04,111.04,5677.3,5677.3
125.12,125.12,5662.9,5662.9
131.21,131.21,5880.2,5880.2
122.64,122.64,5535.6,5535.6
106.18,106.18,4817,4817
121.16,121.16,6358,6358
117.53,117.53,5337.1,5337.1
132.86,132.86,7006.1,7006.1
126.35,126.35,5761.4,5761.4
122.98,122.98,5619,5619
132.27,132.27,6059.1,6059.1
110.78,110.78,6411.6,6411.6
88.055,88.055,4554.8,4554.8
80.4,80.4,3836.8,3836.8
131.77,131.77,7170.8,7170.8
126.08,126.08,5758.4,5758.4
128.94,128.94,5905.9,5905.9
117.43,117.43,5396,5396
131.16,131.16,7343.5,7343.5
122.03,122.03,5619.7,5619.7
117.8,117.8,5415.8,5415.8
79.071,79.071,4438.2,4438.2
10.329,10.329,476.41,476.41
0,0,0,0
0,0,0,0
62.511,0,1468.9,0
245.21,0,4641.4,0
332.47,0,4808.9,0
311.4,0,4482.2,0
320.12,0,4602.3,0
311.73,0,4480.3,0
298.59,0,4344.8,0
308.06,0,4750.3,0
344.99,0,5712.5,0
349.23,0,5836.9,0
324.41,0,5858.7,0
305.15,0,5115.2,0
325.59,0,5649.1,0
305.24,0,5304.5,0
315.73,0,5467,0
314.41,0,5700.1,0
308.55,0,5645,0
310.16,0,5660.7,0
288.73,0,4945.1,0
307.07,0,5418.1,0
298.12,0,5709.2,0
286.76,0,5000.5,0
287.9,0,5023.5,0
246.24,19.288,5134.6,569.55
279.8,183.03,5404.9,5404.9
255.42,87.692,5484.6,2589.5
269.44,95.635,5820.1,2932.8
261.86,178.19,5669.7,5138.1
236.58,94.634,5186.8,2728.8
249.18,2.5374,5359.7,73.168
241.11,0,5446.7,0
234.89,0,5277.8,0
234.4,0,5344.9,0
224.12,0,5616.3,0
228.47,28.493,4953,973.27
223.52,162.95,5566,5566
192.42,79.22,5046.9,2305.5
215.38,201.32,6091.6,6091.6
211.13,185.8,6186.6,6186.6
202.18,137.97,5124,5124
166.4,156.19,4696.4,4696.4
189.86,184.25,5465.3,5465.3
190.34,190.34,6131.9,6131.9
199.43,111.35,5661.6,3552.8
188.62,166.21,5724.9,5724.9
192.04,145.04,5463.8,5415.2
182.63,182.1,6011.7,6011.7
188.21,188.21,6008.2,6008.2
159.21,130.09,4457.6,3940.1
161.1,73.307,4872.7,2463.5
178.38,176.48,6067.3,6067.3
171.9,126.52,4987.8,4522.6
173.8,173.8,6276.9,6276.9
179.3,162.59,5766.6,5486.7
151.23,115.64,5214.5,4358.5
165.36,162.81,6314.2,6314.2
163.18,112.5,5240.8,4762.8
155.23,154.54,5789.8,5789.8
171.63,118.12,5751.3,3986.5
167.52,167.52,6194,6194
163.81,163.81,6096.6,6096.6
166.93,139.94,6011,6011
149.77,140.25,5559.4,5559.4
157.73,157.73,6065.8,6065.8
160.43,160.43,6336.5,6336.5
155.22,132.87,5547.8,5206.5
148.97,148.97,5983.5,5983.5
156.72,142.4,5893.5,5893.5
135.02,84.923,4808.2,3528
146.04,137.7,5617.6,5596.2
142.57,111.76,5140.2,4548.9
155.31,132.16,5846.8,5819.1
157.26,143.97,6051.2,6051.2
108.32,105.93,4553.8,4553.8
144.69,92.243,5308.5,3882.6
147.41,147.41,6425.2,6425.2
137.45,137.45,6370.5,6370.5
154.1,142.46,5852,5852
111.63,107,4785.9,4785.9
144.53,144.53,5623.6,5623.6
145.1,141.8,5598.4,5598.4
142.9,142.9,6281,6281
150.29,150.29,6658,6658
148.03,148.03,6068.2,6068.2
130.28,130.28,6009.5,6009.5
131.84,131.84,5487.8,5487.8
136.22,136.22,6282.8,6282.8
135.45,135.45,5578,5578
147.58,147.58,6930.9,6930.9
143.55,143.55,6418.8,6418.8
128.56,128.56,5301.5,5301.5
130.75,130.75,5202.6,5202.6
143.83,143.83,5866.4,5866.4
126.32,126.32,5298.6,5298.6
143.19,143.19,6559.4,6559.4
144.66,144.66,7560.4,7560.4
136.42,136.42,6208.5,6208.5
139.64,139.64,6715.6,6715.6
142.02,142.02,6482.4,6482.4
131.62,131.62,5795,5795
140.21,140.21,5820.6,5820.6
140.7,140.7,7392.7,7392.7
133.49,133.49,5828.5,5828.5
131.46,131.46,5763.4,5763.4
128.86,128.86,5497.5,5497.5
122.59,122.59,5641.8,5641.8
127.71,127.71,5417.2,5417.2
115.1,115.1,4815,4815
140.89,140.89,7162.3,7162.3
127.62,127.62,5440.8,5440.8
131.54,131.54,5708.9,5708.9
133.76,133.76,6624.4,6624.4
114.41,114.41,5612.2,5612.2
136.03,136.03,7049,7049
132.25,132.25,5634.1,5634.1
139.05,139.05,5948,5948
132.77,132.77,5893.3,5893.3
139.19,139.19,6733.4,6733.4
133.71,133.71,6491.3,6491.3
136.68,136.68,5885.4,5885.4
138.08,138.08,5986,5986
125.75,125.75,6273.5,6273.5
136.81,136.81,5964.5,5964.5
136.06,136.06,6528.4,6528.4
134.7,134.7,6194.5,6194.5
125.03,125.03,5460.5,5460.5
135.87,135.87,6686.2,6686.2
96.46,96.46,5000,5000
119.7,119.7,5246.8,5246.8
127.99,127.99,5859.4,5859.4
114.89,114.89,6101.2,6101.2
134.63,134.63,6992.3,6992.3
134.36,134.36,6020.1,6020.1
125.42,125.42,5574.7,5574.7
125.99,125.99,6144.1,6144.1
105.06,105.06,4641.8,4641.8
116.54,116.54,5203.8,5203.8
135.32,135.32,6002.8,6002.8
130.7,130.7,6772.2,6772.2
130.62,130.62,5786.3,5786.3
134.45,134.45,6256.4,6256.4
129.93,129.93,7086.7,7086.7
107.62,107.62,4749.3,4749.3
116.08,116.08,6254.6,6254.6
99.726,99.726,4431.1,4431.1
135.38,135.38,6056.6,6056.6
119.44,119.44,5390.4,5390.4
125.49,125.49,5599.8,5599.8
132.1,132.1,7341.8,7341.8
133.63,133.63,5998.5,5998.5
119.56,119.56,5886.3,5886.3
120.01,120.01,5368.1,5368.1
116.38,116.38,5215.5,5215.5
132.31,132.31,5940.2,5940.2
114.95,114.95,5217.8,5217.8
130.4,130.4,6859.1,6859.1
128.86,128.86,6612.7,6612.7
127.36,127.36,5768.1,5768.1
119.13,119.13,5371.1,5371.1
117.76,117.76,5318.8,5318.8
130.6,130.6,5911.3,5911.3
133.9,133.9,6000.8,6000.8
112.98,112.98,5099.5,5099.5
112.26,112.26,5101.7,5101.7
117.72,117.72,5801.9,5801.9
110.04,110.04,5062.3,5062.3
132.7,132.7,7309.4,7309.4
131.52,131.52,5997.1,5997.1
124.47,124.47,5687.2,5687.2
132.73,132.73,6080.4,6080.4
115.9,115.9,6707.7,6707.7
96.667,96.667,4507.2,4507.2
76.557,76.557,3518.3,3518.3
131.69,131.69,7476.1,7476.1
128.4,128.4,6201.4,6201.4
129.27,129.27,5949.3,5949.3
112.76,112.76,5181.4,5181.4
126.72,126.72,7094.6,7094.6
111.94,111.94,5155.4,5155.4
118.26,118.26,5464,5464
84.696,84.696,4754,4754
8.5365,8.5365,393.73,393.73
0,0,0,0
0,0,0,0
69.409,0,1631,0
272.06,0,5157.7,0
363.22,0,5253.7,0
340.42,0,4899.8,0
350.88,0,5044.6,0
343.9,0,4942.6,0
336.18,0,4869,0
340.1,0,5244.3,0
353.58,0,5854.7,0
335.23,0,5653.5,0
301.86,0,5737.2,0
275.23,0,4613.6,0
305.91,0,5307.7,0
286.05,0,4984.5,0
291.05,0,5039.7,0
298.6,0,5413.5,0
291.17,0,5327,0
292.22,0,5333.3,0
256.45,0,4438.9,0
282.5,0,4984.7,0
268.78,0,5407.9,0
257.5,0,4612.8,0
258.37,0,4693.7,0
229.82,19.301,4854,569.95
256.06,183.16,5408.6,5408.6
239.88,87.753,5150.8,2591.3
245.55,96.838,5664.2,2969.7
240.78,179.38,5354.7,5172.4
218.9,95.266,4799.4,2747.1
226.47,2.5544,5206.1,73.657
223.17,0,5085.4,0
210.16,0,4919.7,0
211.02,0,5170.7,0
210.64,0,5349.8,0
202.98,29.746,4400.5,1016.1
200.6,170.11,5810.7,5810.7
180.71,77.174,4868.7,2245.9
201.64,197.67,6048.6,6048.6
200.99,186.03,6194.1,6194.1
179.03,147.89,5492.3,5492.3
153.49,153.49,4615.4,4615.4
178.97,174.56,5784.2,5784.2
184.42,184.42,5940.9,5940.9
188.04,109.84,5338.2,3504.5
177.18,169.68,5844.4,5844.4
176.88,151.21,5645.5,5645.5
178.81,178.81,5903.3,5903.3
175.52,175.52,6185.4,6185.4
140.8,107.11,3942.3,3244
151.22,69.261,4574,2492.7
175.32,173.87,5791.7,5791.7
153.42,130.32,4677.2,4677.2
168.32,168.32,6079,6079
171.15,153.2,5504.4,5299.8
154.39,125.18,5323.6,4718
167.77,165.45,6416.5,6416.5
150.37,125.64,5319,5319
153.61,153.22,5740.5,5740.5
163.37,102.24,5474.7,3450.4
159.97,159.97,5914.9,5914.9
156.81,156.81,5835.7,5835.7
160.78,148.55,6380.9,6380.9
146.23,146.23,5997.8,5997.8
145.44,144.93,6169.1,6169.1
155.88,155.88,6156.8,6156.8
150.92,133.7,5394.2,5239.2
146.94,146.94,5902.2,5902.2
154.45,147.63,6109.8,6109.8
127.83,92.688,4552.3,3850.6
151.39,132.26,5823.7,5374.8
133.46,123.45,5025,5025
153.81,128.43,5790.4,5654.9
152.78,148.14,6226.7,6226.7
102,102,4539.2,4539.2
135.27,104.44,4963.1,4395.9
147.49,147.49,6500.1,6500.1
129.3,129.3,5749,5749
147.66,140.8,5783.9,5783.9
97.508,92.743,4148.3,4148.3
144.55,144.55,5624.2,5624.2
145.07,145.07,5727.4,5727.4
144.79,144.79,6364.4,6364.4
146.32,146.32,6482,6482
147.52,147.52,5827.3,5827.3
115.51,115.51,5328.1,5328.1
127.41,127.41,5989.2,5989.2
133.08,133.08,5959.7,5959.7
139.77,139.77,5755.9,5755.9
143.13,143.13,6722.2,6722.2
134.93,134.93,6033.7,6033.7
129.63,129.63,5345.8,5345.8
126.1,126.1,5343.8,5343.8
139.78,139.78,5701.5,5701.5
134.74,134.74,5703.4,5703.4
137.49,137.49,6466.3,6466.3
141.94,141.94,7418.8,7418.8
130.92,130.92,5908.7,5908.7
137.06,137.06,6591.6,6591.6
139.23,139.23,6372.2,6372.2
119.77,119.77,5195.9,5195.9
137.72,137.72,5717.2,5717.2
134.9,134.9,7088.4,7088.4
138.37,138.37,6042,6042
132.42,132.42,5555.6,5555.6
135.64,135.64,5786.7,5786.7
128.05,128.05,5545.5,5545.5
131.99,131.99,5598.7,5598.7
107.68,107.68,4504.6,4504.6
137.8,137.8,6751.4,6751.4
129.39,129.39,5571,5571
135.75,135.75,5891.7,5891.7
125.18,125.18,6199.4,6199.4
123.98,123.98,6081.6,6081.6
128.45,128.45,6620.1,6620.1
132.41,132.41,5967.7,5967.7
137.26,137.26,5871.5,5871.5
129.52,129.52,5749.1,5749.1
137.29,137.29,6233.4,6233.4
136.02,136.02,6770.5,6770.5
136.1,136.1,5927.4,5927.4
135.91,135.91,5922.3,5922.3
132.64,132.64,5818.5,5818.5
134.57,134.57,5866.9,5866.9
135.94,135.94,6212,6212
131.73,131.73,5844.1,5844.1
126.56,126.56,5563.9,5563.9
131.11,131.11,6247.5,6247.5
89.237,89.237,4625.6,4625.6
112.66,112.66,4938.3,4938.3
133.65,133.65,6100.9,6100.9
124.64,124.64,6579.6,6579.6
130.41,130.41,6772.8,6772.8
135.04,135.04,6234,6234
132.02,132.02,5868,5868
130.57,130.57,6296.2,6296.2
102.97,102.97,4549.6,4549.6
123.82,123.82,5528.4,5528.4
132.97,132.97,5898.3,5898.3
127.25,127.25,6340.6,6340.6
122.6,122.6,5466.5,5466.5
134.41,134.41,6254.6,6254.6
134.22,134.22,7320.3,7320.3
107.29,107.29,4734.7,4734.7
112.41,112.41,6056.8,6056.8
91.817,91.817,4079.7,4079.7
133.78,133.78,5984.7,5984.7
123.04,123.04,5496.7,5496.7
122.82,122.82,5527.2,5527.2
134.77,134.77,7490.2,7490.2
132.18,132.18,5933.4,5933.4
126.41,126.41,5803.3,5803.3
108.27,108.27,4843.2,4843.2
111.22,111.22,4999,4999
129.71,129.71,5823.5,5823.5
124.64,124.64,5657.7,5657.7
132.58,132.58,6973.6,6973.6
133.28,133.28,6839.4,6839.4
130.15,130.15,5894.7,5894.7
115.3,115.3,5198.5,5198.5
124.06,124.06,5712.5,5712.5
132.1,132.1,5979.1,5979.1
132.4,132.4,5933.8,5933.8
100.84,100.84,4551.9,4551.9
115.21,115.21,5235.4,5235.4
114.96,114.96,5207,5207
111.56,111.56,5132.2,5132.2
132.48,132.48,7389.2,7389.2
132.64,132.64,6048.6,6048.6
122.07,122.07,5577.5,5577.5
129.06,129.06,5912.4,5912.4
117.48,117.48,6799.6,6799.6
102.83,102.83,4794.4,4794.4
82.866,82.866,3808.3,3808.3
131.48,131.48,7552.4,7552.4
126.7,126.7,6480.3,6480.3
131.03,131.03,6030.4,6030.4
104.91,104.91,4820.8,4820.8
127,127,6641.3,6641.3
108.95,108.95,4997.1,4997.1
120.78,120.78,5555.3,5555.3
87.905,87.905,4934.1,4934.1
6.836,6.836,315.3,315.3
0,0,0,0
0,0,0,0
74.675,0,1754.7,0
292.47,0,5553.5,0
384.5,0,5561.5,0
360.58,0,5190,0
372.66,0,5357.7,0
374.17,0,5381.6,0
368.71,0,5340.2,0
363.82,0,5610,0
351.13,0,5814.1,0
314.61,0,5305.8,0
280.56,0,5443.7,0
240.54,0,4032,0
278.5,0,4924.6,0
260.45,0,4538.4,0
259.97,0,4501.6,0
274.78,0,4981.7,0
266.24,0,4961.7,0
266.77,0,4868.9,0
226.58,0,3922,0
251.84,0,4484.6,0
242.43,0,4963.4,0
224.04,0,4149.8,0
224.67,0,4312.7,0
210.52,18.715,4446.3,552.64
227.06,177.6,5244.4,5244.4
218.28,85.088,4687.2,2512.6
216.84,95.011,5341.4,2913.7
215.09,174.97,5064.4,5064.4
196.27,92.925,4303,2679.6
199.44,2.4916,4899.8,71.847
200.15,0,4687.6,0
187.15,0,4443.6,0
184.06,0,4852.5,0
194.41,0,4937.7,0
174.74,30.09,3788.3,1027.8
179.01,172.08,5877.8,5877.8
166.74,72.848,4551,2120
188.07,188.07,5819.3,5819.3
185.39,180.47,6009.1,6009.1
153.62,153.6,5704.2,5704.2
146.16,146.16,4395,4395
163.64,160.25,5941.6,5941.6
173.12,173.12,5813.6,5813.6
171.79,104.99,4877,3349.6
167.84,167.84,5781.1,5781.1
157.86,152.75,5703,5703
170.14,170.14,5616.9,5616.9
164.54,164.54,6210.3,6210.3
120.66,85.447,3378.3,2588
137.55,67.908,4160.4,2444.1
166.97,165.97,5597.5,5597.5
132.67,130.06,4964.9,4964.9
157.95,157.95,5704.5,5704.5
158.29,141.43,5526.6,5526.6
152.72,131.29,5266.2,4948.4
164.94,162.91,6318,6318
135.96,135.96,5755.8,5755.8
147.28,147.2,5514.9,5514.9
150.69,85.74,5049.6,3144.8
148.02,148.02,5473.1,5473.1
145.44,145.44,5651.6,5651.6
152.8,152.8,6563.3,6563.3
147.73,147.73,6313.8,6313.8
147.81,147.81,6335.2,6335.2
146.76,146.76,5853.3,5853.3
142.19,130.37,5108.4,5108.4
140.45,140.45,5656.7,5656.7
148.79,148.3,6205.3,6205.3
117.27,98.022,4176.1,4072.2
152.08,123.08,5849.9,5001.9
132.14,132.14,5378.7,5378.7
148.96,120.93,5732,5324.6
147.71,147.71,6208.3,6208.3
112.51,112.51,5006.6,5006.6
122.54,114.57,4822.6,4822.6
144.86,144.86,6391.6,6391.6
131.74,131.74,5296.7,5296.7
138.65,138.65,5761.2,5761.2
82.529,81.555,3567.7,3567.7
140.08,140.08,5450.2,5450.2
143.8,143.8,5677.4,5677.4
142.16,142.16,6248.7,6248.7
138.03,138.03,6114.8,6114.8
142.44,142.44,5626.8,5626.8
101.75,101.75,4577.2,4577.2
131.89,131.89,6333.3,6333.3
135.85,135.85,5655.1,5655.1
139.75,139.75,5755,5755
134.51,134.51,6317.4,6317.4
122.9,122.9,5495.6,5495.6
126.66,126.66,5223,5223
127.39,127.39,5398.8,5398.8
133.21,133.21,6018.6,6018.6
139.27,139.27,5968.4,5968.4
131.28,131.28,6176.7,6176.7
134.96,134.96,7053.7,7053.7
124.64,124.64,5448.8,5448.8
130.35,130.35,6268.9,6268.9
139.59,139.59,6069.3,6069.3
128.11,128.11,5522.8,5522.8
131.07,131.07,5441.3,5441.3
137.87,137.87,6585.6,6585.6
138.99,138.99,6068.9,6068.9
129.25,129.25,5812.2,5812.2
138.34,138.34,5902,5902
132.67,132.67,5745.6,5745.6
132.18,132.18,5606.6,5606.6
110.68,110.68,5026.6,5026.6
130.59,130.59,6166.6,6166.6
133.48,133.48,5806,5806
135.75,135.75,5919.6,5919.6
113.51,113.51,5621.5,5621.5
130.18,130.18,6385.7,6385.7
118.07,118.07,6024.3,6024.3
136.76,136.76,6370.8,6370.8
131.29,131.29,5616,5616
122.43,122.43,5434.3,5434.3
131.21,131.21,5807.6,5807.6
135.75,135.75,6842.6,6842.6
134.93,134.93,5876.1,5876.1
136.63,136.63,6064.2,6064.2
135.57,135.57,5946.9,5946.9
128.26,128.26,5591.8,5591.8
131.72,131.72,5800.7,5800.7
132.88,132.88,5877.3,5877.3
131.06,131.06,5761.7,5761.7
122.87,122.87,5797.5,5797.5
79.992,79.992,4146.3,4146.3
114.57,114.57,5079.7,5079.7
135.22,135.22,6155.2,6155.2
131.03,131.03,6875.2,6875.2
122.39,122.39,6356.5,6356.5
132.59,132.59,6255.1,6255.1
134.65,134.65,5985,5985
131.12,131.12,6251.8,6251.8
97.789,97.789,4320.7,4320.7
127.46,127.46,5691,5691
126.6,126.6,6017.6,6017.6
125.97,125.97,5752.3,5752.3
122.36,122.36,5460.1,5460.1
130.2,130.2,6058.6,6058.6
134.34,134.34,7326.8,7326.8
107.06,107.06,4799.3,4799.3
105.47,105.47,5683.1,5683.1
81.911,81.911,3639.5,3639.5
132.27,132.27,5932.1,5932.1
129.24,129.24,5773.5,5773.5
126.49,126.49,5692.5,5692.5
133.23,133.23,7404.4,7404.4
126.68,126.68,5976.7,5976.7
132.2,132.2,6068.8,6068.8
94.651,94.651,4339.4,4339.4
121.41,121.41,5457.4,5457.4
126.57,126.57,5682.5,5682.5
130.96,130.96,5944.2,5944.2
130.61,130.61,6869.9,6869.9
133.57,133.57,6854.1,6854.1
128.88,128.88,5837,5837
108.13,108.13,4875.2,4875.2
127.8,127.8,6071,6071
129.47,129.47,5859.8,5859.8
126.86,126.86,5685.3,5685.3
99.337,99.337,4536.5,4536.5
114.56,114.56,5205.9,5205.9
121.84,121.84,5521.9,5521.9
109.59,109.59,5041.6,5041.6
129.77,129.77,7237.8,7237.8
129.63,129.63,5911.1,5911.1
128.09,128.09,5883.5,5883.5
124.64,124.64,5642.3,5642.3
120.05,120.05,6678.7,6678.7
105.98,105.98,4941.5,4941.5
90.24,90.24,4156.7,4156.7
128.26,128.26,7392.6,7392.6
125.93,125.93,6561.5,6561.5
128.69,128.69,5922.8,5922.8
94.583,94.583,4346.1,4346.1
130.67,130.67,6420.4,6420.4
103.28,103.28,4737,4737
127.53,127.53,5796.1,5796.1
88.402,88.402,4962,4962
5.3043,5.3043,244.65,244.65
0,0,0,0
0,0,0,0
77.847,0,1829.2,0
304.64,0,5793.9,0
394.93,0,5744.5,0
380,0,5507.2,0
385.05,0,5536.7,0
396.39,0,5701.1,0
391.84,0,5675.1,0
377.1,0,5814.9,0
337.87,0,5594.6,0
286.09,0,4824.9,0
252.66,0,5004.9,0
203.69,0,3484.7,0
245.67,0,4466.2,0
229.77,0,4003.9,0
225,0,3896,0
245.01,0,4441.9,0
235.89,0,4479,0
235.98,0,4306.9,0
193.98,0,3357.7,0
217.53,0,3988.3,0
215.6,0,4414,0
192.37,0,3617.4,0
189.3,0,3839.6,0
186.85,17.583,3946.3,519.22
195.09,166.86,4927.2,4927.2
192.47,79.942,4132.8,2360.6
198.08,90.325,4880.6,2770
190.72,165.37,4814.6,4814.6
170.5,87.828,3738.2,2532.6
173.39,2.3549,4468.4,67.906
173.93,0,4196.3,0
163.79,0,3888.9,0
165.02,0,4412.4,0
173.87,0,4415.8,0
145.76,29.492,3160,1007.4
168.66,168.66,5761.2,5761.2
151.02,66.629,4121.9,1939
173.38,173.38,5425,5425
169.64,169.64,5777,5777
154.57,154.57,5740.4,5740.4
134.86,134.86,4389.2,4389.2
156.77,156.77,5913.9,5913.9
162.57,162.57,5668,5668
152.08,97.228,4317.3,3102.1
160.87,160.87,5541,5541
149.51,149.51,5582.1,5582.1
156.86,156.86,5178.5,5178.5
160.07,160.07,6041.7,6041.7
100.19,66.051,2805.1,2000.5
121.22,64.515,3666.6,2321.9
154.07,153.52,5317.8,5317.8
125.77,125.77,5231.3,5231.3
143.62,143.62,5187,5187
142.9,142.9,5584.3,5584.3
146.39,133.43,5047.7,5029.1
157.11,155.43,6300.8,6300.8
142.56,142.56,6035,6035
137.02,137.02,5133.6,5133.6
134.67,77.725,4513,3776.3
132.71,132.71,4907,4907
136.6,136.6,5979.1,5979.1
152.29,152.29,6541.3,6541.3
148.79,148.79,6440.1,6440.1
147.08,147.08,6303.8,6303.8
141.33,141.33,5902.7,5902.7
129.8,123.16,4826.2,4826.2
136.97,136.97,6009.6,6009.6
146.93,146.93,6158.6,6158.6
104.24,100.44,4172.8,4172.8
148.02,110.98,5693.8,4510.3
137.05,137.05,5578.5,5578.5
143.49,110.33,5521.5,4858
142.7,142.7,5997.8,5997.8
120.24,120.24,5350.7,5350.7
121.79,121.79,5126.4,5126.4
138.02,138.02,6089.8,6089.8
130.06,130.06,5378.5,5378.5
141.57,141.57,5882.4,5882.4
92.341,92.341,4039.6,4039.6
131.53,131.53,5117.6,5117.6
138.12,138.12,5453.1,5453.1
139.26,139.26,5944.6,5944.6
126.16,126.16,5589.2,5589.2
133.27,133.27,5264.5,5264.5
105.89,105.89,4457.1,4457.1
135.14,135.14,6489.4,6489.4
137.66,137.66,5730.7,5730.7
135.39,135.39,5618.4,5618.4
124.94,124.94,5752.6,5752.6
110.09,110.09,5109.7,5109.7
119.91,119.91,4944.7,4944.7
124.71,124.71,5284.9,5284.9
128.84,128.84,6517.3,6517.3
139.66,139.66,6051.8,6051.8
124.49,124.49,5716.8,5716.8
128.85,128.85,6498.4,6498.4
121.54,121.54,5141.5,5141.5
123.04,123.04,5776.9,5776.9
138.72,138.72,5873.3,5873.3
133.19,133.19,5741.4,5741.4
121.08,121.08,5317.6,5317.6
139.24,139.24,5934.8,5934.8
135.27,135.27,5955.6,5955.6
129.06,129.06,6120.1,6120.1
136.72,136.72,5832.7,5832.7
133.19,133.19,5768.1,5768.1
128.26,128.26,5440.2,5440.2
121.64,121.64,5524.3,5524.3
119.91,119.91,5457.5,5457.5
136.86,136.86,5953.1,5953.1
131.53,131.53,6497,6497
116.82,116.82,5175,5175
132.44,132.44,6496.8,6496.8
108.72,108.72,5311.8,5311.8
136.86,136.86,6590,6590
121.67,121.67,5570.6,5570.6
124.13,124.13,5494.4,5494.4
121.5,121.5,5378.1,5378.1
132.94,132.94,6700.7,6700.7
129.61,129.61,5644.4,5644.4
135.56,135.56,6016.7,6016.7
134.26,134.26,5889.5,5889.5
118.45,118.45,5164.1,5164.1
135.29,135.29,5978.1,5978.1
134.94,134.94,5968.4,5968.4
131.51,131.51,5856.9,5856.9
130.21,130.21,6143.7,6143.7
69.478,69.478,3601.4,3601.4
115.56,115.56,5123.5,5123.5
132.56,132.56,6017.1,6017.1
133.46,133.46,6961,6961
111.3,111.3,5780.5,5780.5
126.14,126.14,6081.5,6081.5
133.07,133.07,5914.8,5914.8
127.58,127.58,6015,6015
95.89,95.89,4344.9,4344.9
127.13,127.13,5676.5,5676.5
123.32,123.32,6403.2,6403.2
120.83,120.83,5401.6,5401.6
118.42,118.42,5284.4,5284.4
122.2,122.2,5686.6,5686.6
130.6,130.6,7105.7,7105.7
109.09,109.09,4890.4,4890.4
107.15,107.15,5166.9,5166.9
80.84,80.84,3631.5,3631.5
127.93,127.93,5737.4,5737.4
131.53,131.53,5876,5876
126.23,126.23,5680.7,5680.7
127.61,127.61,7092.3,7092.3
126.13,126.13,6360.4,6360.4
133.95,133.95,6149.3,6149.3
85.442,85.442,4377.9,4377.9
128.43,128.43,5772.8,5772.8
121.22,121.22,5442,5442
133.31,133.31,6051.2,6051.2
124.67,124.67,6557.6,6557.6
129.7,129.7,6655.7,6655.7
123.66,123.66,5600.4,5600.4
107.66,107.66,4880,4880
128.7,128.7,6251.7,6251.7
122.94,122.94,5564.6,5564.6
117.77,117.77,5278.1,5278.1
110.83,110.83,5061.1,5061.1
110.55,110.55,5045.4,5045.4
128.78,128.78,5836,5836
112.1,112.1,5161.4,5161.4
123.16,123.16,6869.5,6869.5
122.75,122.75,5597.4,5597.4
131.02,131.02,6018.2,6018.2
125.98,125.98,5702.7,5702.7
122.5,122.5,6356.3,6356.3
105.84,105.84,4935,4935
95.585,95.585,4403,4403
121.23,121.23,7011.5,7011.5
123.55,123.55,6437.5,6437.5
126.83,126.83,5860.7,5860.7
87.681,87.681,4056.4,4056.4
130.28,130.28,6401.2,6401.2
102.15,102.15,4695.4,4695.4
130.49,130.49,5930.2,5930.2
86.142,86.142,4835.1,4835.1
4.1856,4.1856,234.94,234.94
0,0,0,0
0,0,0,0
78.633,0,1847.7,0
324.32,0,5857.1,0
402.88,0,5860,0
394.9,0,5723.2,0
391.33,0,5626.9,0
406.88,0,5852.1,0
403.48,0,5843.7,0
380.69,0,5848.8,0
315.02,0,5216.2,0
252.08,0,4251.3,0
220.48,0,4458.6,0
172.55,0,2976.3,0
209.98,0,3924.8,0
196.42,0,3422.7,0
188.69,0,3267.2,0
211.69,0,3837.7,0
203.68,0,3917.7,0
202.26,0,3692.1,0
160.91,0,2829,0
182.06,0,3436.8,0
185.78,0,3803.5,0
162.48,0,3087,0
161.1,0,3312.3,0
160.69,16.007,3393.9,472.67
162.42,151.9,4485.5,4485.5
164.43,72.775,3530.9,2149
175.37,83.204,4321.1,2551.6
163.87,151.45,4435,4435
143.52,80.432,3146.7,2319.3
153.21,0,3948.5,0
147.34,0,3639.8,0
138.89,0,3297.7,0
145.4,0,3887.7,0
150.66,0,3826.5,0
117.81,28.009,2680.6,956.74
160.18,160.18,5471.5,5471.5
132.53,59.049,3617.4,1718.4
155.36,155.36,4900.3,4900.3
154.51,154.51,5392.7,5392.7
150.72,150.72,5597.4,5597.4
120.57,120.57,4583.6,4583.6
151.19,151.19,5703.5,5703.5
153.58,153.58,5354.5,5354.5
130.44,87.248,3703.2,2783.7
149.4,149.4,5146,5146
141.8,141.8,5435.1,5435.1
140.13,140.13,4626.1,4626.1
151.38,151.38,5695.1,5695.1
80.606,49.472,2628.4,1498.4
103.52,59.388,3131.1,2137.4
137.76,137.59,4895.2,4895.2
128.19,128.19,5340.8,5340.8
126.54,126.54,4569.9,4569.9
139.91,139.91,5762.3,5762.3
135.96,131.4,4952.3,4952.3
146.46,146.46,6314.7,6314.7
144.83,144.83,6131.3,6131.3
123.59,123.59,4630.3,4630.3
116.62,90.435,4393.9,4393.9
115.29,115.29,4262.8,4262.8
140.03,140.03,6129.2,6129.2
147.07,147.07,6317,6317
147.06,147.06,6365,6365
141.81,141.81,6304.3,6304.3
138.1,138.1,5840.4,5840.4
114.81,112.75,4502.9,4502.9
141,141,6186.2,6186.2
141.29,141.29,5922.4,5922.4
99.731,99.731,4143.2,4143.2
139.59,96.969,5369.7,3940.8
137.73,137.73,5724,5724
133.92,100.78,5153.5,4943.3
133.58,133.58,5837.4,5837.4
124.52,124.52,5541,5541
125.45,125.45,5280.1,5280.1
130.96,130.96,5644.8,5644.8
129.56,129.56,5307.9,5307.9
140.06,140.06,5819.6,5819.6
101.31,101.31,4431.8,4431.8
119.67,119.67,5197.5,5197.5
128.54,128.54,5075,5075
138.63,138.63,6179.7,6179.7
118.24,118.24,5309.3,5309.3
120.82,120.82,4772.6,4772.6
106.77,106.77,4494.2,4494.2
134.17,134.17,6442.8,6442.8
135.17,135.17,5626.9,5626.9
137.16,137.16,5840.2,5840.2
119.9,119.9,5075.6,5075.6
109.74,109.74,5093.7,5093.7
109.99,109.99,4708.3,4708.3
118.29,118.29,5012.8,5012.8
135.19,135.19,6838.2,6838.2
137.22,137.22,5945.9,5945.9
130.41,130.41,5644.4,5644.4
133.7,133.7,5805.9,5805.9
114.83,114.83,5010.5,5010.5
128.87,128.87,5624.9,5624.9
133.57,133.57,5655.2,5655.2
134.16,134.16,5783.5,5783.5
120.1,120.1,5376.5,5376.5
136.26,136.26,5892.7,5892.7
127.57,127.57,6226.1,6226.1
131.68,131.68,6244.2,6244.2
130.92,130.92,5585.2,5585.2
129.56,129.56,5610.8,5610.8
120.59,120.59,5114.8,5114.8
129.53,129.53,5882.8,5882.8
106.69,106.69,4680,4680
135.97,135.97,5914.3,5914.3
130.13,130.13,6909.4,6909.4
123.9,123.9,5488.7,5488.7
130.56,130.56,6404.5,6404.5
97.012,97.012,4538.2,4538.2
132.72,132.72,6605.1,6605.1
126.35,126.35,5970.7,5970.7
129.66,129.66,5739.2,5739.2
114.79,114.79,5045.6,5045.6
129.3,129.3,6358,6358
120.63,120.63,5253.5,5253.5
130.32,130.32,5784.2,5784.2
128.83,128.83,5651.5,5651.5
106,106,4768,4768
135.1,135.1,5969.6,5969.6
134.77,134.77,5964.2,5964.2
127.86,127.86,6215.5,6215.5
133.7,133.7,6308.4,6308.4
58.472,58.472,3030.9,3030.9
112.94,112.94,5007.2,5007.2
125.92,125.92,5699.4,5699.4
133.46,133.46,6829.1,6829.1
102.11,102.11,5093.6,5093.6
116.28,116.28,5729,5729
127.43,127.43,5678.8,5678.8
120.28,120.28,5607.4,5607.4
100.51,100.51,4554.4,4554.4
122.87,122.87,5486.2,5486.2
126.61,126.61,6602,6602
122.08,122.08,5476.4,5476.4
111.05,111.05,4955.6,4955.6
125.84,125.84,5960.4,5960.4
133.58,133.58,6677.2,6677.2
107.71,107.71,4930.2,4930.2
105.98,105.98,4983.5,4983.5
88.722,88.722,4039,4039
119.89,119.89,5376.8,5376.8
129.71,129.71,5794.6,5794.6
122.06,122.06,5493,5493
118.44,118.44,6582.5,6582.5
130.06,130.06,6558.6,6558.6
131.52,131.52,6037.5,6037.5
83.525,83.525,4279.7,4279.7
131.63,131.63,5916.8,5916.8
124.13,124.13,5691.2,5691.2
131.5,131.5,5969,5969
118.34,118.34,6065.1,6065.1
126.17,126.17,6262.3,6262.3
117.52,117.52,5363.5,5363.5
111.4,111.4,5049.6,5049.6
128.41,128.41,6237.9,6237.9
113.13,113.13,5120.3,5120.3
108.92,108.92,5112.3,5112.3
119.8,119.8,5471.1,5471.1
110.41,110.41,5039.1,5039.1
131.88,131.88,5976.5,5976.5
121.24,121.24,5582.5,5582.5
113.27,113.27,6317.4,6317.4
119.39,119.39,5490.8,5490.8
129.86,129.86,5964.7,5964.7
123.37,123.37,5584.8,5584.8
121.12,121.12,5861.7,5861.7
102.42,102.42,4775.5,4775.5
98.104,98.104,4519,4519
124.55,124.55,6443.5,6443.5
128.75,128.75,6398.2,6398.2
124.83,124.83,5768.5,5768.5
88.369,88.369,4088.3,4088.3
125.86,125.86,6183.9,6183.9
102.72,102.72,4721.4,4721.4
129.36,129.36,5879,5879
81.334,81.334,4565.3,4565.3
3.952,3.952,221.82,221.82
0,0,0,0
0,0,0,0
76.962,0,1808.4,0
336.93,0,5737.2,0
401.92,0,5845.7,0
397.64,0,5762.9,0
401.69,0,5787.3,0
407.03,0,5856.9,0
404.11,0,5849.9,0
386.44,0,5850.4,0
284.59,0,4860.2,0
215.22,0,3629.6,0
190.21,0,3848.6,0
142.8,0,2463.1,0
178.5,0,3341.8,0
162.69,0,2835,0
153.32,0,2654.9,0
177.21,0,3212.7,0
172.62,0,3320.3,0
167.97,0,3083.2,0
129.34,0,2334.3,0
147.65,0,2869.6,0
155.12,0,3175.7,0
132.98,0,2587.8,0
134.66,0,2768.6,0
133.9,14.12,2828.1,416.94
133.99,133.99,3956.6,3956.6
136.12,64.194,2923,1895.6
150.45,74.265,3707,2277.4
136.42,134.39,3958.5,3958.5
117.06,71.373,2566.6,2058.1
131.18,0,3380.7,0
123.83,0,3059.1,0
114.12,0,2709.6,0
124.13,0,3319,0
126.5,0,3212.9,0
92.263,25.775,2234.3,880.42
147.4,147.4,5035,5035
112.7,50.706,3076,1475.7
135.98,135.98,4289,4289
139.18,139.18,4877.6,4877.6
142.4,142.4,5288.6,5288.6
105.01,105.01,4638,4638
141.29,141.29,5329.8,5329.8
140.58,140.58,4901.3,4901.3
108.41,75.862,3077.8,2420.4
134.44,134.44,4630.7,4630.7
130.31,130.31,5712,5712
121.29,121.29,4428.9,4428.9
139.29,139.29,5201.8,5201.8
62.838,35.904,2845.3,1302.9
85.657,52.971,2590.9,1906.4
121.32,121.32,4366.2,4366.2
126.81,126.81,5283.3,5283.3
110.74,110.74,4181.9,4181.9
132.73,132.73,5776.4,5776.4
125.37,125.37,5097.1,5097.1
143.31,143.31,6132,6132
142.58,142.58,6035.8,6035.8
108.01,108.01,4046.7,4046.7
101.96,101.96,4953.6,4953.6
97.044,97.044,3588.3,3588.3
139.08,139.08,6087.9,6087.9
137.61,137.61,5911,5911
140.83,140.83,6095.5,6095.5
132.76,132.76,6532.9,6532.9
130.75,130.75,5908.4,5908.4
109.01,109.01,4780,4780
140.63,140.63,6170.4,6170.4
131.65,131.65,5518.5,5518.5
95.948,95.948,3986,3986
127.56,82.093,4906.9,3647.6
134.58,134.58,5942.8,5942.8
121.12,107.82,5289,5289
133.92,133.92,6066.9,6066.9
124.94,124.94,5559.8,5559.8
125.2,125.2,5269.6,5269.6
134.23,134.23,5785.7,5785.7
125.96,125.96,5160.6,5160.6
134.26,134.26,5578.7,5578.7
107.69,107.69,4711.2,4711.2
114.67,114.67,5374.9,5374.9
115.92,115.92,4819.8,4819.8
136.49,136.49,6338.1,6338.1
120.12,120.12,5322.7,5322.7
108.04,108.04,4844.4,4844.4
104.31,104.31,4738.5,4738.5
129.07,129.07,6198,6198
128.6,128.6,5453.1,5453.1
138.15,138.15,5882.3,5882.3
111.48,111.48,4633.5,4633.5
106,106,4920,4920
113.5,113.5,4951.9,4951.9
108.71,108.71,4607.1,4607.1
137.44,137.44,6952.2,6952.2
130.63,130.63,5660.4,5660.4
132.37,132.37,5729.3,5729.3
134.42,134.42,5837.3,5837.3
122.71,122.71,5439.1,5439.1
130.78,130.78,5708.4,5708.4
124.61,124.61,5276.1,5276.1
130.95,130.95,5644.9,5644.9
117.66,117.66,5267.3,5267.3
129.2,129.2,5725.8,5725.8
123.44,123.44,6306.7,6306.7
130.18,130.18,6173,6173
121.47,121.47,5182.2,5182.2
128.12,128.12,5685.2,5685.2
109.85,109.85,4659.6,4659.6
133.66,133.66,6070.1,6070.1
92.626,92.626,3948.5,3948.5
130.89,130.89,5693.4,5693.4
134.1,134.1,7119.8,7119.8
127.33,127.33,5640.7,5640.7
124.71,124.71,6117.6,6117.6
90.379,90.379,4117.9,4117.9
124.97,124.97,6414.7,6414.7
131.22,131.22,6200.9,6200.9
131.24,131.24,5808.8,5808.8
111.32,111.32,4892.9,4892.9
130.51,130.51,6253.7,6253.7
108.79,108.79,4884.9,4884.9
121.4,121.4,5388.1,5388.1
119.79,119.79,5254.7,5254.7
108.19,108.19,5300.8,5300.8
130.72,130.72,5776.1,5776.1
133.13,133.13,5891.3,5891.3
131.39,131.39,6391.2,6391.2
133.02,133.02,6276.4,6276.4
47.682,47.682,2471.6,2471.6
110.47,110.47,5063.5,5063.5
115.9,115.9,5231,5231
129.38,129.38,6491.6,6491.6
96.265,96.265,4348.9,4348.9
113.13,113.13,5229.4,5229.4
124.05,124.05,5745,5745
109.87,109.87,5065.2,5065.2
102.09,102.09,4625.8,4625.8
115.06,115.06,5137.6,5137.6
127.81,127.81,6595.6,6595.6
125.32,125.32,5625.4,5625.4
117.44,117.44,5323.8,5323.8
129.55,129.55,6136.1,6136.1
132.38,132.38,6079.8,6079.8
106.22,106.22,5220.6,5220.6
101.56,101.56,4775.9,4775.9
100.56,100.56,4578,4578
108.87,108.87,4882.4,4882.4
125.02,125.02,5934.9,5934.9
114.36,114.36,5146.5,5146.5
119.87,119.87,6609.5,6609.5
129.95,129.95,6552.9,6552.9
125.12,125.12,5743.7,5743.7
79.117,79.117,4053.9,4053.9
130.73,130.73,5876.1,5876.1
129.94,129.94,5957.3,5957.3
132.52,132.52,6049.8,6049.8
111.84,111.84,5435.5,5435.5
131.13,131.13,5852.3,5852.3
123.84,123.84,5651.9,5651.9
111.69,111.69,5062.8,5062.8
124.15,124.15,6030.8,6030.8
116.27,116.27,5256.6,5256.6
117.89,117.89,5533.1,5533.1
125.49,125.49,5730.6,5730.6
106.85,106.85,4945.9,4945.9
130.86,130.86,5930.4,5930.4
127.06,127.06,5850.5,5850.5
107.27,107.27,5629.4,5629.4
120.16,120.16,5526.4,5526.4
124.71,124.71,5728.3,5728.3
117.07,117.07,5299.5,5299.5
116.03,116.03,5762.8,5762.8
97.028,97.028,4477.7,4477.7
97.562,97.562,4494,4494
127.14,127.14,5858.8,5858.8
131.05,131.05,6512.1,6512.1
119.05,119.05,5501.5,5501.5
86.298,86.298,3992.4,3992.4
120.03,120.03,5788.5,5788.5
100.08,100.08,4600.1,4600.1
124.26,124.26,5647.3,5647.3
74.41,74.41,4176.6,4176.6
3.6155,3.6155,202.94,202.94
0,0,0,0
0,0,0,0
72.987,0,1715,0
345.5,0,5630.6,0
398.21,0,5791.8,0
404.14,0,5853.9,0
406.81,0,5861.1,0
406.39,0,5848.9,0
399.66,0,5788.1,0
380.11,0,5754.4,0
254.88,0,4484.6,0
178.04,0,3002.7,0
159.09,0,3218.9,0
114.51,0,1975.2,0
147.27,0,2757.1,0
130.57,0,2275.3,0
120.72,0,2090.3,0
143.75,0,2641.7,0
141.76,0,2726.7,0
135.17,0,2494.8,0
102.24,0,1866.3,0
118.51,0,2321.6,0
125.49,0,2569.2,0
105.45,0,2102.1,0
109.06,0,2242.4,0
108.12,12.068,2283.5,356.36
114.52,114.52,3381.7,3381.7
109.19,54.867,2344.6,1620.2
125.06,64.228,3081.4,1969.6
115.55,115.55,3423.5,3423.5
92.516,61.367,2028.4,1769.6
108.83,0,2804.7,0
100.84,0,2491.3,0
90.858,0,2157.3,0
102.68,0,2745.5,0
102.92,0,2613.9,0
70.745,22.982,1804.4,785.03
131.43,131.43,4489.5,4489.5
92.859,42.19,2534.5,1296.2
115.32,115.32,3637.4,3637.4
121.98,121.98,4274.8,4274.8
130.37,130.37,4861.1,4861.1
102.96,102.96,4547.4,4547.4
127.93,127.93,4825.9,4825.9
124.68,124.68,4639.7,4639.7
87.307,63.914,2478.6,2039.2
117.22,117.22,4037.7,4037.7
124.42,124.42,5816.6,5816.6
101.73,101.73,4456.2,4456.2
124.19,124.19,4874.4,4631.9
61.966,30.551,2984.5,1153.1
68.676,45.78,2077.2,1647.7
104.85,104.85,3773.5,3773.5
121.55,121.55,5064.1,5064.1
99.012,99.012,3739,3739
128.78,128.78,5610.7,5610.7
115.91,115.91,5099.7,5099.7
135.88,135.88,5769.8,5769.8
136,136,5757.2,5757.2
91.466,91.466,3426.9,3426.9
111.38,111.38,5411.3,5411.3
79.215,79.215,3517.6,3517.6
137.45,137.45,5859.2,5859.2
124.77,124.77,5359.3,5359.3
130.68,130.68,5656.1,5656.1
133.31,133.31,6559.5,6559.5
125.36,125.36,5791.6,5791.6
112.12,112.12,4916.6,4916.6
135.92,135.92,5963.4,5963.4
118.87,118.87,4982.4,4982.4
89.443,89.443,3748,3748
112.95,85.285,4344.7,3831.5
135.39,135.39,5978.4,5978.4
111.78,111.78,5483.1,5483.1
134.86,134.86,6109.6,6109.6
121.47,121.47,5405.5,5405.5
121.07,121.07,5095.9,5095.9
133.31,133.31,5808.9,5808.9
118.67,118.67,4861.7,4861.7
124.71,124.71,5319.7,5319.7
110.93,110.93,4852.7,4852.7
114.91,114.91,5385.8,5385.8
105.89,105.89,4728.9,4728.9
135.68,135.68,6298.6,6298.6
122.82,122.82,5390.6,5390.6
112.46,112.46,5042.8,5042.8
107.9,107.9,5063.2,5063.2
125.96,125.96,5804.1,5804.1
125.83,125.83,5450.3,5450.3
134.83,134.83,5740.8,5740.8
100.44,100.44,4174.5,4174.5
99.208,99.208,4604.7,4604.7
115.66,115.66,5438.7,5438.7
96.811,96.811,4102.8,4102.8
135.39,135.39,6848.6,6848.6
123.13,123.13,5465.8,5465.8
130.19,130.19,5635,5635
130.95,130.95,5686.6,5686.6
129.07,129.07,5721,5721
128.6,128.6,5613.4,5613.4
112.65,112.65,4898.1,4898.1
123.84,123.84,5726.3,5726.3
111.69,111.69,5000.1,5000.1
118.7,118.7,5390.9,5390.9
121.15,121.15,6190.1,6190.1
124.7,124.7,5932.2,5932.2
109.2,109.2,4659,4659
131.81,131.81,5849.2,5849.2
96.97,96.97,4113.1,4113.1
133.63,133.63,6068.8,6068.8
80.155,80.155,3615.5,3615.5
122.09,122.09,5310.6,5310.6
133.89,133.89,7108.8,7108.8
126.79,126.79,5616.9,5616.9
117.36,117.36,5662.1,5662.1
102.76,102.76,4681.8,4681.8
117.6,117.6,6036.4,6036.4
132.05,132.05,6240,6240
128.7,128.7,5696.7,5696.7
104.6,104.6,4597.5,4597.5
127.65,127.65,6116.5,6116.5
113.06,113.06,5403.3,5403.3
117.86,117.86,5226.7,5226.7
107.92,107.92,4734.2,4734.2
116.54,116.54,5710.2,5710.2
122.55,122.55,5415.3,5415.3
127.42,127.42,5638.7,5638.7
130.91,130.91,6367.8,6367.8
128.24,128.24,6050.8,6050.8
48.118,48.118,2283.5,2283.5
120.19,120.19,5509.2,5509.2
107.97,107.97,4865.4,4865.4
128.39,128.39,5979.3,5979.3
95.656,95.656,4282.7,4282.7
113.53,113.53,5087.8,5087.8
128.45,128.45,5816.1,5816.1
109.22,109.22,4947.2,4947.2
100.47,100.47,4552.4,4552.4
104.41,104.41,4661.9,4661.9
130.58,130.58,6384.6,6384.6
130.27,130.27,5847.7,5847.7
124.47,124.47,5642.4,5642.4
129.23,129.23,6120.8,6120.8
129.96,129.96,5880.7,5880.7
108.99,108.99,5356.5,5356.5
94.307,94.307,4434.8,4434.8
110.44,110.44,5027.7,5027.7
95.788,95.788,4295.8,4295.8
124.16,124.16,5893.9,5893.9
103.82,103.82,4672.2,4672.2
118.86,118.86,6554,6554
125.8,125.8,6344,6344
125.59,125.59,5636.1,5636.1
84.873,84.873,3886.9,3886.9
125.8,125.8,5654.6,5654.6
131.79,131.79,6042.2,6042.2
130.5,130.5,5957.3,5957.3
102.41,102.41,4720,4720
132.06,132.06,5893.8,5893.8
126.45,126.45,5770.8,5770.8
108.51,108.51,4918.5,4918.5
116.3,116.3,5649.6,5649.6
120.48,120.48,5447.3,5447.3
123.63,123.63,5802.5,5802.5
127.36,127.36,5816.1,5816.1
111.48,111.48,5554.4,5554.4
125.82,125.82,5701.9,5701.9
129.02,129.02,5940.9,5940.9
98.562,98.562,4860.5,4860.5
117.19,117.19,5389.6,5389.6
116.05,116.05,5330.3,5330.3
107.64,107.64,4872.7,4872.7
113.99,113.99,5937.5,5937.5
95.636,95.636,4334.2,4334.2
94.011,94.011,4330.5,4330.5
128.76,128.76,5855.8,5855.8
129.24,129.24,6422.3,6422.3
124.05,124.05,5697,5697
81.658,81.658,3777.8,3777.8
125.53,125.53,5844.3,5844.3
99.017,99.017,4581,4581
122.08,122.08,5977.8,5977.8
65.961,65.961,3702.4,3702.4
3.205,3.205,179.9,179.9
0,0,0,0
0,0,0,0
67.068,0,1576,0
345.16,0,5796.4,0
400.38,0,5823.4,0
404.81,0,5860.2,0
402.97,0,5804.1,0
403.6,0,5806.5,0
405.39,0,5858.5,0
362.26,0,5484.3,0
225.44,0,4009.6,0
142.72,0,2406.9,0
128.93,0,2608.7,0
88.971,0,1534.7,0
117.73,0,2204.1,0
101.54,0,1769.4,0
92.095,0,1594.7,0
112.98,0,2106,0
112.8,0,2169.7,0
105.4,0,1956,0
79.206,0,1445.8,0
92.905,0,1820,0
98.374,0,2014,0
81.029,0,1654.5,0
85.59,0,1759.7,0
84.587,9.9942,1786.5,295.12
94.842,94.842,2800.6,2800.6
84.864,45.439,1822.3,1341.8
100.72,53.822,2481.8,1650.5
96.265,96.265,2868.9,2868.9
70.846,51.126,1553.3,1474.3
87.484,0,2254.6,0
79.575,0,1965.8,0
70.091,0,1664.2,0
82.302,0,2200.6,0
81.133,0,2060.6,0
55.361,19.856,1412,678.24
113.55,113.55,3878.8,3878.8
74.136,34.015,2023.4,1119.9
94.764,94.764,2989,2989
103.58,103.58,3630.1,3630.1
115.64,115.64,4428,4428
97.814,97.814,4320,4320
112.24,112.24,4234,4234
107.15,107.15,4446.4,4446.4
68.127,52.175,1934.1,1664.7
99.038,99.038,3411.3,3411.3
122.76,122.76,5739.2,5739.2
95.119,95.119,4344.4,4344.4
107.29,107.29,4954.1,4001.5
62.98,26.198,3033.4,988.8
53.352,38.337,1613.7,1379.8
87.802,87.802,3160.1,3160.1
112.89,112.89,4703.4,4703.4
85.779,85.779,3239.3,3239.3
121.2,121.2,5280.5,5280.5
111.29,111.29,4943.9,4943.9
124.83,124.83,5260.4,5260.4
125.69,125.69,5321.1,5321.1
75.051,75.051,2811.9,2811.9
117.89,117.89,5727.8,5727.8
75.386,75.386,3347.5,3347.5
131.78,131.78,5569.5,5569.5
109.61,109.61,4708.2,4708.2
117.5,117.5,5598.4,5598.4
129.69,129.69,6381.8,6381.8
119.7,119.7,5500.9,5500.9
111.75,111.75,4900.1,4900.1
127.28,127.28,5584.5,5584.5
108.22,108.22,4870.6,4870.6
85.31,85.31,3921.8,3921.8
96.902,86.803,3899.7,3899.7
131.97,131.97,5827.5,5827.5
112.29,112.29,5507.9,5507.9
131.6,131.6,5961.6,5961.6
114.43,114.43,5092.3,5092.3
113.44,113.44,4774.8,4774.8
128.29,128.29,5669,5669
108.32,108.32,4437.8,4437.8
117.1,117.1,5329.6,5329.6
110.71,110.71,4843.2,4843.2
111.56,111.56,5229.1,5229.1
100.67,100.67,4495.8,4495.8
132.94,132.94,6065.1,6065.1
121.68,121.68,5550.1,5550.1
113.44,113.44,5086.5,5086.5
117.22,117.22,5500.4,5500.4
130.21,130.21,5999.7,5999.7
121.86,121.86,5278.3,5278.3
127.5,127.5,5607.8,5607.8
87.829,87.829,3729.3,3729.3
106.56,106.56,4865,4865
121.12,121.12,5880.3,5880.3
83.537,83.537,3540.2,3540.2
129.23,129.23,6537.1,6537.1
124.17,124.17,5511.7,5511.7
124.07,124.07,5370.1,5370.1
123.61,123.61,5367.8,5367.8
131.54,131.54,5830.6,5830.6
122.54,122.54,5348.6,5348.6
112.72,112.72,5028.6,5028.6
126.6,126.6,6067,6067
102.73,102.73,4599,4599
121.81,121.81,5445.6,5445.6
115.22,115.22,5887,5887
127.88,127.88,6180.9,6180.9
95.131,95.131,4336.2,4336.2
131.4,131.4,5831.1,5831.1
82.94,82.94,3518,3518
133.03,133.03,6077.3,6077.3
68.917,68.917,3207.8,3207.8
110.35,110.35,4799.7,4799.7
129.53,129.53,6877.5,6877.5
122.34,122.34,5419.5,5419.5
114.73,114.73,5110.4,5110.4
113.2,113.2,5157.7,5157.7
107.23,107.23,5504,5504
128.76,128.76,6084.3,6084.3
122.3,122.3,5413.3,5413.3
95.229,95.229,4411.4,4411.4
122.94,122.94,5796.5,5796.5
121.18,121.18,5791.1,5791.1
112.98,112.98,5010.3,5010.3
94.211,94.211,4138,4138
121.65,121.65,5960.1,5960.1
111.33,111.33,4919.4,4919.4
125.33,125.33,5643.9,5643.9
126.39,126.39,6147.5,6147.5
131.58,131.58,5936,5936
59.593,59.593,2828,2828
126.71,126.71,5807.9,5807.9
117.06,117.06,5313.6,5313.6
126.89,126.89,5792.6,5792.6
92.1,92.1,4123.5,4123.5
110.39,110.39,4947.2,4947.2
128.87,128.87,5835.3,5835.3
116.75,116.75,5320.8,5320.8
95.806,95.806,4341.1,4341.1
91.797,91.797,4098.8,4098.8
129.27,129.27,5988.5,5988.5
131.21,131.21,5890,5890
127.83,127.83,5794.5,5794.5
124.9,124.9,5916,5916
124.47,124.47,5632.4,5632.4
108.35,108.35,5325.3,5325.3
84.853,84.853,3990.2,3990.2
117.52,117.52,5350.2,5350.2
87.383,87.383,3925.4,3925.4
119.47,119.47,5671.5,5671.5
91.327,91.327,4109.9,4109.9
114.2,114.2,6297.1,6297.1
118.01,118.01,5951,5951
123.25,123.25,5531.3,5531.3
94.248,94.248,4316.2,4316.2
117.3,117.3,5603.3,5603.3
129.52,129.52,5938.1,5938.1
124.52,124.52,5684.2,5684.2
90.871,90.871,4123.4,4123.4
128.87,128.87,5751.4,5751.4
125.1,125.1,5709.3,5709.3
115.49,115.49,5253.9,5253.9
105.57,105.57,5128.2,5128.2
120.98,120.98,5469.7,5469.7
125.62,125.62,5896.2,5896.2
125.25,125.25,5735.5,5735.5
121.31,121.31,6044.1,6044.1
117.72,117.72,5434.5,5434.5
126.95,126.95,5845.5,5845.5
87.748,87.748,4066.4,4066.4
110.74,110.74,5093,5093
106.05,106.05,4857.8,4857.8
105.84,105.84,4941.8,4941.8
113.8,113.8,5927.6,5927.6
91.338,91.338,4139.4,4139.4
87.777,87.777,4043.3,4043.3
127.16,127.16,5782.8,5782.8
123.5,123.5,6137,6137
127.9,127.9,5873.8,5873.8
74.869,74.869,3463.7,3463.7
127.2,127.2,5922.4,5922.4
95.959,95.959,4439.5,4439.5
127.74,127.74,6255,6255
56.656,56.656,3180.1,3180.1
2.7529,2.7529,154.52,154.52
0,0,0,0
0,0,0,0
59.716,0,1403.2,0
343.25,0,5781.9,0
396.5,0,5767,0
402.87,0,5829.6,0
404.17,0,5819.5,0
400.79,0,5766.1,0
401.6,0,5803.6,0
334.54,0,5064.5,0
193.22,0,3473.6,0
110.85,0,1869.4,0
101.24,0,2048.5,0
66.983,0,1155.4,0
91.194,0,1707.3,0
76.513,0,1333.3,0
68.078,0,1178.8,0
86.043,0,1626.8,0
86.971,0,1672.8,0
79.628,0,1486,0
59.454,0,1085.2,0
70.569,0,1382.4,0
74.721,0,1529.8,0
60.665,0,1261.7,0
65.083,0,1338.1,0
64.123,8.0199,1354.3,236.82
76.106,76.106,2247.3,2247.3
63.91,36.462,1372.3,1076.7
78.607,43.703,1936.9,1340.2
77.71,77.71,2329.5,2329.5
52.567,41.271,1190.1,1190.1
68.142,0,1756.1,0
60.842,0,1503,0
52.392,0,1244,0
63.919,0,1709.1,0
61.972,0,1574,0
41.977,16.623,1070.7,567.79
95.062,95.062,3247.1,3247.1
57.35,27.447,1565.3,937.52
75.453,75.453,2379.9,2379.9
85.23,85.23,2987,2987
99.399,99.399,3908.3,3908.3
90.039,90.039,3976.6,3976.6
95.416,95.416,3599.4,3599.4
89.822,89.822,4128.8,4128.8
51.51,41.271,1462.3,1316.8
81.075,81.075,2792.6,2792.6
117.37,117.37,5487,5487
89.854,89.854,4104,4104
101.3,89.806,4878.8,3349.6
62.022,21.769,2987.3,821.61
40.16,31.108,1214.7,1119.6
71.266,71.266,2595.2,2595.2
101.59,101.59,4232.7,4232.7
72.006,72.006,2719.2,2719.2
110.53,110.53,4815.5,4815.5
104.54,104.54,4755.9,4755.9
111.12,111.12,4809.8,4809.8
112.56,112.56,4765.2,4765.2
59.67,59.67,2235.6,2235.6
120.91,120.91,5874.5,5874.5
69.515,69.515,3086.8,3086.8
122.41,122.41,5182.1,5182.1
93.307,93.307,4230.9,4230.9
111.54,111.54,5471.9,5471.9
122.26,122.26,6016.1,6016.1
115.52,115.52,5206.1,5206.1
107.91,107.91,4732,4732
121.27,115.49,5742,5067.3
102.52,102.52,4614,4614
86.494,86.494,3976.2,3976.2
85.606,85.606,3845.9,3845.9
124.64,124.64,5504,5504
109.29,109.29,5361,5361
124.42,124.42,5636.6,5636.6
104.46,104.46,4648.3,4648.3
102.99,102.99,4539.7,4539.7
119.62,119.62,5360.8,5360.8
95.809,95.809,3925.2,3925.2
113.67,113.67,5173.8,5173.8
107.06,107.06,4683.7,4683.7
104.95,104.95,4919.3,4919.3
93.451,93.451,4413.7,4413.7
126.2,126.2,5673.7,5673.7
122.86,122.86,5831.9,5831.9
110.86,110.86,4971.2,4971.2
123.39,123.39,5789.8,5789.8
130.41,130.41,6009.3,6009.3
114.35,114.35,4953.1,4953.1
124.45,124.45,5617.1,5617.1
91.827,91.827,4347.3,4347.3
113.78,113.78,5194.3,5194.3
126.88,126.88,6160.3,6160.3
73.728,73.728,3293.4,3293.4
119.53,119.53,6046,6046
121.32,121.32,5385.3,5385.3
118.09,118.09,5389.9,5389.9
113.06,113.06,4909.6,4909.6
129.9,129.9,5757.8,5757.8
113.13,113.13,4938,4938
112.13,112.13,5002.4,5002.4
129.97,129.97,6228.5,6228.5
91.557,91.557,4098.8,4098.8
121.55,121.55,5508.9,5508.9
106.18,106.18,5424.9,5424.9
129.1,129.1,6240.1,6240.1
90.672,90.672,4286.3,4286.3
126.93,126.93,5632.5,5632.5
68.737,68.737,3221.3,3221.3
129.41,129.41,5912,5912
59.246,59.246,2757.7,2757.7
99.47,99.47,4443.2,4443.2
121.43,121.43,6447.1,6447.1
115.63,115.63,5462.9,5462.9
108.68,108.68,4840.9,4840.9
120.84,120.84,5505.6,5505.6
94.733,94.733,4862.7,4862.7
121.65,121.65,5748.4,5748.4
120.42,120.42,5491.3,5491.3
105.43,105.43,4954,4954
128.24,128.24,5810.4,5810.4
125.84,125.84,6014,6014
104.94,104.94,5339,5339
102.85,102.85,4734.4,4734.4
123.03,123.03,6027.9,6027.9
109.46,109.46,4947.9,4947.9
124.4,124.4,5969,5969
118.37,118.37,5750.6,5750.6
131.42,131.42,5928.7,5928.7
71.513,71.513,3393.7,3393.7
129.43,129.43,5932.7,5932.7
123.87,123.87,5622.9,5622.9
124.12,124.12,5666,5666
85.923,85.923,3846.9,3846.9
104,104,4661.1,4661.1
125.28,125.28,5672.8,5672.8
121.67,121.67,5545,5545
88.523,88.523,4011.1,4011.1
85.846,85.846,4218.2,4218.2
124,124,5594.7,5594.7
128.06,128.06,5748.4,5748.4
127.19,127.19,5765.8,5765.8
116.97,116.97,5540.5,5540.5
115.51,115.51,5227,5227
104.38,104.38,5129.9,5129.9
75.008,75.008,3823.9,3823.9
122.57,122.57,5566.6,5566.6
77.903,77.903,3499.6,3499.6
111.39,111.39,5288.1,5288.1
77.842,77.842,3503.1,3503.1
112.36,112.36,5995.7,5995.7
115.72,115.72,5529.3,5529.3
117.34,117.34,5339.5,5339.5
101.41,101.41,4797,4797
123.6,123.6,5883.5,5883.5
123.34,123.34,5654.6,5654.6
115.12,115.12,5255.2,5255.2
87.84,87.84,4030.1,4030.1
129.15,129.15,5917.6,5917.6
119.92,119.92,5473,5473
123.6,123.6,5623,5623
101.85,101.85,4698.4,4698.4
121.43,121.43,5502.2,5502.2
127.05,127.05,5805.3,5805.3
129.03,129.03,5940.2,5940.2
127.9,127.9,6372.7,6372.7
120.94,120.94,5583.3,5583.3
121.03,121.03,5573,5573
75.695,75.695,3503.1,3503.1
107.51,107.51,4957.2,4957.2
105.42,105.42,4945.9,4945.9
115.67,115.67,5400.6,5400.6
110.08,110.08,5734,5734
84.524,84.524,3830.6,3830.6
88.793,88.793,4135.7,4135.7
121.67,121.67,5533.5,5533.5
124.3,124.3,5783.6,5783.6
127.77,127.77,5868.1,5868.1
66.513,66.513,3077.1,3077.1
124.9,124.9,5815.2,5815.2
90.108,90.108,4168.8,4168.8
129.51,129.51,6342,6342
47.153,47.153,2646.7,2646.7
2.2912,2.2912,128.6,128.6
0,0,0,0
0,0,0,0
57.312,0,1210.6,0
330.75,0,5588.3,0
380.47,0,5533.8,0
390.31,0,5647.8,0
406.7,0,5838.8,0
405.31,0,5813.9,0
385.48,0,5570.7,0
299.34,0,4531.7,0
160.46,0,2915.8,0
83.419,0,1406.8,0
77.032,0,1558.6,0
48.863,0,842.85,0
68.446,0,1281.4,0
55.864,0,973.44,0
48.761,0,844.34,0
63.493,0,1217.6,0
64.973,0,1249.7,0
58.292,0,1093.9,0
43.242,0,789.31,0
51.939,0,1017.5,0
54.993,0,1125.9,0
44.828,0,932.36,0
47.953,0,985.92,0
47.1,6.2357,994.79,184.14
59.175,59.175,1747.4,1747.4
46.636,28.351,1001.4,837.17
59.442,34.384,1464.6,1054.4
60.784,60.784,1832.8,1832.8
37.794,32.282,930.87,930.87
51.428,0,1325.4,0
45.074,0,1113.5,0
37.946,0,900.98,0
48.101,0,1286.1,0
45.867,0,1164.9,0
30.841,13.483,786.64,460.57
77.11,77.11,2633.9,2633.9
42.987,22.263,1173.3,760.47
58.213,58.213,1836.1,1836.1
67.953,67.953,2381.4,2381.4
82.783,82.783,3342.5,3342.5
80.308,80.308,3546.9,3546.9
78.596,78.596,2964.9,2964.9
80.817,80.817,3714.8,3714.8
37.736,31.631,1071.3,1009.2
64.31,64.31,2215.1,2215.1
108.73,108.73,5083,5083
82.246,82.246,3756.4,3756.4
96.659,72.841,4655.5,2716.8
59.183,17.526,2850.5,661.49
29.292,24.458,885.98,880.25
58.252,58.252,2121.3,2121.3
88.585,88.585,3690.8,3690.8
58.569,58.569,2905.3,2905.3
97.663,97.663,4255.1,4255.1
95.244,95.244,4446.1,4446.1
95.848,95.848,4699.3,4699.3
97.675,97.675,4135,4135
45.968,45.968,1722.2,1722.2
120.16,120.16,5837.9,5837.9
62.111,62.111,2758.1,2758.1
111.06,111.06,4752.7,4752.7
79.321,79.321,3712.4,3712.4
105.64,105.64,5182.2,5182.2
111.68,111.68,5495.3,5495.3
108.02,108.02,4868.2,4868.2
100.98,100.98,4427.8,4427.8
123.29,101.54,5837.9,4455.2
94.103,94.103,4235.2,4235.2
84.971,84.971,3906.2,3906.2
81.803,81.803,3675,3675
114.07,114.07,5037.1,5037.1
103.07,103.07,5056,5056
113.99,113.99,5163.8,5163.8
92.389,92.389,4111.3,4111.3
98.666,98.666,4454.3,4454.3
110.19,110.19,5281.1,5281.1
82.11,82.11,3364,3364
113.2,113.2,5560.1,5560.1
100.32,100.32,4388.8,4388.8
95.671,95.671,4484.2,4484.2
92.026,92.026,4473.5,4473.5
126.39,126.39,5751.5,5751.5
125.09,125.09,5937.7,5937.7
112.28,112.28,5270.9,5270.9
125.84,125.84,5905.2,5905.2
126.57,126.57,5832,5832
103.97,103.97,4503.6,4503.6
120.78,120.78,5451.7,5451.7
103.72,103.72,4910.5,4910.5
117.7,117.7,5373.6,5373.6
128.8,128.8,6253.3,6253.3
71.238,71.238,3541.1,3541.1
115.38,115.38,5418.2,5418.2
114.86,114.86,5300.3,5300.3
120.66,120.66,5507.6,5507.6
100.19,100.19,4351.1,4351.1
124.3,124.3,5509.5,5509.5
101.2,101.2,4417.4,4417.4
108.09,108.09,4895.9,4895.9
129.29,129.29,6195.7,6195.7
86.326,86.326,4349.2,4349.2
124.66,124.66,5836.7,5836.7
94.804,94.804,4843.8,4843.8
126.29,126.29,6104.3,6104.3
96.324,96.324,4553.5,4553.5
118.8,118.8,5271.9,5271.9
64.359,64.359,3310.3,3310.3
121.98,121.98,5800.5,5800.5
54.989,54.989,2581.1,2581.1
96.589,96.589,4314.6,4314.6
110.29,110.29,5856,5856
123.81,123.81,5849.1,5849.1
99.756,99.756,4443.3,4443.3
124.98,124.98,5694.5,5694.5
95.831,95.831,4877.5,4877.5
111.36,111.36,5262.4,5262.4
126.72,126.72,5778.3,5778.3
114.72,114.72,5390.7,5390.7
129.62,129.62,5872.6,5872.6
126.63,126.63,6051.6,6051.6
110.39,110.39,5977.8,5977.8
114.02,114.02,5248.6,5248.6
120.57,120.57,5907.2,5907.2
111.67,111.67,5047.8,5047.8
126.82,126.82,6306.7,6306.7
108.32,108.32,5212.3,5212.3
127.18,127.18,5741.3,5741.3
83.153,83.153,3946.1,3946.1
128.11,128.11,5872.1,5872.1
127.02,127.02,5765.5,5765.5
120.27,120.27,5510.9,5510.9
80.421,80.421,3693.5,3693.5
94.946,94.946,4255.2,4255.2
118.01,118.01,5783,5783
122.86,122.86,5599.2,5599.2
86.626,86.626,3952.7,3952.7
96.452,96.452,4787.4,4787.4
115.26,115.26,5200,5200
121.1,121.1,5436.1,5436.1
122.64,122.64,5559.2,5559.2
111.7,111.7,5027.7,5027.7
103.87,103.87,4700.3,4700.3
97.425,97.425,4788.2,4788.2
77.052,77.052,3928.1,3928.1
127.31,127.31,5781.9,5781.9
74.509,74.509,3452.6,3452.6
100.64,100.64,4777.5,4777.5
64.287,64.287,2893.1,2893.1
113.59,113.59,6061.5,6061.5
122.85,122.85,5925,5925
118.01,118.01,5369.9,5369.9
105.73,105.73,5307.2,5307.2
128.07,128.07,5986,5986
128.06,128.06,5897.8,5897.8
103.12,103.12,4707.7,4707.7
93.895,93.895,4321.4,4321.4
129.6,129.6,5938.1,5938.1
111.39,111.39,5083.7,5083.7
128.18,128.18,5831.1,5831.1
100.38,100.38,4630.6,4630.6
124.37,124.37,5635.5,5635.5
126.43,126.43,5747.6,5747.6
129.49,129.49,5987.6,5987.6
130.67,130.67,6510.7,6510.7
120.39,120.39,5558.1,5558.1
111.81,111.81,5148.2,5148.2
85.53,85.53,3975,3975
117.91,117.91,5437,5437
104,104,4879.2,4879.2
122.48,122.48,5718.8,5718.8
111.03,111.03,5374.5,5374.5
86.883,86.883,4027,4027
95.6,95.6,4452.7,4452.7
112.81,112.81,5130.5,5130.5
127.67,127.67,5933.4,5933.4
123.69,123.69,5680.3,5680.3
63.149,63.149,2926.4,2926.4
118.83,118.83,5532.6,5532.6
93.467,93.467,4370.4,4370.4
128.08,128.08,6230.4,6230.4
38.026,38.026,2134.4,2134.4
1.8477,1.8477,103.71,103.71
0,0,0,0
0,0,0,0
53.674,0,1012,0
308.81,0,5233.5,0
353.75,0,5145.2,0
366.39,0,5301.7,0
403.98,0,5799.7,0
406.88,0,5832.1,0
363.58,0,5236,0
259.53,0,3929.1,0
130.41,0,2371.6,0
60.83,0,1025.9,0
56.792,0,1149.1,0
34.539,0,595.76,0
49.777,0,931.92,0
39.521,0,688.66,0
33.841,0,585.99,0
45.505,0,883.04,0
47.032,0,904.63,0
41.525,0,780.2,0
30.475,0,556.26,0
37.04,0,725.61,0
39.217,0,802.9,0
32.097,0,667.57,0
34.235,0,703.87,0
33.523,4.698,708.02,138.73
44.582,44.582,1316.5,1316.5
32.974,21.359,708.04,630.72
43.554,26.212,1073.1,803.83
46.068,46.068,1397.2,1397.2
26.328,24.467,705.51,705.51
37.608,0,969.22,0
32.356,0,799.34,0
26.63,0,632.29,0
35.074,0,937.81,0
32.893,0,835.41,0
21.956,10.598,560,361.99
60.606,60.606,2070.2,2070.2
31.221,17.498,852.13,597.71
43.517,43.517,1372.6,1372.6
52.495,52.495,1839.7,1839.7
67.053,67.053,2769.9,2769.9
69.406,69.406,3065.4,3065.4
62.731,62.731,2525,2525
70.456,70.456,3238.6,3238.6
26.788,23.491,760.48,749.48
49.428,49.428,1702.5,1702.5
97.594,97.594,4562.5,4562.5
72.944,72.944,3331.6,3331.6
89.371,57.246,4304.5,2135.2
54.721,13.672,2635.6,516.04
20.701,18.632,670.59,670.59
46.136,46.136,1680.1,1680.1
74.846,74.846,3118.4,3118.4
69.403,69.403,3474,3474
83.618,83.618,3643.2,3643.2
86.277,86.277,4027.5,4027.5
90.673,90.673,4448.8,4448.8
82.124,82.124,3478.5,3478.5
34.313,34.313,1285.6,1285.6
115.7,115.7,5621.4,5621.4
53.772,53.772,2387.8,2387.8
98.696,98.696,4223.5,4223.5
67.439,67.439,3156.2,3156.2
96.939,96.939,4755.4,4755.4
98.842,98.842,4863.7,4863.7
97.876,97.876,4410.9,4410.9
91.551,91.551,4014.5,4014.5
121.46,93.739,5751.2,4592.2
83.694,83.694,3843.6,3843.6
80.884,80.884,3718.3,3718.3
75.743,75.743,3402.8,3402.8
101.15,101.15,4466.6,4466.6
99.108,99.108,4771.2,4771.2
101.18,101.18,4583.8,4583.8
87.22,87.22,4213.2,4213.2
93.804,93.804,4234.8,4234.8
117.49,117.49,5631.2,5631.2
68.185,68.185,2793.5,2793.5
118.05,118.05,5798.3,5798.3
91.088,91.088,3984.8,3984.8
84.501,84.501,4121.5,4121.5
89.359,89.359,4393.3,4393.3
124.15,124.15,5649.4,5649.4
123.41,123.41,5857.8,5857.8
117.28,117.28,5505.7,5505.7
124.37,124.37,5835.9,5835.9
119.02,119.02,5484.3,5484.3
91.6,91.6,3967.8,3967.8
113.59,113.59,5126.9,5126.9
113.52,113.52,5374.3,5374.3
117.99,117.99,5386.6,5386.6
126.68,126.68,6150.6,6150.6
74.217,74.217,3689.2,3689.2
121.75,121.75,5657.6,5657.6
109.94,109.94,5414.8,5414.8
119.47,119.47,5453.1,5453.1
86.039,86.039,3736.3,3736.3
116.02,116.02,5375.5,5375.5
87.723,87.723,3829,3829
109.87,109.87,5113.5,5113.5
124.61,124.61,5971.7,5971.7
99.02,99.02,4988.8,4988.8
127.98,127.98,5992.1,5992.1
82.022,82.022,4190.7,4190.7
119.71,119.71,5786,5786
99.152,99.152,4687.2,4687.2
107.74,107.74,4781.1,4781.1
64.083,64.083,3296.1,3296.1
112.29,112.29,5775.6,5775.6
64.237,64.237,3089,3089
90.88,90.88,4059.5,4059.5
97.07,97.07,5153.9,5153.9
128.45,128.45,6068.3,6068.3
89.142,89.142,4367.3,4367.3
126.97,126.97,5786,5786
107.74,107.74,5483.9,5483.9
101.73,101.73,4975.5,4975.5
129.2,129.2,5891.5,5891.5
120.96,120.96,5683.7,5683.7
126.94,126.94,5767.2,5767.2
123.46,123.46,5900.4,5900.4
119.76,119.76,6485.3,6485.3
122.48,122.48,5638,5638
114.48,114.48,5609.1,5609.1
110.39,110.39,4989.9,4989.9
129.83,129.83,6456.7,6456.7
96.055,96.055,4577.7,4577.7
126.43,126.43,5777.1,5777.1
93.686,93.686,4446,4446
122.86,122.86,5631.6,5631.6
126.19,126.19,5728.1,5728.1
126.67,126.67,5804.5,5804.5
92.218,92.218,4235.3,4235.3
83.987,83.987,3764,3764
125.16,125.16,6138.7,6138.7
120.21,120.21,5478.4,5478.4
93.073,93.073,4246.9,4246.9
105,105,5264.8,5264.8
114.57,114.57,5279.4,5279.4
110.97,110.97,4981.1,4981.1
114.57,114.57,5193.5,5193.5
106.54,106.54,4777.7,4777.7
90.504,90.504,4168.2,4168.2
89.259,89.259,4330.5,4330.5
76.694,76.694,3909.9,3909.9
128.13,128.13,5819.1,5819.1
87.887,87.887,4072.5,4072.5
88.098,88.098,4182.2,4182.2
65.916,65.916,3089.9,3089.9
111.27,111.27,5937.8,5937.8
126.37,126.37,6151.8,6151.8
115.6,115.6,5393,5393
110.84,110.84,5689.3,5689.3
128.58,128.58,5901.1,5901.1
129.9,129.9,5982.7,5982.7
89.513,89.513,4086.3,4086.3
98.523,98.523,4534.4,4534.4
126.01,126.01,5773.5,5773.5
104.09,104.09,4814.6,4814.6
128.8,128.8,5859.3,5859.3
95.855,95.855,4422,4422
123.43,123.43,5592.8,5592.8
121.91,121.91,5541.9,5541.9
129.49,129.49,6113.6,6113.6
129.35,129.35,6445.1,6445.1
116.13,116.13,5366.8,5366.8
100.08,100.08,4608.1,4608.1
94.038,94.038,4370.4,4370.4
125.31,125.31,5778,5778
99.41,99.41,4664,4664
125.67,125.67,5867.6,5867.6
118.12,118.12,5483,5483
93.19,93.19,4319.4,4319.4
99.732,99.732,4645.2,4645.2
101.52,101.52,4698.2,4698.2
129.21,129.21,5964.8,5964.8
116.01,116.01,5327.8,5327.8
60.596,60.596,2859.6,2859.6
109.55,109.55,5100.3,5100.3
102.47,102.47,4908.6,4908.6
126.38,126.38,5930.8,5930.8
31.387,31.387,1667.8,1667.8
0,0,0,0
0,0,0,0
0,0,0,0
48.705,0,851.64,0
279.38,0,4749.1,0
318.69,0,4635.3,0
333.35,0,4822.3,0
388.82,0,5582,0
402.97,0,5776.6,0
338.65,0,4877,0
218.03,0,3300.8,0
102.77,0,1869.1,0
42.98,0,724.85,0
40.57,0,820.87,0
23.655,0,408.03,0
35.077,0,656.7,0
27.091,0,472.07,0
22.757,0,394.06,0
31.977,0,620.53,0
32.988,0,634.51,0
28.698,0,539.2,0
20.81,0,379.85,0
25.595,0,501.4,0
27.099,0,554.79,0
22.268,0,463.14,0
23.682,0,486.91,0
23.118,3.4295,488.27,101.27
32.545,32.545,961.03,961.03
22.59,15.592,485.08,460.43
30.921,19.362,761.89,593.77
33.831,33.831,1032.1,1032.1
17.967,17.967,518.1,518.1
26.649,0,686.77,0
22.506,0,555.98,0
18.109,0,429.96,0
24.78,0,662.59,0
22.857,0,580.51,0
15.145,8.0708,386.28,275.68
46.156,46.156,1576.6,1576.6
21.971,13.326,599.67,455.19
31.521,31.521,994.2,994.2
39.295,39.295,1377.1,1377.1
53.841,53.841,2224.1,2224.1
58.121,58.121,2566.9,2566.9
48.513,48.513,2133,2133
59.517,59.517,2735.7,2735.7
18.425,16.903,539.31,539.31
36.81,36.81,1267.9,1267.9
84.881,84.881,3968.2,3968.2
62.686,62.686,2863.1,2863.1
80.066,43.593,3856.3,1625.9
49.024,10.335,2361.2,390.07
14.176,13.754,495.01,495.01
35.405,35.405,1289.3,1289.3
61.275,61.275,2553,2553
80.41,80.41,4024.9,4024.9
69.37,69.37,3022.4,3022.4
75.727,75.727,3535,3535
83.174,83.174,4080.9,4080.9
66.906,66.906,3074,3074
24.818,24.818,1013.2,1013.2
107.95,107.95,5244.9,5244.9
45.108,45.108,2003,2003
84.984,84.984,3636.7,3636.7
55.556,55.556,2600.1,2600.1
86.195,86.195,4228.4,4228.4
84.766,84.766,4171.1,4171.1
85.929,85.929,3885.9,3885.9
80.429,80.429,3526.8,3526.8
115.94,95.052,5489.9,4656.5
77.115,77.115,3545.1,3545.1
74.602,74.602,3429.6,3429.6
67.954,67.954,3052.8,3052.8
86.912,86.912,3837.8,3837.8
100.93,100.93,5125.3,5125.3
87.03,87.03,3942.7,3942.7
91.552,91.552,4422.4,4422.4
86.412,86.412,3901.1,3901.1
121.39,121.39,5818,5818
54.864,54.864,2247.7,2247.7
119.28,119.28,5859,5859
80.135,80.135,3693.3,3693.3
79.773,79.773,3921.9,3921.9
85.032,85.032,4180.5,4180.5
118.16,118.16,5376.7,5376.7
120.9,120.9,5759.7,5759.7
118.7,118.7,5572.3,5572.3
119.09,119.09,5588.4,5588.4
108.45,108.45,4997.1,4997.1
78.196,78.196,3387.1,3387.1
107.83,107.83,4965.6,4965.6
120.38,120.38,5699.3,5699.3
114.6,114.6,5231.9,5231.9
120.74,120.74,5861.8,5861.8
74.92,74.92,3724.1,3724.1
124.49,124.49,5784.7,5784.7
108.83,108.83,5360,5360
114.62,114.62,5231.5,5231.5
71.589,71.589,3108.8,3108.8
117.06,117.06,5423.7,5423.7
73.677,73.677,3215.9,3215.9
111.3,111.3,5559.9,5559.9
116.38,116.38,5577.1,5577.1
110.05,110.05,5544.7,5544.7
127.31,127.31,5960.6,5960.6
68.759,68.759,3513.1,3513.1
116.72,116.72,5783,5783
98.894,98.894,4675,4675
94.678,94.678,4201.3,4201.3
70.694,70.694,3349.8,3349.8
108.34,108.34,5572.3,5572.3
75.821,75.821,3735.7,3735.7
82.853,82.853,3701,3701
82.78,82.78,4395.2,4395.2
129.12,129.12,6100.1,6100.1
101.55,101.55,4975.4,4975.4
125.32,125.32,5710.8,5710.8
117.38,117.38,5974.2,5974.2
109.2,109.2,5524.2,5524.2
127.64,127.64,5820.5,5820.5
123.57,123.57,5806.6,5806.6
125.4,125.4,5893,5893
116.64,116.64,5574.4,5574.4
125.89,125.89,6817.4,6817.4
127.48,127.48,5868.2,5868.2
105.96,105.96,5211,5211
113.51,113.51,5262.3,5262.3
128.79,128.79,6405.1,6405.1
82.532,82.532,3895.5,3895.5
127.95,127.95,5846.9,5846.9
102.28,102.28,4853.6,4853.6
114.17,114.17,5233.3,5233.3
121.48,121.48,5514.3,5514.3
129.28,129.28,5924,5924
102.46,102.46,4705.8,4705.8
71.985,71.985,3226.2,3226.2
128.74,128.74,6314,6314
113.96,113.96,5193.8,5193.8
96.895,96.895,4421.3,4421.3
110.77,110.77,5609.9,5609.9
122.69,122.69,5653.9,5653.9
103.41,103.41,4718.4,4718.4
105.84,105.84,4900.4,4900.4
98.463,98.463,4415.5,4415.5
102.01,102.01,4758.6,4758.6
101.97,101.97,4724.5,4724.5
73.968,73.968,3770.9,3770.9
124.95,124.95,5674.7,5674.7
100.45,100.45,4654.5,4654.5
74.725,74.725,3547.4,3547.4
78.686,78.686,3688.5,3688.5
105.62,105.62,5636,5636
125.96,125.96,6189,6189
123.44,123.44,5758.7,5758.7
115.13,115.13,5909.6,5909.6
125.09,125.09,5689,5689
127.68,127.68,5880.3,5880.3
78.505,78.505,3613.1,3613.1
102.87,102.87,4740.1,4740.1
118.71,118.71,5439.3,5439.3
114.82,114.82,5311,5311
127.35,127.35,5911.5,5911.5
88.696,88.696,4091.8,4091.8
118.69,118.69,5378.1,5378.1
113.9,113.9,5177.7,5177.7
128.11,128.11,6048.5,6048.5
124.07,124.07,6182,6182
108.54,108.54,5056.5,5056.5
92.851,92.851,4366.6,4366.6
100.18,100.18,4655.9,4655.9
129.04,129.04,5949.9,5949.9
92.074,92.074,4319.8,4319.8
124.94,124.94,5833.5,5833.5
121.76,121.76,5651.9,5651.9
96.851,96.851,4489.1,4489.1
100.81,100.81,4695.6,4695.6
112.07,112.07,5186.6,5186.6
126.71,126.71,5849.3,5849.3
116.03,116.03,5410.5,5410.5
65.95,65.95,3112.3,3112.3
106.77,106.77,4981.2,4981.2
113.52,113.52,5438.1,5438.1
120.83,120.83,5593.9,5593.9
34.562,34.562,1610.4,1610.4
0,0,0,0
0,0,0,0
0,0,0,0
42.825,0,748.81,0
244.9,0,4175.7,0
278.2,0,4046.3,0
294.16,0,4254.9,0
362.61,0,5205.7,0
388.68,0,5571.8,0
305.64,0,4401.6,0
177.48,0,2686.9,0
78.482,0,1427.3,0
29.425,0,496.25,0
28.082,0,568.19,0
15.698,0,270.78,0
23.95,0,448.39,0
17.994,0,313.55,0
14.829,0,256.77,0
21.773,0,422.52,0
22.42,0,431.23,0
19.218,0,361.08,0
13.769,0,251.33,0
17.137,0,335.71,0
18.143,0,371.45,0
14.97,0,311.34,0
15.874,0,326.36,0
15.448,2.4258,326.27,71.633
23.02,23.02,679.77,679.77
14.996,11.029,325.68,325.68
21.271,13.858,524.12,424.98
24.087,24.087,738.68,738.68
12.785,12.785,368.67,368.67
18.296,0,471.52,0
15.168,0,374.71,0
11.931,0,283.29,0
16.964,0,453.6,0
15.389,0,390.86,0
10.122,5.9556,258.18,203.43
34.059,34.059,1163.4,1163.4
14.982,9.8337,408.91,335.9
22.123,22.123,697.78,697.78
28.501,28.501,998.83,998.83
41.889,41.889,1730.4,1730.4
47.159,47.159,2082.8,2082.8
37.981,37.981,1745.8,1745.8
48.715,48.715,2239.2,2239.2
12.28,11.786,376.03,376.03
26.562,26.562,914.91,914.91
71.533,71.533,3344.2,3344.2
52.197,52.197,2384,2384
69.504,32.166,3347.6,1199.7
42.556,7.5696,2049.7,285.7
9.8374,9.8374,354.05,354.05
26.327,26.327,958.71,958.71
48.607,48.607,2025.2,2025.2
90.27,90.27,4518.5,4518.5
55.763,55.763,2429.5,2429.5
64.403,64.403,3006.4,3006.4
73.927,73.927,3627.1,3627.1
55.687,55.687,2732.2,2732.2
18.67,18.67,804.17,804.17
97.594,97.594,4741.7,4741.7
36.665,36.665,1628.1,1628.1
70.905,70.905,3034.3,3034.3
44.346,44.346,2075.5,2075.5
74.261,74.261,3642.9,3642.9
70.437,70.437,3466,3466
73.098,73.098,3351.5,3351.5
68.464,68.464,3002.2,3002.2
107.24,93.391,5077.7,4575.1
68.918,68.918,3333.2,3333.2
66.672,66.672,3065,3065
59.073,59.073,2653.9,2653.9
72.358,72.358,3195.1,3195.1
105.09,105.09,5336.8,5336.8
72.532,72.532,3285.9,3285.9
93.115,93.115,4498,4498
77.132,77.132,3582.2,3582.2
121.52,121.52,5824.4,5824.4
42.774,42.774,1752.4,1752.4
116.79,116.79,5736.5,5736.5
75.984,75.984,3595.8,3595.8
73.553,73.553,3616.2,3616.2
78.403,78.403,3854.6,3854.6
108.96,108.96,4958.4,4958.4
123.22,123.22,5870,5870
116.41,116.41,5464.6,5464.6
110.5,110.5,5185.2,5185.2
95.746,95.746,4411.9,4411.9
64.68,64.68,2801.7,2801.7
101.78,101.78,4686.9,4686.9
123.7,123.7,5856.3,5856.3
107.85,107.85,4923.9,4923.9
123.31,123.31,5836.6,5836.6
73.282,73.282,3642.7,3642.7
123.33,123.33,5731,5731
104.38,104.38,5141.1,5141.1
106.55,106.55,4863.1,4863.1
57.717,57.717,2506.4,2506.4
114.44,114.44,5302.5,5302.5
61.386,61.386,2832.2,2832.2
117.26,117.26,5857.7,5857.7
113.28,113.28,5214.2,5214.2
118.52,118.52,5971.3,5971.3
122.71,122.71,5745.2,5745.2
68.101,68.101,3205.8,3205.8
117.93,117.93,5842.7,5842.7
95.575,95.575,4518,4518
80.614,80.614,3577.3,3577.3
83.66,83.66,3964.2,3964.2
112.2,112.2,5235.1,5235.1
88.847,88.847,4377.5,4377.5
79.136,79.136,3727.6,3727.6
68.402,68.402,3631.8,3631.8
125.77,125.77,5941.8,5941.8
112.1,112.1,5492.2,5492.2
119.85,119.85,5461.6,5461.6
123.9,123.9,6306.2,6306.2
115.53,115.53,5943,5943
122.19,122.19,5571.7,5571.7
122.32,122.32,5748,5748
124.15,124.15,5942,5942
106.77,106.77,5102.8,5102.8
128.23,128.23,6944,6944
128.57,128.57,5918.2,5918.2
106.8,106.8,5252.1,5252.1
120.77,120.77,5599,5599
123.79,123.79,6156.5,6156.5
83.165,83.165,4118.8,4118.8
125.48,125.48,5733.7,5733.7
108.19,108.19,5134.1,5134.1
102.8,102.8,4712.1,4712.1
113.32,113.32,5143.7,5143.7
127.85,127.85,5859,5859
110.31,110.31,5066.3,5066.3
59.784,59.784,2679.3,2679.3
128.3,128.3,6292.6,6292.6
104.69,104.69,4771,4771
97.742,97.742,4460,4460
113.21,113.21,5792.1,5792.1
127.32,127.32,5867,5867
106.71,106.71,4868.8,4868.8
105.28,105.28,4874.5,4874.5
88.173,88.173,3958.3,3958.3
112.84,112.84,5264,5264
112.87,112.87,5229.7,5229.7
73.924,73.924,3523.9,3523.9
118.07,118.07,5362,5362
111.24,111.24,5154.5,5154.5
61.415,61.415,2915.5,2915.5
91.015,91.015,4266.4,4266.4
97.137,97.137,5183.5,5183.5
121.65,121.65,6033.1,6033.1
127.71,127.71,5958.3,5958.3
115.88,115.88,5947.8,5947.8
117.91,117.91,5362.5,5362.5
121.6,121.6,5600.3,5600.3
91.785,91.785,4223.8,4223.8
107.2,107.2,4939.4,4939.4
108.37,108.37,4965.3,4965.3
122.73,122.73,5676.6,5676.6
129.53,129.53,6012.8,6012.8
79.524,79.524,3668.6,3668.6
110.59,110.59,5011.1,5011.1
103.11,103.11,4687.2,4687.2
122.81,122.81,5798.2,5798.2
115.32,115.32,5745.6,5745.6
98.295,98.295,4616.3,4616.3
103.7,103.7,4876.7,4876.7
103.41,103.41,4806.1,4806.1
128.75,128.75,5936.6,5936.6
82.632,82.632,3876.8,3876.8
120.36,120.36,5619.4,5619.4
121.61,121.61,5645.1,5645.1
97.531,97.531,4587.5,4587.5
98.742,98.742,4599.1,4599.1
119.88,119.88,5548,5548
122.17,122.17,5622.1,5622.1
115.11,115.11,5367.9,5367.9
69.548,69.548,3282.1,3282.1
113.02,113.02,5272.8,5272.8
121.86,121.86,5837.6,5837.6
121.17,121.17,5646,5646
36.877,36.877,1718.3,1718.3
0,0,0,0
0,0,0,0
0,0,0,0
36.485,0,637.96,0
208.01,0,3557.5,0
235.31,0,3422.5,0
251.51,0,3638,0
327.66,0,4704.1,0
363.26,0,5207.4,0
267.28,0,3849.2,0
139.98,0,2119.2,0
58.071,0,1056.1,0
19.52,0,329.2,0
18.834,0,381.08,0
10.094,0,174.12,0
15.845,0,296.65,0
11.581,0,201.79,0
9.3623,0,162.11,0
14.365,0,278.76,0
14.764,0,283.97,0
12.47,0,234.29,0
8.8275,0,161.13,0
11.118,0,217.8,0
11.77,0,240.98,0
9.7506,0,202.8,0
10.309,0,211.96,0
10.002,0,211.25,0
15.778,15.778,465.9,465.9
9.6457,7.559,223.21,223.21
14.179,9.6108,349.36,294.73
16.705,16.705,512.28,512.28
8.815,8.815,254.19,254.19
12.172,0,313.69,0
9.9052,0,244.7,0
7.6174,0,180.86,0
11.253,0,300.89,0
10.04,0,254.99,0
6.5555,4.2583,167.2,145.45
24.353,24.353,831.84,831.84
9.8987,7.0312,270.17,240.17
15.045,15.045,474.53,474.53
20.03,20.03,701.96,701.96
31.579,31.579,1304.5,1304.5
37.077,37.077,1637.5,1637.5
30.123,30.123,1384.6,1384.6
38.636,38.636,1775.9,1775.9
7.9624,7.9624,254.04,254.04
18.572,18.572,639.7,639.7
58.412,58.412,2730.7,2730.7
42.114,42.114,1923.5,1923.5
58.461,22.997,2815.7,857.73
35.795,5.372,1724,202.76
6.8177,6.8177,245.37,245.37
18.969,18.969,690.75,690.75
37.361,37.361,1556.6,1556.6
98.192,98.192,4915,4915
49.499,49.499,2477.7,2477.7
53.073,53.073,2477.5,2477.5
63.667,63.667,3123.8,3123.8
47.959,47.959,2353.1,2353.1
14.358,14.358,661.29,661.29
85.49,85.49,4153.6,4153.6
28.877,28.877,1317.1,1317.1
57.322,57.322,2453,2453
34.299,34.299,1605.3,1605.3
61.994,61.994,3041.1,3041.1
56.714,56.714,2790.7,2790.7
60.297,60.297,2800.8,2800.8
56.469,56.469,2476.2,2476.2
96.107,88.91,4550.7,4355.6
64.776,64.776,3173.3,3173.3
57.735,57.735,2654.2,2654.2
49.758,49.758,2235.4,2235.4
58.37,58.37,2577.5,2577.5
106.03,106.03,5384.4,5384.4
58.573,58.573,2841.3,2841.3
91.765,91.765,4432.7,4432.7
73.081,73.081,3530.2,3530.2
117.88,117.88,5649.8,5649.8
32.313,32.313,1513.7,1513.7
110.8,110.8,5442.1,5442.1
71.68,71.68,3392.1,3392.1
65.713,65.713,3230.7,3230.7
70.046,70.046,3443.7,3443.7
98.345,98.345,4877.5,4877.5
121.68,121.68,5796.6,5796.6
111.21,111.21,5291.2,5291.2
99.344,99.344,4661.7,4661.7
81.908,81.908,3774.2,3774.2
51.84,51.84,2245.5,2245.5
93.085,93.085,4286.5,4286.5
123.16,123.16,5830.8,5830.8
98.353,98.353,4490.1,4490.1
124.08,124.08,5873.2,5873.2
69.454,69.454,3452.4,3452.4
118.39,118.39,5501.5,5501.5
97.01,97.01,4778,4778
97.041,97.041,4640.4,4640.4
57.48,57.48,2850,2850
108.41,108.41,5023,5023
57.821,57.821,2667.7,2667.7
119.71,119.71,5979.8,5979.8
106.87,106.87,4919.6,4919.6
123.68,123.68,6231,6231
114.6,114.6,5365.6,5365.6
73.242,73.242,3488.1,3488.1
115.44,115.44,5719.7,5719.7
101.73,101.73,4795,4795
69.892,69.892,3304,3304
95.93,95.93,4545.6,4545.6
119.62,119.62,5581.6,5581.6
100.88,100.88,4970.3,4970.3
87.674,87.674,4129.8,4129.8
66.547,66.547,3143.6,3143.6
118.7,118.7,5607.8,5607.8
119.91,119.91,5874.5,5874.5
111.06,111.06,5061,5061
126.73,126.73,6450,6450
120.43,120.43,6195.1,6195.1
115.69,115.69,5371.5,5371.5
117.33,117.33,5513.3,5513.3
119.11,119.11,6408.5,6408.5
94.708,94.708,4526.1,4526.1
126.56,126.56,6853.4,6853.4
125.64,125.64,5783.3,5783.3
104.3,104.3,5129.1,5129.1
124.5,124.5,5772.2,5772.2
115.3,115.3,5733.9,5733.9
93.5,93.5,4630.7,4630.7
119.23,119.23,5538.5,5538.5
110.89,110.89,5262.2,5262.2
89.693,89.693,4111.2,4111.2
102.42,102.42,4649,4649
123.76,123.76,5671.5,5671.5
115.07,115.07,5284.9,5284.9
48.108,48.108,2156.1,2156.1
123.9,123.9,6076.6,6076.6
93.181,93.181,4246.6,4246.6
95.535,95.535,4359.3,4359.3
112.85,112.85,5794.6,5794.6
128.02,128.02,5899.1,5899.1
106.69,106.69,4867.9,4867.9
101.47,101.47,4698.1,4698.1
89.786,89.786,4143.8,4143.8
120.95,120.95,5642.3,5642.3
121.06,121.06,5609.2,5609.2
86.324,86.324,4036.2,4036.2
108.1,108.1,4909.3,4909.3
119.36,119.36,5531,5531
48.909,48.909,2321.8,2321.8
102.01,102.01,4781.7,4781.7
104.72,104.72,5563.5,5563.5
113.84,113.84,5698.6,5698.6
128.04,128.04,5973.4,5973.4
113.01,113.01,5800.5,5800.5
107.69,107.69,4897.8,4897.8
112.21,112.21,5168,5168
104.39,104.39,4803.7,4803.7
108.23,108.23,4987.3,4987.3
95.852,95.852,4391.9,4391.9
127.1,127.1,5879,5879
127.66,127.66,5925.9,5925.9
79.916,79.916,3659.1,3659.1
99.845,99.845,4524.2,4524.2
90.441,90.441,4111.4,4111.4
114.07,114.07,5385.8,5385.8
103.85,103.85,5174.2,5174.2
97.817,97.817,4563.4,4563.4
112.22,112.22,5277.4,5277.4
103.44,103.44,4807.1,4807.1
124.47,124.47,5739.4,5739.4
79.021,79.021,3667.7,3667.7
112.34,112.34,5245.1,5245.1
117.7,117.7,5463.3,5463.3
102.52,102.52,4833.4,4833.4
93.71,93.71,4364.7,4364.7
124.25,124.25,5750.3,5750.3
126.63,126.63,5827.1,5827.1
122.12,122.12,5669.6,5669.6
71.837,71.837,3353.7,3353.7
115.92,115.92,5408.2,5408.2
126.76,126.76,6072,6072
125.27,125.27,5837.2,5837.2
38.125,38.125,1776.5,1776.5
0,0,0,0
0,0,0,0
0,0,0,0
30.119,0,526.64,0
171.2,0,2936.8,0
192.85,0,2804.9,0
208.37,0,3014.1,0
286.89,0,4118.7,0
328.96,0,4715.7,0
226.48,0,3261.7,0
106.98,0,1619.6,0
41.634,0,757.17,0
12.547,0,211.6,0
12.24,0,247.65,0
6.2894,0,108.49,0
10.157,0,190.17,0
7.2216,0,125.84,0
5.7275,0,99.175,0
9.1832,0,178.2,0
9.4204,0,181.19,0
7.8399,0,147.3,0
5.4837,0,100.1,0
6.9889,0,136.91,0
7.3989,0,151.48,0
6.154,0,127.99,0
6.4877,0,133.39,0
6.275,0,132.53,0
10.478,10.478,309.4,309.4
6.0117,5.0199,148.23,148.23
9.1575,6.4583,225.64,198.05
11.225,11.225,344.24,344.24
5.889,5.889,169.81,169.81
7.8461,0,202.21,0
6.2676,0,154.84,0
4.7122,0,111.88,0
7.2328,0,193.39,0
6.3466,0,161.19,0
4.1137,2.9502,104.92,100.77
16.872,16.872,576.3,576.3
6.3372,4.8713,172.96,166.39
9.9137,9.9137,312.69,312.69
13.639,13.639,478.01,478.01
23.067,23.067,952.86,952.86
28.246,28.246,1247.5,1247.5
23.149,23.149,1064,1064
29.69,29.69,1364.7,1364.7
5.2123,5.2123,166.3,166.3
12.582,12.582,433.39,433.39
46.216,46.216,2160.6,2160.6
32.924,32.924,1503.8,1503.8
47.646,15.931,2294.8,594.2
29.173,3.6941,1405.1,139.43
4.5782,4.5782,164.77,164.77
13.243,13.243,482.23,482.23
27.825,27.825,1159.3,1159.3
103.49,103.49,5180.4,5180.4
52.172,52.172,2611.4,2611.4
42.377,42.377,1978.2,1978.2
53.129,53.129,2606.7,2606.7
40.021,40.021,1963.6,1963.6
11.553,11.553,561.29,561.29
72.563,72.563,3525.5,3525.5
23.01,23.01,1118,1118
44.902,44.902,1921.5,1921.5
25.705,25.705,1203,1203
50.146,50.146,2459.9,2459.9
44.246,44.246,2177.2,2177.2
48.825,48.825,2268,2268
45.13,45.13,1979,1979
89.869,89.869,4393.2,4393.2
59.753,59.753,2927.2,2927.2
48.444,48.444,2227,2227
40.611,40.611,1824.5,1824.5
45.625,45.625,2018.6,2018.6
103.65,103.65,5263.9,5263.9
54.698,54.698,2777.7,2777.7
87.626,87.626,4232.8,4232.8
69.785,69.785,3371,3371
110.8,110.8,5310.2,5310.2
29.684,29.684,1422.7,1422.7
101.85,101.85,5002.6,5002.6
65.521,65.521,3100.6,3100.6
56.886,56.886,2796.7,2796.7
60.636,60.636,2981.1,2981.1
104.11,104.11,5163.2,5163.2
116.43,116.43,5546.4,5546.4
107.69,107.69,5123.7,5123.7
86.541,86.541,4060.9,4060.9
67.895,67.895,3128.5,3128.5
40.258,40.258,1743.8,1743.8
82.489,82.489,3798.6,3798.6
118.82,118.82,5625.2,5625.2
86.904,86.904,3967.4,3967.4
120.99,120.99,5726.6,5726.6
63.782,63.782,3170.4,3170.4
110.12,110.12,5117.2,5117.2
87.36,87.36,4302.7,4302.7
105.06,105.06,5023.7,5023.7
63.817,63.817,3164.2,3164.2
99.509,99.509,4610.5,4610.5
52.772,52.772,2434.8,2434.8
118.41,118.41,5914.9,5914.9
97.704,97.704,4497.5,4497.5
125.05,125.05,6300.1,6300.1
104.5,104.5,4857.2,4857.2
84.802,84.802,4038.6,4038.6
109.51,109.51,5425.4,5425.4
108.67,108.67,5122.3,5122.3
63.417,63.417,2997.8,2997.8
106.58,106.58,5050.4,5050.4
123.58,123.58,5766.4,5766.4
110.98,110.98,5468.1,5468.1
94.117,94.117,4433.2,4433.2
74.172,74.172,3503.8,3503.8
120.14,120.14,5832.8,5832.8
124.27,124.27,6088.2,6088.2
99.719,99.719,4544.3,4544.3
125.59,125.59,6392.3,6392.3
121.64,121.64,6257.4,6257.4
117.42,117.42,5451.7,5451.7
113.11,113.11,5325.3,5325.3
112.57,112.57,6697.2,6697.2
84.008,84.008,3962.5,3962.5
121.03,121.03,6553.9,6553.9
118.96,118.96,5476,5476
105.68,105.68,5248.1,5248.1
124.37,124.37,5766,5766
104.05,104.05,5174.5,5174.5
101.86,101.86,5044.5,5044.5
113.68,113.68,5702.7,5702.7
110.12,110.12,5226.1,5226.1
75.824,75.824,3475.5,3475.5
89.694,89.694,4071.4,4071.4
126.51,126.51,5864,5864
116.31,116.31,5341.9,5341.9
37.511,37.511,1681.1,1681.1
115.93,115.93,5685.8,5685.8
80.364,80.364,3662.5,3662.5
90.479,90.479,4382.9,4382.9
110.95,110.95,5617,5617
124.72,124.72,5747.2,5747.2
103.36,103.36,4716,4716
99.297,99.297,4777.7,4777.7
94.527,94.527,4362.6,4362.6
125.62,125.62,5859.9,5859.9
125.82,125.82,5829.4,5829.4
97.674,97.674,4567,4567
95.9,95.9,4355.3,4355.3
124.11,124.11,5750.8,5750.8
48.586,48.586,2274.4,2274.4
110.78,110.78,5192.8,5192.8
113.38,113.38,6023.8,6023.8
103.22,103.22,5215.4,5215.4
124.8,124.8,5887.1,5887.1
106.79,106.79,5481.1,5481.1
95.304,95.304,4334.5,4334.5
100.34,100.34,4621,4621
115.03,115.03,5293.7,5293.7
105.89,105.89,4879.2,4879.2
82.15,82.15,3764.1,3764.1
127.55,127.55,5899.5,5899.5
121.91,121.91,5658.9,5658.9
86.693,86.693,3969.4,3969.4
87.344,87.344,4139.1,4139.1
83.069,83.069,3914.1,3914.1
102.67,102.67,4847.4,4847.4
90.616,90.616,4515,4515
101.88,101.88,4752.9,4752.9
117.67,117.67,5533.7,5533.7
100.25,100.25,4658.9,4658.9
116.6,116.6,5376.5,5376.5
77.322,77.322,3588.9,3588.9
101.6,101.6,4743.8,4743.8
110.37,110.37,5123.2,5123.2
104.66,104.66,4934.4,4934.4
86.174,86.174,4013.7,4013.7
124.78,124.78,5775,5775
127.17,127.17,5852,5852
126.06,126.06,5852.4,5852.4
85.027,85.027,3969.3,3969.3
115.21,115.21,5374.9,5374.9
127.75,127.75,6119.6,6119.6
125.49,125.49,5847.4,5847.4
38.192,38.192,1779.6,1779.6
0,0,0,0
0,0,0,0
0,0,0,0
24.091,0,421.25,0
136.52,0,2349,0
153.14,0,2227.4,0
167.27,0,2419.6,0
243.39,0,3494.3,0
288.65,0,4137.8,0
185.95,0,2678,0
79.247,0,1199.4,0
28.923,0,526,0
7.8145,0,131.79,0
7.7071,0,155.94,0
0,0,0,0
6.3093,0,118.12,0
4.3635,0,76.036,0
0,0,0,0
5.6883,0,110.38,0
5.8243,0,112.03,0
4.776,0,89.735,0
0,0,0,0
4.257,0,83.393,0
4.5066,0,92.264,0
3.7634,0,78.273,0
3.9559,0,81.335,0
3.8145,0,80.565,0
6.7422,6.7422,199.09,199.09
3.6304,3.2302,95.385,95.385
5.7309,4.2051,141.21,128.95
7.309,7.309,224.14,224.14
3.8121,3.8121,109.92,109.92
4.9007,0,126.3,0
3.8428,0,94.932,0
0,0,0,0
4.5045,0,120.44,0
3.8874,0,98.732,0
0,0,0,0
11.326,11.326,386.87,386.87
3.9311,3.2701,111.7,111.7
6.3297,6.3297,199.65,199.65
8.9996,8.9996,315.4,315.4
16.326,16.326,674.41,674.41
20.849,20.849,920.83,920.83
17.237,17.237,792.3,792.3
22.108,22.108,1016.2,1016.2
3.3061,3.3061,105.48,105.48
8.2596,8.2596,284.5,284.5
35.432,35.432,1656.4,1656.4
24.94,24.94,1139.1,1139.1
37.626,10.694,1812.2,398.85
23.038,2.4614,1109.6,92.899
2.9789,2.9789,107.21,107.21
8.958,8.958,326.21,326.21
20.08,20.08,836.6,836.6
105.69,105.69,5290.6,5290.6
53.281,53.281,2667,2667
32.787,32.787,1530.5,1530.5
42.959,42.959,2107.7,2107.7
32.36,32.36,1587.7,1587.7
9.5012,9.5012,461.62,461.62
59.678,59.678,2899.5,2899.5
18.924,18.924,919.46,919.46
34.081,34.081,1458.4,1458.4
18.666,18.666,873.59,873.59
39.303,39.303,1928,1928
33.447,33.447,1645.8,1645.8
38.309,38.309,1779.5,1779.5
34.948,34.948,1532.5,1532.5
98.708,98.708,4825.3,4825.3
53.408,53.408,2616.4,2616.4
39.386,39.386,1810.6,1810.6
32.116,32.116,1442.8,1442.8
34.766,34.766,1659.6,1659.6
98.188,98.188,4986.2,4986.2
51.813,51.813,2631.2,2631.2
81.076,81.076,3916.4,3916.4
64.569,64.569,3119,3119
100.9,100.9,4836.1,4836.1
27.034,27.034,1295.7,1295.7
90.717,90.717,4455.8,4455.8
58.032,58.032,2746.2,2746.2
47.715,47.715,2345.9,2345.9
50.861,50.861,2500.5,2500.5
106.78,106.78,5295.9,5295.9
107.94,107.94,5142.3,5142.3
101.04,101.04,4807.4,4807.4
73.048,73.048,3427.7,3427.7
54.531,54.531,2512.7,2512.7
30.294,30.294,1312.2,1312.2
70.83,70.83,3261.6,3261.6
115.27,115.27,5553.1,5553.1
74.404,74.404,3396.8,3396.8
114.3,114.3,5410.3,5410.3
56.754,56.754,2821.1,2821.1
99.252,99.252,4612,4612
78.169,78.169,3754.4,3754.4
110.2,110.2,5269.9,5269.9
68.653,68.653,3403.9,3403.9
88.501,88.501,4100.5,4100.5
46.669,46.669,2153.2,2153.2
116.68,116.68,5669.1,5669.1
102.12,102.12,4870.3,4870.3
122.51,122.51,6172.2,6172.2
98.596,98.596,4718,4718
95.137,95.137,4530.8,4530.8
100.65,100.65,4986.5,4986.5
112.48,112.48,5302,5302
55.754,55.754,2635.6,2635.6
114.75,114.75,5437.2,5437.2
123.71,123.71,5772.2,5772.2
118.31,118.31,5829.1,5829.1
97.896,97.896,4611.3,4611.3
80.104,80.104,3784,3784
124.29,124.29,6034.2,6034.2
124.79,124.79,6113.9,6113.9
86.757,86.757,3953.6,3953.6
120.6,120.6,6138.4,6138.4
119.04,119.04,6124,6124
115.47,115.47,5361.3,5361.3
120.81,120.81,5687.8,5687.8
113.99,113.99,6781.5,6781.5
74.148,74.148,3497.4,3497.4
112.15,112.15,6072.9,6072.9
109.15,109.15,5024.1,5024.1
108.13,108.13,5370.1,5370.1
120.38,120.38,5580.9,5580.9
90.981,90.981,4524.6,4524.6
107.51,107.51,5324.7,5324.7
113.3,113.3,5689.4,5689.4
105.97,105.97,5029,5029
74.876,74.876,3484.2,3484.2
76.112,76.112,3454.9,3454.9
127.26,127.26,5898.4,5898.4
113.91,113.91,5231.8,5231.8
28.34,28.34,1270.1,1270.1
105.1,105.1,5155,5155
67.158,67.158,3060.7,3060.7
99.95,99.95,5081.4,5081.4
105.69,105.69,5275.8,5275.8
117.74,117.74,5425.4,5425.4
97.024,97.024,4427,4427
110.38,110.38,5311,5311
97.909,97.909,4548.9,4548.9
126.41,126.41,5897.1,5897.1
126.7,126.7,5870.2,5870.2
107.09,107.09,5007,5007
82.435,82.435,3743.8,3743.8
125.03,125.03,5793.6,5793.6
53.085,53.085,2485,2485
116.56,116.56,5464.1,5464.1
118.95,118.95,6319.7,6319.7
96.989,96.989,4625.1,4625.1
126.63,126.63,5973.4,5973.4
97.774,97.774,5018.5,5018.5
81.724,81.724,3716.9,3716.9
86.931,86.931,4003.6,4003.6
122.83,122.83,5652.5,5652.5
100.38,100.38,4625.4,4625.4
73.938,73.938,3402.8,3402.8
124.02,124.02,5736.4,5736.4
112.8,112.8,5236.2,5236.2
91.126,91.126,4172.4,4172.4
97.93,97.93,4659.2,4659.2
96.013,96.013,4524,4524
92.685,92.685,4428.2,4428.2
76.615,76.615,3817.4,3817.4
102.82,102.82,4796.6,4796.6
119.55,119.55,5622.2,5622.2
94.137,94.137,4375,4375
105.84,105.84,4880.1,4880.1
73.312,73.312,3402.7,3402.7
103.97,103.97,5216.3,5216.3
100.29,100.29,4655.1,4655.1
103.53,103.53,4881.1,4881.1
92.486,92.486,4542.5,4542.5
121.43,121.43,5619.7,5619.7
123.75,123.75,5694.6,5694.6
126.08,126.08,5853.5,5853.5
97.514,97.514,4552.2,4552.2
110.94,110.94,5176,5176
125.25,125.25,5976.1,5976.1
121.81,121.81,5675.8,5675.8
37.071,37.071,1727.4,1727.4
0,0,0,0
0,0,0,0
0,0,0,0
18.672,0,326.49,0
105.49,0,1820.6,0
117.84,0,1713.9,0
130.11,0,1882,0
200.08,0,2872.5,0
245.41,0,3518,0
147.93,0,2130.4,0
59.864,0,875.07,0
19.469,0,354.06,0
4.7159,0,79.532,0
4.7024,0,95.146,0
0,0,0,0
3.7973,0,71.092,0
0,0,0,0
0,0,0,0
0,0,0,0
0,0,0,0
0,0,0,0
0,0,0,0
0,0,0,0
0,0,0,0
0,0,0,0
0,0,0,0
0,0,0,0
4.2038,4.2038,124.13,124.13
0,0,0,0
3.4751,2.653,85.625,81.358
4.6113,4.6113,141.41,141.41
2.3911,2.3911,68.948,68.948
2.9659,0,76.435,0
0,0,0,0
0,0,0,0
2.7182,0,72.68,0
0,0,0,0
0,0,0,0
7.3671,7.3671,251.64,251.64
2.127,2.127,72.656,72.656
3.916,3.916,123.51,123.51
5.7537,5.7537,201.64,201.64
11.196,11.196,462.51,462.51
14.912,14.912,658.61,658.61
12.436,12.436,571.63,571.63
15.951,15.951,733.18,733.18
0,0,0,0
5.2537,5.2537,180.96,180.96
26.321,26.321,1230.5,1230.5
18.306,18.306,836.09,836.09
28.791,6.9552,1386.7,259.41
17.629,0,849.06,0
0,0,0,0
5.8716,5.8716,213.81,213.81
14.04,14.04,584.98,584.98
104.59,104.59,5235.3,5235.3
52.725,52.725,2639.1,2639.1
24.579,24.579,1147.4,1147.4
33.657,33.657,1651.3,1651.3
25.353,25.353,1243.9,1243.9
7.5715,7.5715,367.87,367.87
47.557,47.557,2310.6,2310.6
15.081,15.081,732.71,732.71
25.065,25.065,1072.6,1072.6
13.133,13.133,614.67,614.67
29.848,29.848,1464.2,1464.2
24.499,24.499,1205.5,1205.5
29.124,29.124,1352.8,1352.8
26.223,26.223,1149.9,1149.9
105.05,105.05,5135.3,5135.3
53.159,53.159,2598.6,2598.6
31.027,31.027,1426.3,1426.3
24.61,24.61,1105.6,1105.6
27.462,27.462,1322.1,1322.1
90.121,90.121,4576.6,4576.6
47.556,47.556,2415,2415
72.686,72.686,3511.2,3511.2
57.888,57.888,2796.3,2796.3
89.042,89.042,4267.6,4267.6
23.855,23.855,1143.3,1143.3
78.293,78.293,3845.5,3845.5
49.802,49.802,2356.8,2356.8
38.78,38.78,1906.6,1906.6
41.337,41.337,2032.3,2032.3
106.13,106.13,5263.4,5263.4
96.971,96.971,4619.6,4619.6
91.861,91.861,4370.6,4370.6
59.744,59.744,2803.5,2803.5
42.438,42.438,1955.5,1955.5
22.088,22.088,956.75,956.75
58.93,58.93,2713.7,2713.7
119.75,119.75,5768.8,5768.8
61.724,61.724,2817.9,2817.9
104.64,104.64,4952.8,4952.8
48.933,48.933,2432.4,2432.4
86.675,86.675,4027.6,4027.6
86.751,86.751,4151.3,4151.3
112.01,112.01,5356.4,5356.4
71.561,71.561,3548.2,3548.2
76.267,76.267,3533.6,3533.6
39.99,39.99,1845,1845
120.33,120.33,5730.2,5730.2
109.32,109.32,5213.9,5213.9
116.3,116.3,5859.2,5859.2
94.175,94.175,4506.4,4506.4
103.42,103.42,4925.1,4925.1
96.465,96.465,4575,4575
112.82,112.82,5317.6,5317.6
47.496,47.496,2245.3,2245.3
119.7,119.7,5671.7,5671.7
119.99,119.99,5598.7,5598.7
122.2,122.2,6020.9,6020.9
98.666,98.666,4647.5,4647.5
83.824,83.824,3959.8,3959.8
124.59,124.59,6048.8,6048.8
121.43,121.43,5949,5949
73.136,73.136,3332.9,3332.9
123.68,123.68,6003.3,6003.3
117.97,117.97,5807.4,5807.4
110.03,110.03,5108.7,5108.7
125.02,125.02,5886.4,5886.4
111.84,111.84,6653.6,6653.6
67.217,67.217,3167.8,3167.8
100.69,100.69,5452.5,5452.5
97.028,97.028,4466.3,4466.3
107.21,107.21,5324.3,5324.3
112.9,112.9,5234.1,5234.1
77.085,77.085,3833.6,3833.6
109.96,109.96,5446,5446
112.39,112.39,5500,5500
98.81,98.81,4689.1,4689.1
73.007,73.007,3397.2,3397.2
73.519,73.519,3456.7,3456.7
124.03,124.03,5748.8,5748.8
108.1,108.1,4964.9,4964.9
22.568,22.568,1113.9,1113.9
92.333,92.333,4528.6,4528.6
54.38,54.38,2478.3,2478.3
110.11,110.11,5708.4,5708.4
101.34,101.34,5100,5100
107.69,107.69,4962.6,4962.6
88.25,88.25,4026.6,4026.6
118.89,118.89,5720.6,5720.6
109.11,109.11,5069.2,5069.2
125.39,125.39,6071.6,6071.6
124.03,124.03,5772.3,5772.3
113.76,113.76,5319,5319
68.661,68.661,3118.2,3118.2
122.05,122.05,5655.5,5655.5
56.198,56.198,2630.7,2630.7
118.85,118.85,5571.1,5571.1
120.92,120.92,6424.3,6424.3
102.81,102.81,4755.6,4755.6
124.5,124.5,5872.6,5872.6
88.672,88.672,4452.3,4452.3
67.903,67.903,3088.3,3088.3
72.978,72.978,3361,3361
127.08,127.08,5848.2,5848.2
92.203,92.203,4248.6,4248.6
73.834,73.834,3442.2,3442.2
116.84,116.84,5404.5,5404.5
106.14,106.14,4882.8,4882.8
92.81,92.81,4249.5,4249.5
106.81,106.81,5081.9,5081.9
107.53,107.53,5066.6,5066.6
96.523,96.523,4611.6,4611.6
62.767,62.767,3127.4,3127.4
100.54,100.54,4690.4,4690.4
117.69,117.69,5541.2,5541.2
85.657,85.657,3980.9,3980.9
93.084,93.084,4292.1,4292.1
67.351,67.351,3126.1,3126.1
114.53,114.53,5745.8,5745.8
88.293,88.293,4098.4,4098.4
99.231,99.231,4678.4,4678.4
102.01,102.01,5010.5,5010.5
114.49,114.49,5298.7,5298.7
124.02,124.02,5853.5,5853.5
122.19,122.19,5672.9,5672.9
108.36,108.36,5058.6,5058.6
103.52,103.52,4829.6,4829.6
122.48,122.48,5654.8,5654.8
114.56,114.56,6176.6,6176.6
34.866,34.866,1624.6,1624.6
0,0,0,0
0,0,0,0
0,0,0,0
14.022,0,245.18,0
78.98,0,1367.2,0
87.858,0,1277.9,0
98.064,0,1418.5,0
159.37,0,2288,0
202.17,0,2898.2,0
114.03,0,1642.2,0
43.817,0,640.51,0
12.698,0,230.93,0
0,0,0,0
0,0,0,0
0,0,0,0
0,0,0,0
0,0,0,0
0,0,0,0
0,0,0,0
0,0,0,0
0,0,0,0
0,0,0,0
0,0,0,0
0,0,0,0
0,0,0,0
0,0,0,0
0,0,0,0
2.5397,2.5397,74.994,74.994
0,0,0,0
0,0,0,0
2.8189,2.8189,86.447,86.447
0,0,0,0
0,0,0,0
0,0,0,0
0,0,0,0
0,0,0,0
0,0,0,0
0,0,0,0
4.6432,4.6432,158.6,158.6
0,0,0,0
2.3474,2.3474,74.04,74.04
3.5643,3.5643,124.91,124.91
7.4402,7.4402,307.34,307.34
10.334,10.334,456.43,456.43
8.694,8.694,399.62,399.62
11.151,11.151,512.56,512.56
0,0,0,0
3.238,3.238,127.2,127.2
18.945,18.945,885.69,885.69
13.019,13.019,594.63,594.63
21.346,4.3832,1028.1,163.49
13.07,0,629.52,0
0,0,0,0
3.729,3.729,135.79,135.79
10.044,10.044,502.73,502.73
100.29,100.29,5019.8,5019.8
50.554,50.554,2530.5,2530.5
17.854,17.854,833.45,833.45
25.55,25.55,1253.6,1253.6
19.247,19.247,944.31,944.31
5.8463,5.8463,284.05,284.05
36.721,36.721,1784.1,1784.1
11.645,11.645,565.77,565.77
17.861,17.861,764.34,764.34
8.954,8.954,419.06,419.06
21.964,21.964,1077.4,1077.4
17.388,17.388,855.59,855.59
21.454,21.454,996.55,996.55
19.065,19.065,836.01,836.01
108.33,108.33,5295.6,5295.6
54.819,54.819,2679.8,2679.8
23.683,23.683,1088.8,1088.8
18.272,18.272,820.88,820.88
21.197,21.197,1020.5,1020.5
80.149,80.149,4070.2,4070.2
42.294,42.294,2147.8,2147.8
63.142,63.142,3050.1,3050.1
50.286,50.286,2429.1,2429.1
76.134,76.134,3648.9,3648.9
20.397,20.397,977.6,977.6
65.472,65.472,3215.8,3215.8
41.413,41.413,1959.8,1959.8
30.54,30.54,1501.5,1501.5
32.554,32.554,1600.5,1600.5
102.2,102.2,5068.7,5068.7
84.409,84.409,4021.1,4021.1
80.921,80.921,3850.1,3850.1
47.346,47.346,2221.7,2221.7
32.001,32.001,1474.6,1474.6
15.604,15.604,675.92,675.92
47.507,47.507,2187.7,2187.7
120.54,120.54,5806.8,5806.8
49.615,49.615,2265.1,2265.1
92.813,92.813,4393.1,4393.1
40.88,40.88,2032,2032
73.342,73.342,3408,3408
93.285,93.285,4464,4464
110.32,110.32,5275.4,5275.4
72.277,72.277,3583.7,3583.7
63.684,63.684,2950.6,2950.6
33.203,33.203,1556.1,1556.1
120.25,120.25,5726.2,5726.2
113.4,113.4,5408.5,5408.5
109.65,109.65,5389.4,5389.4
92.544,92.544,4396.6,4396.6
108.93,108.93,5187.6,5187.6
103.54,103.54,4910.5,4910.5
109.64,109.64,5167.7,5167.7
41.252,41.252,1954.7,1954.7
120.98,120.98,5732.8,5732.8
119.8,119.8,5674.6,5674.6
122.31,122.31,6026,6026
96.354,96.354,4538.6,4538.6
84.993,84.993,4015,4015
121.01,121.01,5875.1,5875.1
114.48,114.48,5608.8,5608.8
61.927,61.927,2849.1,2849.1
123.65,123.65,6002.1,6002.1
115.95,115.95,5412.6,5412.6
101.59,101.59,4716.8,4716.8
125.37,125.37,5902.8,5902.8
106.33,106.33,6325.5,6325.5
66.973,66.973,3156.3,3156.3
87.596,87.596,4743.5,4743.5
92.198,92.198,4836.5,4836.5
103,103,5911.2,5911.2
102.59,102.59,4756.4,4756.4
69.572,69.572,3306.9,3306.9
108.98,108.98,5397.1,5397.1
119.21,119.21,5585.9,5585.9
92.144,92.144,4287.8,4287.8
68.974,68.974,3209.6,3209.6
84.508,84.508,3973.4,3973.4
117.13,117.13,5429.1,5429.1
99.403,99.403,4565.3,4565.3
25.594,25.594,1263.2,1263.2
103.86,103.86,5126.4,5126.4
42.666,42.666,2085.7,2085.7
117.53,117.53,6213.6,6213.6
112.22,112.22,5647.4,5647.4
95.446,95.446,4398.3,4398.3
77.777,77.777,3548.7,3548.7
124.08,124.08,5970.3,5970.3
117.81,117.81,5473.6,5473.6
127.17,127.17,6158,6158
118.77,118.77,5527.4,5527.4
117.1,117.1,5475,5475
64.053,64.053,2975.3,2975.3
115.44,115.44,5349.3,5349.3
57.648,57.648,2724.4,2724.4
117.41,117.41,5503.8,5503.8
120.28,120.28,6327.9,6327.9
105.6,105.6,4884.6,4884.6
118.6,118.6,5594.4,5594.4
87.399,87.399,4422.5,4422.5
69.559,69.559,3256.8,3256.8
63.959,63.959,3012.2,3012.2
127.4,127.4,5862.8,5862.8
92.097,92.097,4785.4,4785.4
85.29,85.29,3976.3,3976.3
106.67,106.67,4933.8,4933.8
105.82,105.82,4868.4,4868.4
91.591,91.591,4193.7,4193.7
112.89,112.89,5370.7,5370.7
116.69,116.69,5498.1,5498.1
97.398,97.398,4653.4,4653.4
49.825,49.825,2482.5,2482.5
95.259,95.259,4444.1,4444.1
123.46,123.46,5878.8,5878.8
75.52,75.52,3509.8,3509.8
79.326,79.326,3657.7,3657.7
66.851,66.851,3225.1,3225.1
122.24,122.24,6132.6,6132.6
75.321,75.321,3496.3,3496.3
92.158,92.158,4345,4345
109.03,109.03,5355.1,5355.1
104.6,104.6,5197.4,5197.4
126.59,126.59,5974.6,5974.6
114.75,114.75,5327.1,5327.1
116.68,116.68,5446.8,5446.8
103.74,103.74,4840.6,4840.6
116.05,116.05,5356.1,5356.1
114.31,114.31,6797.6,6797.6
31.774,31.774,1523.6,1523.6
2.0437,2.0437,106.76,106.76
0,0,0,0
0,0,0,0
10.203,0,178.41,0
57.297,0,994.89,0
63.471,0,923.16,0
71.615,0,1035.9,0
123,0,1765.9,0
161.38,0,2313.5,0
85.173,0,1226.6,0
31.076,0,454.27,0
8.0248,0,145.94,0
0,0,0,0
0,0,0,0
0,0,0,0
0,0,0,0
0,0,0,0
0,0,0,0
0,0,0,0
0,0,0,0
0,0,0,0
0,0,0,0
0,0,0,0
0,0,0,0
0,0,0,0
0,0,0,0
0,0,0,0
0,0,0,0
0,0,0,0
0,0,0,0
0,0,0,0
0,0,0,0
0,0,0,0
0,0,0,0
0,0,0,0
0,0,0,0
0,0,0,0
0,0,0,0
2.8356,2.8356,96.857,96.857
0,0,0,0
0,0,0,0
2.1395,2.1395,74.98,74.98
4.7906,4.7906,197.89,197.89
6.9397,6.9397,306.5,306.5
5.8892,5.8892,270.7,270.7
7.5534,7.5534,347.2,347.2
0,0,0,0
1.8976,1.8976,88.713,88.713
13.213,13.213,617.71,617.71
8.9717,8.9717,409.77,409.77
15.335,2.6766,738.62,99.831
9.3897,0,452.25,0
0,0,0,0
2.2948,2.2948,83.565,83.565
9.3312,9.3312,467.07,467.07
93.172,93.172,4663.7,4663.7
46.968,46.968,2351,2351
12.566,12.566,586.61,586.61
18.794,18.794,922.12,922.12
14.157,14.157,694.61,694.61
4.3741,4.3741,212.52,212.52
27.474,27.474,1334.9,1334.9
8.7123,8.7123,423.29,423.29
12.333,12.333,527.76,527.76
5.915,5.915,276.83,276.83
15.66,15.66,768.23,768.23
11.957,11.957,588.38,588.38
15.313,15.313,711.31,711.31
13.431,13.431,588.95,588.95
108.24,108.24,5291.4,5291.4
54.774,54.774,2677.6,2677.6
17.517,17.517,805.26,805.26
13.145,13.145,590.57,590.57
15.854,15.854,763.23,763.23
69.067,69.067,3507.4,3507.4
36.446,36.446,1850.8,1850.8
53.148,53.148,2567.3,2567.3
42.327,42.327,2044.6,2044.6
63.077,63.077,3023.1,3023.1
16.899,16.899,809.94,809.94
53.051,53.051,2605.7,2605.7
33.368,33.368,1579.1,1579.1
23.304,23.304,1145.7,1145.7
24.841,24.841,1221.3,1221.3
95.362,95.362,4729.6,4729.6
71.193,71.193,3391.5,3391.5
69.072,69.072,3286.3,3286.3
36.356,36.356,1706,1706
23.382,23.382,1077.4,1077.4
10.682,10.682,462.7,462.7
37.109,37.109,1708.9,1708.9
117.56,117.56,5663.6,5663.6
38.643,38.643,1764.2,1764.2
79.769,79.769,3775.7,3775.7
33.092,33.092,1644.9,1644.9
69.526,69.526,3327.1,3327.1
97.197,97.197,4651.2,4651.2
105.28,105.28,5034.2,5034.2
70.734,70.734,3507.1,3507.1
51.525,51.525,2387.3,2387.3
38.381,38.381,1810.5,1810.5
116.43,116.43,5544.5,5544.5
113.98,113.98,5436.1,5436.1
110.6,110.6,5270.6,5270.6
98.512,98.512,4680.1,4680.1
111.17,111.17,5294.4,5294.4
107.68,107.68,5107,5107
103.24,103.24,4866.1,4866.1
40.401,40.401,1914.4,1914.4
118.49,118.49,5614.5,5614.5
119.51,119.51,5660.7,5660.7
118.61,118.61,5843.8,5843.8
91.174,91.174,4294.7,4294.7
83.503,83.503,3944.6,3944.6
113.89,113.89,5529.2,5529.2
104.59,104.59,5124,5124
51.491,51.491,2369,2369
119.79,119.79,5814.6,5814.6
110.43,110.43,5300.3,5300.3
90.884,90.884,4219.8,4219.8
121.81,121.81,5735.4,5735.4
100.64,100.64,5826.9,5826.9
64.658,64.658,3047.2,3047.2
73.84,73.84,3998.6,3998.6
104.2,104.2,5465.9,5465.9
111.89,111.89,6451.5,6451.5
90.336,90.336,4188.2,4188.2
67.71,67.71,3218.4,3218.4
104.64,104.64,5182.6,5182.6
122.53,122.53,5741.3,5741.3
84.351,84.351,3925.1,3925.1
63.141,63.141,2938.1,2938.1
94.124,94.124,4425.5,4425.5
107.18,107.18,5000.2,5000.2
88.566,88.566,4067.6,4067.6
31.251,31.251,1448.1,1448.1
114.13,114.13,5633.2,5633.2
40.359,40.359,2199.7,2199.7
121.57,121.57,6553.5,6553.5
120.4,120.4,6059.4,6059.4
81.967,81.967,3777.2,3777.2
66.418,66.418,3030.5,3030.5
125.48,125.48,6037.6,6037.6
123.26,123.26,5726.8,5726.8
124.98,124.98,6051.7,6051.7
110.2,110.2,5128.6,5128.6
116.79,116.79,5460.7,5460.7
74.515,74.515,3461.3,3461.3
113.32,113.32,5304.6,5304.6
66.881,66.881,3379.9,3379.9
112.39,112.39,5268.6,5268.6
115.97,115.97,6039.4,6039.4
112.35,112.35,5320.2,5320.2
111.35,111.35,5280.7,5280.7
85.619,85.619,4396.3,4396.3
82.823,82.823,3877.8,3877.8
77.373,77.373,3643.9,3643.9
123.75,123.75,5695,5695
100.65,100.65,5230,5230
95.465,95.465,4450.7,4450.7
108.12,108.12,5089.3,5089.3
102.23,102.23,4703.3,4703.3
87.582,87.582,4010.1,4010.1
115.6,115.6,5499.8,5499.8
122.69,122.69,5781.2,5781.2
95.23,95.23,4549.8,4549.8
38.323,38.323,1909.5,1909.5
90.704,90.704,4209.7,4209.7
126.91,126.91,6375.6,6375.6
65.86,65.86,3530.7,3530.7
65.502,65.502,3020.3,3020.3
72.268,72.268,3486.4,3486.4
126.41,126.41,6342.2,6342.2
62.26,62.26,2890,2890
82.932,82.932,3910,3910
112.91,112.91,5545.7,5545.7
105.19,105.19,5409,5409
125.19,125.19,5908.9,5908.9
104.41,104.41,4847.1,4847.1
121.73,121.73,5682.7,5682.7
112.93,112.93,5269.6,5269.6
106.54,106.54,4917.4,4917.4
121.9,121.9,7248.8,7248.8
28.057,28.057,1624.8,1624.8
3.1069,3.1069,162.3,162.3
0,0,0,0
0,0,0,0
7.1941,0,125.79,0
40.276,0,701.47,0
44.429,0,646.21,0
50.675,0,733,0
91.984,0,1320.6,0
124.82,0,1789.4,0
61.642,0,887.73,0
21.356,0,312.17,0
4.914,0,89.368,0
0,0,0,0
0,0,0,0
0,0,0,0
0,0,0,0
0,0,0,0
0,0,0,0
0,0,0,0
0,0,0,0
0,0,0,0
0,0,0,0
0,0,0,0
0,0,0,0
0,0,0,0
0,0,0,0
0,0,0,0
0,0,0,0
0,0,0,0
0,0,0,0
0,0,0,0
0,0,0,0
0,0,0,0
0,0,0,0
0,0,0,0
0,0,0,0
0,0,0,0
0,0,0,0
0,0,0,0
0,0,0,0
0,0,0,0
0,0,0,0
2.9888,2.9888,123.46,123.46
4.5154,4.5154,199.42,199.42
3.8654,3.8654,177.67,177.67
4.9577,4.9577,227.88,227.88
0,0,0,0
0,0,0,0
8.9291,8.9291,417.44,417.44
5.9906,5.9906,273.61,273.61
10.675,0,514.15,0
6.5362,0,314.81,0
0,0,0,0
0,0,0,0
8.4001,8.4001,420.47,420.47
83.875,83.875,4198.4,4198.4
42.282,42.282,2116.4,2116.4
8.57,8.57,400.06,400.06
13.395,13.395,657.22,657.22
10.09,10.09,495.07,495.07
3.171,3.171,154.07,154.07
19.917,19.917,967.7,967.7
6.316,6.316,306.87,306.87
8.2513,8.2513,353.1,353.1
3.7861,3.7861,177.2,177.2
10.819,10.819,530.75,530.75
7.9677,7.9677,392.06,392.06
10.591,10.591,491.95,491.95
10.456,10.456,511.11,511.11
104.8,104.8,5123,5123
53.031,53.031,2592.4,2592.4
12.553,12.553,577.09,577.09
9.1636,9.1636,411.68,411.68
11.489,11.489,553.11,553.11
57.669,57.669,2928.6,2928.6
30.432,30.432,1545.4,1545.4
43.346,43.346,2093.9,2093.9
34.521,34.521,1667.6,1667.6
50.636,50.636,2426.9,2426.9
13.566,13.566,650.19,650.19
41.651,41.651,2045.8,2045.8
26.051,26.051,1232.8,1232.8
17.23,17.23,847.11,847.11
18.366,18.366,902.97,902.97
86.219,86.219,4276.1,4276.1
58.182,58.182,2771.7,2771.7
57.126,57.126,2718,2718
27.05,27.05,1269.3,1269.3
16.554,16.554,762.79,762.79
7.0852,7.0852,306.9,306.9
28.087,28.087,1293.4,1293.4
111.1,111.1,5352.4,5352.4
32.334,32.334,1557.7,1557.7
66.43,66.43,3144.4,3144.4
25.956,25.956,1290.2,1290.2
70.193,70.193,3359,3359
98.129,98.129,4695.8,4695.8
97.345,97.345,4654.9,4654.9
67.074,67.074,3325.7,3325.7
40.394,40.394,1871.5,1871.5
43.269,43.269,2041.1,2041.1
109.24,109.24,5201.8,5201.8
112.67,112.67,5361.5,5361.5
108.1,108.1,5151.3,5151.3
101.61,101.61,4827.2,4827.2
116.62,116.62,5531.2,5531.2
108.51,108.51,5146.5,5146.5
96.332,96.332,4518.1,4518.1
38.339,38.339,1816.7,1816.7
112.44,112.44,5328,5328
115.51,115.51,5471.5,5471.5
111.45,111.45,5491.2,5491.2
83.595,83.595,3937.6,3937.6
79.492,79.492,3755.1,3755.1
103.85,103.85,5042.1,5042.1
92.578,92.578,4535.6,4535.6
41.485,41.485,1909.5,1909.5
112.45,112.45,5458,5458
116.82,116.82,5698.7,5698.7
78.783,78.783,3658,3658
114.69,114.69,5399.7,5399.7
94.148,94.148,5200.9,5200.9
77.016,77.016,3599.2,3599.2
60.311,60.311,3266,3266
114.1,114.1,5985.4,5985.4
118.33,118.33,6822.5,6822.5
77.074,77.074,3573.3,3573.3
63.852,63.852,3035,3035
97.364,97.364,4822,4822
122.03,122.03,5717.8,5717.8
74.82,74.82,3481.6,3481.6
56.006,56.006,2606.1,2606.1
101.58,101.58,4776,4776
101.51,101.51,4752.5,4752.5
76.459,76.459,3511.6,3511.6
41.417,41.417,1919.2,1919.2
121.52,121.52,5997.9,5997.9
41.245,41.245,2248.1,2248.1
122.88,122.88,6697.4,6697.4
125.18,125.18,6299.6,6299.6
68.206,68.206,3143,3143
54.958,54.958,2507.6,2507.6
122.95,122.95,5916,5916
124.96,124.96,5805.6,5805.6
119.01,119.01,5762.6,5762.6
99.07,99.07,4610.8,4610.8
112.86,112.86,5277.2,5277.2
83.994,83.994,3901.6,3901.6
109.14,109.14,5108.8,5108.8
80.395,80.395,4062.9,4062.9
104.25,104.25,4886.7,4886.7
108.35,108.35,5585,5585
120.33,120.33,5698.4,5698.4
115.42,115.42,5473.5,5473.5
82.469,82.469,4234.6,4234.6
95.554,95.554,4473.9,4473.9
90.694,90.694,4271.3,4271.3
116.48,116.48,5360.2,5360.2
106.59,106.59,5538.4,5538.4
103.54,103.54,4827,4827
117.55,117.55,5533.2,5533.2
95.702,95.702,4402.8,4402.8
81.148,81.148,3715.5,3715.5
114.7,114.7,5457.1,5457.1
125,125,5890,5890
90.22,90.22,4310.5,4310.5
28.562,28.562,1423.1,1423.1
87.331,87.331,4053.1,4053.1
126.41,126.41,6840.1,6840.1
67.203,67.203,3602.7,3602.7
53.654,53.654,2490.3,2490.3
75.699,75.699,3651.9,3651.9
126.68,126.68,6355.3,6355.3
49.866,49.866,2314.7,2314.7
72.313,72.313,3409.3,3409.3
113.3,113.3,5564.8,5564.8
106.07,106.07,5454.5,5454.5
119.97,119.97,5662.4,5662.4
96.558,96.558,4540.3,4540.3
123.06,123.06,5744.8,5744.8
119.13,119.13,5558.6,5558.6
94.779,94.779,4374.4,4374.4
125.96,125.96,7490,7490
28.233,28.233,1678.8,1678.8
4.5766,4.5766,239.07,239.07
0,0,0,0
0,0,0,0
4.9149,0,85.939,0
27.432,0,479.23,0
30.134,0,438.3,0
34.745,0,502.58,0
66.653,0,956.9,0
93.548,0,1341,0
43.227,0,622.53,0
14.22,0,207.87,0
0,0,0,0
0,0,0,0
0,0,0,0
0,0,0,0
0,0,0,0
0,0,0,0
0,0,0,0
0,0,0,0
0,0,0,0
0,0,0,0
0,0,0,0
0,0,0,0
0,0,0,0
0,0,0,0
0,0,0,0
0,0,0,0
0,0,0,0
0,0,0,0
0,0,0,0
0,0,0,0
0,0,0,0
0,0,0,0
0,0,0,0
0,0,0,0
0,0,0,0
0,0,0,0
0,0,0,0
0,0,0,0
0,0,0,0
0,0,0,0
0,0,0,0
1.8067,1.8067,74.634,74.634
2.8467,2.8467,125.73,125.73
2.4583,2.4583,113,113
3.153,3.153,144.93,144.93
0,0,0,0
0,0,0,0
5.8468,5.8468,273.34,273.34
3.8759,3.8759,177.02,177.02
7.2002,0,346.79,0
4.4086,0,212.34,0
0,0,0,0
0,0,0,0
7.3272,7.3272,366.76,366.76
73.161,73.161,3662.1,3662.1
36.881,36.881,1846.1,1846.1
5.6631,5.6631,264.36,264.36
9.2508,9.2508,453.88,453.88
6.9684,6.9684,341.9,341.9
2.2274,2.2274,108.22,108.22
13.991,13.991,679.75,679.75
4.4366,4.4366,215.56,215.56
5.3491,5.3491,228.9,228.9
2.3482,2.3482,109.9,109.9
7.2426,7.2426,355.29,355.29
5.1443,5.1443,253.14,253.14
7.0973,7.0973,329.67,329.67
9.8085,9.8085,479.48,479.48
98.312,98.312,4805.9,4805.9
49.749,49.749,2432,2432
8.717,8.717,400.73,400.73
6.1895,6.1895,278.07,278.07
8.0677,8.0677,388.39,388.39
46.657,46.657,2369.4,2369.4
24.621,24.621,1250.3,1250.3
34.255,34.255,1654.7,1654.7
27.281,27.281,1317.8,1317.8
39.387,39.387,1887.7,1887.7
10.552,10.552,505.75,505.75
31.686,31.686,1556.3,1556.3
19.707,19.707,932.57,932.57
12.344,12.344,606.88,606.88
13.158,13.158,646.9,646.9
75.533,75.533,3746.1,3746.1
46.072,46.072,2194.8,2194.8
45.78,45.78,2178.2,2178.2
19.501,19.501,915.08,915.08
11.356,11.356,523.27,523.27
4.5537,4.5537,197.25,197.25
20.599,20.599,948.55,948.55
101.74,101.74,4901.3,4901.3
29.608,29.608,1426.4,1426.4
53.604,53.604,2537.3,2537.3
19.726,19.726,980.55,980.55
68.665,68.665,3285.9,3285.9
95.994,95.994,4593.6,4593.6
87.216,87.216,4170.6,4170.6
61.629,61.629,3055.7,3055.7
30.684,30.684,1421.7,1421.7
47.265,47.265,2229.6,2229.6
106.12,106.12,5005.9,5005.9
112.06,112.06,5332.9,5332.9
102.37,102.37,4878.3,4878.3
101.55,101.55,4824.3,4824.3
121.41,121.41,5758.1,5758.1
105.96,105.96,5025.2,5025.2
107.88,107.88,5059.8,5059.8
35.253,35.253,1670.4,1670.4
111.45,111.45,5232.6,5232.6
113,113,5308.9,5308.9
101.47,101.47,4999.6,4999.6
75.07,75.07,3546.2,3546.2
73.325,73.325,3463.8,3463.8
91.765,91.765,4455.2,4455.2
98.818,98.818,4641.6,4641.6
34.194,34.194,1591.9,1591.9
102.27,102.27,4964.3,4964.3
121.7,121.7,5936.8,5936.8
66.173,66.173,3072.5,3072.5
104.62,104.62,4925.8,4925.8
85.337,85.337,4498,4498
90.412,90.412,4225.2,4225.2
47.732,47.732,2584.8,2584.8
121.06,121.06,6350.8,6350.8
121.25,121.25,6990.9,6990.9
63.716,63.716,2954,2954
58.344,58.344,2773.2,2773.2
88.22,88.22,4347.3,4347.3
121.71,121.71,5697.9,5697.9
64.305,64.305,2992.3,2992.3
48.135,48.135,2239.9,2239.9
106.22,106.22,4994.2,4994.2
93.482,93.482,4376.8,4376.8
63.959,63.959,2937.5,2937.5
53.187,53.187,2464.6,2464.6
125.37,125.37,6188,6188
40.842,40.842,2226.1,2226.1
121.68,121.68,6631.9,6631.9
126.1,126.1,6346,6346
54.993,54.993,2534.1,2534.1
44.063,44.063,2010.5,2010.5
116.74,116.74,5616.9,5616.9
122.75,122.75,5702.8,5702.8
109.8,109.8,5317,5317
93.128,93.128,4367.8,4367.8
105.69,105.69,4941.6,4941.6
91.739,91.739,4261.4,4261.4
101.84,101.84,4767.4,4767.4
93.64,93.64,4732.2,4732.2
93.691,93.691,4391.9,4391.9
98.08,98.08,5004.5,5004.5
124.88,124.88,5913.9,5913.9
115.92,115.92,5497.3,5497.3
76.969,76.969,3952.2,3952.2
106.82,106.82,5001.4,5001.4
103.01,103.01,4851.2,4851.2
106.23,106.23,4888.5,4888.5
109.37,109.37,5682.9,5682.9
108.8,108.8,5072.6,5072.6
123.84,123.84,5829.1,5829.1
86.805,86.805,3993.4,3993.4
72.852,72.852,3335.7,3335.7
110.28,110.28,5246.7,5246.7
123.4,123.4,5814.6,5814.6
82.819,82.819,3956.9,3956.9
20.626,20.626,1027.7,1027.7
81.472,81.472,3781.2,3781.2
125.53,125.53,7110.6,7110.6
66.444,66.444,3562,3562
43.449,43.449,2016.7,2016.7
76.83,76.83,3706.5,3706.5
123,123,6170.7,6170.7
42.07,42.07,1973.9,1973.9
61.095,61.095,2880.4,2880.4
110.16,110.16,5410.6,5410.6
103.64,103.64,5329.6,5329.6
111.4,111.4,5257.7,5257.7
103.2,103.2,4852.6,4852.6
120.54,120.54,5627.2,5627.2
121.76,121.76,5681.4,5681.4
81.696,81.696,3858,3858
126.11,126.11,7498.9,7498.9
28.266,28.266,1680.8,1680.8
6.5323,6.5323,341.23,341.23
0,0,0,0
0,0,0,0
0,0,0,0
18.143,0,317.23,0
19.804,0,288.05,0
23.083,0,333.89,0
46.798,0,671.85,0
67.932,0,973.82,0
30.064,0,431.68,0
9.1748,0,134.11,0
0,0,0,0
0,0,0,0
0,0,0,0
0,0,0,0
0,0,0,0
0,0,0,0
0,0,0,0
0,0,0,0
0,0,0,0
0,0,0,0
0,0,0,0
0,0,0,0
0,0,0,0
0,0,0,0
0,0,0,0
0,0,0,0
0,0,0,0
0,0,0,0
0,0,0,0
0,0,0,0
0,0,0,0
0,0,0,0
0,0,0,0
0,0,0,0
0,0,0,0
0,0,0,0
0,0,0,0
0,0,0,0
0,0,0,0
0,0,0,0
0,0,0,0
0,0,0,0
1.739,1.739,76.805,76.805
0,0,0,0
1.943,1.943,89.309,89.309
0,0,0,0
0,0,0,0
3.7096,3.7096,173.42,173.42
2.4298,2.4298,110.98,110.98
4.7056,0,226.64,0
2.8812,0,138.77,0
0,0,0,0
0,0,0,0
6.1928,6.1928,309.98,309.98
61.835,61.835,3095.1,3095.1
31.171,31.171,1560.3,1560.3
3.6261,3.6261,169.27,169.27
6.1903,6.1903,303.72,303.72
4.663,4.663,228.79,228.79
1.5161,1.5161,73.659,73.659
9.5226,9.5226,462.66,462.66
3.0197,3.0197,146.71,146.71
3.36,3.36,143.78,143.78
0,0,0,0
4.6978,4.6978,230.46,230.46
3.2183,3.2183,158.36,158.36
4.6085,4.6085,214.06,214.06
8.9158,8.9158,435.84,435.84
89.365,89.365,4368.5,4368.5
45.221,45.221,2210.6,2210.6
5.8652,5.8652,269.63,269.63
4.0509,4.0509,181.99,181.99
5.4892,5.4892,264.26,264.26
36.576,36.576,1857.4,1857.4
19.301,19.301,980.16,980.16
26.23,26.23,1267,1267
20.889,20.889,1009.1,1009.1
29.686,29.686,1422.8,1422.8
7.9533,7.9533,381.18,381.18
23.357,23.357,1147.2,1147.2
14.445,14.445,683.56,683.56
8.5689,8.5689,421.28,421.28
9.1339,9.1339,449.06,449.06
64.117,64.117,3179.9,3179.9
35.351,35.351,1692.3,1692.3
35.548,35.548,1691.3,1691.3
13.622,13.622,639.23,639.23
7.5482,7.5482,347.81,347.81
2.8358,2.8358,122.83,122.83
15.66,15.66,754.42,754.42
90.27,90.27,4348.8,4348.8
26.271,26.271,1265.6,1265.6
41.912,41.912,1983.8,1983.8
14.526,14.526,722.08,722.08
65.086,65.086,3114.6,3114.6
90.989,90.989,4354.1,4354.1
75.715,75.715,3628.4,3628.4
54.868,54.868,2720.5,2720.5
22.585,22.585,1046.4,1046.4
50.028,50.028,2359.8,2359.8
112.32,112.32,5298.5,5298.5
108.83,108.83,5164.2,5164.2
93.933,93.933,4476.3,4476.3
98.336,98.336,4671.7,4671.7
122.46,122.46,5808.2,5808.2
100.25,100.25,4754.4,4754.4
117.06,117.06,5490.5,5490.5
31.409,31.409,1488.3,1488.3
119.49,119.49,5609.9,5609.9
119.06,119.06,5593.2,5593.2
89.522,89.522,4410.7,4410.7
67.095,67.095,3169.5,3169.5
65.535,65.535,3095.8,3095.8
78.565,78.565,3814.3,3814.3
109.19,109.19,5128.8,5128.8
37.05,37.05,1740.3,1740.3
90.133,90.133,4375,4375
122.84,122.84,5992.8,5992.8
53.856,53.856,2500.6,2500.6
105.6,105.6,4933.9,4933.9
74.949,74.949,3769.3,3769.3
102.84,102.84,4806.2,4806.2
36.603,36.603,1982.1,1982.1
124.47,124.47,6529.3,6529.3
120.38,120.38,6941,6941
51.039,51.039,2366.2,2366.2
53.28,53.28,2491.5,2491.5
97.795,97.795,4573.1,4573.1
119.24,119.24,6147.7,6147.7
53.552,53.552,2491.9,2491.9
40.086,40.086,1865.3,1865.3
107.62,107.62,5060.2,5060.2
83.419,83.419,3905.7,3905.7
51.84,51.84,2380.9,2380.9
66.181,66.181,3066.7,3066.7
125.33,125.33,6185.8,6185.8
39.188,39.188,2135.9,2135.9
116.75,116.75,6363.2,6363.2
123.08,123.08,6194.2,6194.2
42.963,42.963,1979.8,1979.8
36.282,36.282,1749.3,1749.3
107.39,107.39,5167.3,5167.3
117.43,117.43,5492.3,5492.3
98.166,98.166,4753.4,4753.4
87.128,87.128,4086.4,4086.4
101.8,101.8,4777.6,4777.6
97.088,97.088,4509.9,4509.9
92.086,92.086,4310.7,4310.7
105.68,105.68,5340.7,5340.7
81.589,81.589,3824.6,3824.6
86.029,86.029,4345.1,4345.1
125.58,125.58,5947,5947
112.81,112.81,5349.7,5349.7
74.996,74.996,3574.1,3574.1
115.7,115.7,5417.4,5417.4
113.36,113.36,5338.8,5338.8
93.872,93.872,4455.9,4455.9
108.74,108.74,5650.2,5650.2
110.79,110.79,5165.1,5165.1
126.41,126.41,5950.2,5950.2
82.802,82.802,3892.2,3892.2
63.374,63.374,2901.7,2901.7
102.73,102.73,4887.7,4887.7
118.04,118.04,5561.9,5561.9
73.665,73.665,3519.5,3519.5
14.432,14.432,719.09,719.09
73.646,73.646,3418,3418
126.45,126.45,7162.3,7162.3
63.654,63.654,3412.5,3412.5
34.092,34.092,1582.4,1582.4
75.557,75.557,3645.1,3645.1
115.72,115.72,5805.5,5805.5
47.32,47.32,2220.2,2220.2
50.015,50.015,2358.1,2358.1
103.78,103.78,5097.4,5097.4
100.49,100.49,5045.8,5045.8
100.23,100.23,4730.4,4730.4
106.87,106.87,5025.4,5025.4
114.41,114.41,5340.9,5340.9
120.58,120.58,5626.6,5626.6
72.845,72.845,3467.6,3467.6
125.96,125.96,7274.7,7274.7
27.421,27.421,1630.6,1630.6
9.0341,9.0341,471.92,471.92
0,0,0,0
0,0,0,0
0,0,0,0
11.637,0,203.48,0
12.611,0,183.43,0
14.859,0,214.93,0
31.837,0,457.07,0
47.799,0,685.21,0
20.369,0,292.47,0
5.7357,0,83.843,0
0,0,0,0
0,0,0,0
0,0,0,0
0,0,0,0
0,0,0,0
0,0,0,0
0,0,0,0
0,0,0,0
0,0,0,0
0,0,0,0
0,0,0,0
0,0,0,0
0,0,0,0
0,0,0,0
0,0,0,0
0,0,0,0
0,0,0,0
0,0,0,0
0,0,0,0
0,0,0,0
0,0,0,0
0,0,0,0
0,0,0,0
0,0,0,0
0,0,0,0
0,0,0,0
0,0,0,0
0,0,0,0
0,0,0,0
0,0,0,0
0,0,0,0
0,0,0,0
0,0,0,0
0,0,0,0
0,0,0,0
0,0,0,0
0,0,0,0
2.2806,2.2806,106.62,106.62
0,0,0,0
2.9799,0,143.52,0
1.8245,0,87.878,0
0,0,0,0
0,0,0,0
5.0716,5.0716,253.86,253.86
50.639,50.639,2534.8,2534.8
25.527,25.527,1277.8,1277.8
2.2496,2.2496,105.02,105.02
4.0137,4.0137,196.93,196.93
3.0234,3.0234,148.34,148.34
0,0,0,0
6.2801,6.2801,305.13,305.13
1.9915,1.9915,96.758,96.758
2.045,2.045,87.513,87.513
0,0,0,0
2.9526,2.9526,144.84,144.84
1.9509,1.9509,95.997,95.997
2.8995,2.8995,134.68,134.68
7.8527,7.8527,383.87,383.87
78.709,78.709,3847.6,3847.6
39.829,39.829,1947,1947
3.8238,3.8238,175.78,175.78
2.5689,2.5689,115.41,115.41
3.6188,3.6188,174.22,174.22
27.783,27.783,1410.9,1410.9
14.661,14.661,744.53,744.53
19.461,19.461,940.08,940.08
15.499,15.499,748.68,748.68
21.679,21.679,1039,1039
5.8082,5.8082,278.37,278.37
16.682,16.682,819.39,819.39
10.259,10.259,485.48,485.48
5.7636,5.7636,283.36,283.36
6.1436,6.1436,302.04,302.04
52.736,52.736,2615.5,2615.5
28.065,28.065,1391.9,1391.9
26.746,26.746,1272.6,1272.6
9.2205,9.2205,432.67,432.67
4.8615,4.8615,224.01,224.01
1.7111,1.7111,74.119,74.119
13.463,13.463,648.6,648.6
77.608,77.608,3738.8,3738.8
22.586,22.586,1088.1,1088.1
31.752,31.752,1502.9,1502.9
10.365,10.365,515.23,515.23
59.777,59.777,2860.5,2860.5
83.568,83.568,3999,3999
63.69,63.69,3130.1,3130.1
47.332,47.332,2346.8,2346.8
16.107,16.107,746.27,746.27
51.307,51.307,2420.2,2420.2
115.2,115.2,5434,5434
105.06,105.06,4985.6,4985.6
83.517,83.517,3979.9,3979.9
92.27,92.27,4383.5,4383.5
119.69,119.69,5676.8,5676.8
107.32,107.32,4966.1,4966.1
123.09,123.09,5772.9,5772.9
29.311,29.311,1374.7,1374.7
124.13,124.13,5827.8,5827.8
121.54,121.54,5709.8,5709.8
76.525,76.525,3770.4,3770.4
58.106,58.106,2744.9,2744.9
56.755,56.755,2681,2681
65.176,65.176,3164.3,3164.3
116.91,116.91,5491.2,5491.2
39.668,39.668,1863.3,1863.3
76.967,76.967,3735.9,3735.9
120.15,120.15,5861.5,5861.5
42.47,42.47,1971.9,1971.9
114.76,114.76,5361.9,5361.9
63.782,63.782,3060.6,3060.6
113.35,113.35,5297.2,5297.2
32.747,32.747,1717.8,1717.8
123.99,123.99,6504.3,6504.3
115.81,115.81,6677.5,6677.5
39.614,39.614,1836.6,1836.6
57.229,57.229,2676.2,2676.2
105.04,105.04,4912.1,4912.1
121.11,121.11,6445.3,6445.3
43.212,43.212,2010.8,2010.8
32.346,32.346,1505.2,1505.2
105.66,105.66,4968,4968
72.128,72.128,3377,3377
41.956,41.956,1964.4,1964.4
79.793,79.793,3697.4,3697.4
121.39,121.39,5991.6,5991.6
36.432,36.432,1985.7,1985.7
116.87,116.87,5915.9,5915.9
116.41,116.41,5858.3,5858.3
32.522,32.522,1498.7,1498.7
47.152,47.152,2273.4,2273.4
95.73,95.73,4606.1,4606.1
122.55,122.55,5731.8,5731.8
85.037,85.037,4117.7,4117.7
78.984,78.984,3704.4,3704.4
108.37,108.37,5086.2,5086.2
99.558,99.558,4624.6,4624.6
80.68,80.68,3776.7,3776.7
115.57,115.57,5840.3,5840.3
68.844,68.844,3227.1,3227.1
73.115,73.115,3754.7,3754.7
122.37,122.37,5794.6,5794.6
106.37,106.37,5044.4,5044.4
78.933,78.933,3745,3745
121.44,121.44,5685.8,5685.8
120.88,120.88,5693,5693
96.927,96.927,4910.3,4910.3
104.76,104.76,5443.2,5443.2
109.31,109.31,5096.1,5096.1
125.03,125.03,5885.1,5885.1
95.548,95.548,4491.3,4491.3
53.417,53.417,2445.8,2445.8
92.732,92.732,4411.9,4411.9
109.4,109.4,5602.9,5602.9
63.488,63.488,3033.3,3033.3
9.7849,9.7849,487.54,487.54
64.505,64.505,2993.8,2993.8
123.41,123.41,6990.3,6990.3
59.087,59.087,3167.7,3167.7
25.92,25.92,1203.1,1203.1
71.998,71.998,3473.4,3473.4
105.5,105.5,5292.3,5292.3
51.574,51.574,2419.8,2419.8
39.673,39.673,1870.5,1870.5
94.739,94.739,4653.1,4653.1
106.74,106.74,5059.5,5059.5
87.374,87.374,4123.9,4123.9
107.24,107.24,5042.7,5042.7
105.22,105.22,4911.8,4911.8
115.71,115.71,5500.7,5500.7
63.443,63.443,3020,3020
123.72,123.72,6838,6838
36.519,36.519,1907.7,1907.7
12.106,12.106,632.41,632.41
0,0,0,0
0,0,0,0
0,0,0,0
7.2323,0,126.46,0
7.7816,0,113.18,0
9.2683,0,134.06,0
20.987,0,301.3,0
32.588,0,467.16,0
13.372,0,192,0
0,0,0,0
0,0,0,0
0,0,0,0
0,0,0,0
0,0,0,0
0,0,0,0
0,0,0,0
0,0,0,0
0,0,0,0
0,0,0,0
0,0,0,0
0,0,0,0
0,0,0,0
0,0,0,0
0,0,0,0
0,0,0,0
0,0,0,0
0,0,0,0
0,0,0,0
0,0,0,0
0,0,0,0
0,0,0,0
0,0,0,0
0,0,0,0
0,0,0,0
0,0,0,0
0,0,0,0
0,0,0,0
0,0,0,0
0,0,0,0
0,0,0,0
0,0,0,0
0,0,0,0
0,0,0,0
0,0,0,0
0,0,0,0
0,0,0,0
0,0,0,0
0,0,0,0
0,0,0,0
1.8284,0,88.065,0
0,0,0,0
0,0,0,0
0,0,0,0
4.0244,4.0244,201.44,201.44
40.183,40.183,2011.4,2011.4
20.256,20.256,1013.9,1013.9
0,0,0,0
2.5216,2.5216,123.72,123.72
1.8995,1.8995,93.197,93.197
0,0,0,0
4.0132,4.0132,194.98,194.98
0,0,0,0
0,0,0,0
0,0,0,0
1.7981,1.7981,88.205,88.205
0,0,0,0
1.7676,1.7676,82.107,82.107
6.7016,6.7016,327.61,327.61
67.172,67.172,3283.6,3283.6
33.991,33.991,1661.6,1661.6
2.4155,2.4155,111.04,111.04
1.5785,1.5785,70.914,70.914
2.3117,2.3117,111.29,111.29
20.449,20.449,1038.4,1038.4
10.791,10.791,547.98,547.98
13.991,13.991,675.83,675.83
11.142,11.142,538.24,538.24
15.341,15.341,735.25,735.25
4.11,4.11,196.98,196.98
11.545,11.545,567.07,567.07
7.06,7.06,334.1,334.1
3.7563,3.7563,184.68,184.68
4.004,4.004,197.75,197.75
42.029,42.029,2084.5,2084.5
22.366,22.366,1109.3,1109.3
19.499,19.499,927.73,927.73
6.0472,6.0472,283.76,283.76
3.0339,3.0339,139.8,139.8
0,0,0,0
11.215,11.215,540.31,540.31
64.651,64.651,3114.5,3114.5
18.815,18.815,906.4,906.4
23.308,23.308,1103.3,1103.3
7.1663,7.1663,356.22,356.22
53.197,53.197,2545.7,2545.7
74.369,74.369,3558.8,3558.8
52.767,52.767,2616.3,2616.3
39.563,39.563,1961.6,1961.6
11.131,11.131,515.7,515.7
50.986,50.986,2405,2405
114.48,114.48,5399.9,5399.9
98.28,98.28,4663.7,4663.7
71.951,71.951,3428.7,3428.7
83.889,83.889,3985.4,3985.4
113.35,113.35,5376.1,5376.1
116.89,116.89,5408.7,5408.7
125.4,125.4,5881.4,5881.4
29.862,29.862,1400.6,1400.6
124.95,124.95,5866.1,5866.1
120.22,120.22,5647.9,5647.9
63.385,63.385,3122.9,3122.9
48.758,48.758,2303.3,2303.3
47.625,47.625,2249.7,2249.7
52.39,52.39,2543.5,2543.5
121.28,121.28,5696.6,5696.6
41.153,41.153,1933,1933
63.684,63.684,3091.2,3091.2
113.87,113.87,5555.1,5555.1
34.89,34.89,1702.1,1702.1
120.84,120.84,5646.1,5646.1
52.593,52.593,2478.6,2478.6
121.05,121.05,5657.2,5657.2
31.609,31.609,1658.1,1658.1
119.68,119.68,6278.3,6278.3
107.96,107.96,6224.6,6224.6
29.792,29.792,1381.2,1381.2
59.562,59.562,2785.3,2785.3
109.33,109.33,5112.4,5112.4
123.03,123.03,6547.5,6547.5
36.107,36.107,1690.4,1690.4
25.29,25.29,1176.8,1176.8
100.52,100.52,4726,4726
60.429,60.429,2829.3,2829.3
36.71,36.71,1715,1715
93.217,93.217,4319.4,4319.4
113.93,113.93,5623.4,5623.4
32.819,32.819,1788.8,1788.8
116.13,116.13,5427.6,5427.6
106.68,106.68,5368.6,5368.6
23.855,23.855,1138.9,1138.9
59.376,59.376,2862.7,2862.7
89.267,89.267,4299,4299
123.92,123.92,5796,5796
71.377,71.377,3456.2,3456.2
69.377,69.377,3253.9,3253.9
111.79,111.79,5246.7,5246.7
98.922,98.922,4595.1,4595.1
68.491,68.491,3206.2,3206.2
122.45,122.45,6188.3,6188.3
56.287,56.287,2638.5,2638.5
60.211,60.211,3151.8,3151.8
115.53,115.53,5470.8,5470.8
97.185,97.185,4608.9,4608.9
84.203,84.203,4143.2,4143.2
123.5,123.5,5782.3,5782.3
124.9,124.9,5882.2,5882.2
103.5,103.5,5243,5243
97.787,97.787,5081,5081
104.5,104.5,4871.9,4871.9
119.82,119.82,5640.1,5640.1
106.83,106.83,5021.7,5021.7
43.626,43.626,1997.5,1997.5
81.106,81.106,3858.8,3858.8
114.99,114.99,5994.3,5994.3
53.019,53.019,2533.1,2533.1
11.406,11.406,542.81,542.81
54.745,54.745,2540.8,2540.8
120.51,120.51,6610.7,6610.7
53.146,53.146,2849.1,2849.1
19.095,19.095,886.29,886.29
66.477,66.477,3207,3207
111.41,111.41,5227.4,5227.4
54.464,54.464,2555.4,2555.4
30.493,30.493,1437.6,1437.6
83.797,83.797,4115.7,4115.7
109.85,109.85,5207.1,5207.1
80.338,80.338,3817.8,3817.8
104.27,104.27,4903,4903
101.67,101.67,4877.3,4877.3
118.67,118.67,5737.6,5737.6
53.538,53.538,2548.6,2548.6
117.75,117.75,6228.1,6228.1
47.418,47.418,2477,2477
15.72,15.72,821.15,821.15
0,0,0,0
0,0,0,0
0,0,0,0
4.3553,0,76.156,0
4.6523,0,67.667,0
5.6015,0,81.024,0
13.405,0,192.45,0
21.528,0,308.61,0
8.5056,0,122.13,0
0,0,0,0
0,0,0,0
0,0,0,0
0,0,0,0
0,0,0,0
0,0,0,0
0,0,0,0
0,0,0,0
0,0,0,0
0,0,0,0
0,0,0,0
0,0,0,0
0,0,0,0
0,0,0,0
0,0,0,0
0,0,0,0
0,0,0,0
0,0,0,0
0,0,0,0
0,0,0,0
0,0,0,0
0,0,0,0
0,0,0,0
0,0,0,0
0,0,0,0
0,0,0,0
0,0,0,0
0,0,0,0
0,0,0,0
0,0,0,0
0,0,0,0
0,0,0,0
0,0,0,0
0,0,0,0
0,0,0,0
0,0,0,0
0,0,0,0
0,0,0,0
0,0,0,0
0,0,0,0
0,0,0,0
0,0,0,0
0,0,0,0
0,0,0,0
3.0943,3.0943,154.88,154.88
30.896,30.896,1546.5,1546.5
15.575,15.575,779.6,779.6
0,0,0,0
1.535,1.535,75.315,75.315
0,0,0,0
0,0,0,0
2.4849,2.4849,120.73,120.73
0,0,0,0
0,0,0,0
0,0,0,0
0,0,0,0
0,0,0,0
0,0,0,0
5.5417,5.5417,270.9,270.9
55.546,55.546,2715.3,2715.3
28.108,28.108,1374,1374
1.4785,1.4785,67.97,67.97
0,0,0,0
1.3952,1.3952,70.852,70.852
14.583,14.583,740.57,740.57
7.6955,7.6955,390.8,390.8
9.7459,9.7459,470.78,470.78
7.7617,7.7617,374.93,374.93
10.518,10.518,504.12,504.12
2.818,2.818,135.06,135.06
7.7419,7.7419,380.26,380.26
4.7077,4.7077,222.78,222.78
2.3721,2.3721,116.62,116.62
3.079,3.079,152.71,152.71
32.455,32.455,1609.7,1609.7
17.272,17.272,856.61,856.61
13.774,13.774,655.35,655.35
3.8429,3.8429,180.33,180.33
1.8345,1.8345,84.533,84.533
0,0,0,0
9.0528,9.0528,436.12,436.12
52.184,52.184,2514,2514
15.187,15.187,731.63,731.63
16.579,16.579,784.74,784.74
4.8009,4.8009,238.64,238.64
45.871,45.871,2195.1,2195.1
64.128,64.128,3068.7,3068.7
42.737,42.737,2119,2119
32.043,32.043,1588.7,1588.7
7.4529,7.4529,345.31,345.31
49.093,49.093,2315.8,2315.8
110.23,110.23,5199.5,5199.5
89.08,89.08,4227.1,4227.1
60.062,60.062,2862.2,2862.2
73.902,73.902,3510.9,3510.9
104.01,104.01,4933.3,4933.3
123.35,123.35,5707.8,5707.8
123.79,123.79,5805.8,5805.8
29.478,29.478,1382.6,1382.6
121.86,121.86,5721.4,5721.4
115.23,115.23,5413.2,5413.2
50.87,50.87,2506.4,2506.4
39.644,39.644,1872.8,1872.8
38.723,38.723,1829.2,1829.2
59.847,59.847,2736.6,2736.6
121.91,121.91,5726.3,5726.3
41.367,41.367,1943.1,1943.1
51.058,51.058,2478.3,2478.3
104.57,104.57,5101.3,5101.3
32.04,32.04,1563,1563
123.3,123.3,5760.8,5760.8
42.021,42.021,1980.4,1980.4
125.27,125.27,5854,5854
30.599,30.599,1550.8,1550.8
111.94,111.94,5871.9,5871.9
97.508,97.508,5622.2,5622.2
33.624,33.624,1576.8,1576.8
60.066,60.066,2808.8,2808.8
110.25,110.25,5155.6,5155.6
121.1,121.1,6444.8,6444.8
33.436,33.436,1528,1528
19.16,19.16,891.57,891.57
92.65,92.65,4356.2,4356.2
67.049,67.049,3132.4,3132.4
44.171,44.171,2063.6,2063.6
105.52,105.52,4889.5,4889.5
103.61,103.61,5113.9,5113.9
28.647,28.647,1561.4,1561.4
111.81,111.81,5225.8,5225.8
100.61,100.61,4767.1,4767.1
26.061,26.061,1256.5,1256.5
72.448,72.448,3492.9,3492.9
95.933,95.933,4620,4620
121.42,121.42,5678.9,5678.9
58.051,58.051,2811,2811
59.048,59.048,2769.4,2769.4
111.74,111.74,5244.2,5244.2
95.237,95.237,4423.9,4423.9
61.625,61.625,2901.5,2901.5
125.72,125.72,6353.5,6353.5
44.591,44.591,2090.2,2090.2
48.058,48.058,2563.6,2563.6
105.69,105.69,5004.7,5004.7
92.433,92.433,4501.7,4501.7
96.843,96.843,4765.1,4765.1
121.69,121.69,5697.8,5697.8
125.04,125.04,5889,5889
107.08,107.08,5424.4,5424.4
88.446,88.446,4595.6,4595.6
96.799,96.799,4512.9,4512.9
111.27,111.27,5237.4,5237.4
115.74,115.74,5440.5,5440.5
41.525,41.525,1951.2,1951.2
68.735,68.735,3270.2,3270.2
119.2,119.2,6214,6214
42.901,42.901,2049.7,2049.7
15.403,15.403,733.02,733.02
45.333,45.333,2131.9,2131.9
120.36,120.36,6057.5,6057.5
46.317,46.317,2483.1,2483.1
13.63,13.63,632.65,632.65
59.473,59.473,2869.1,2869.1
114,114,5349,5349
55.731,55.731,2614.8,2614.8
22.709,22.709,1070.7,1070.7
71.818,71.818,3527.4,3527.4
109.55,109.55,5192.7,5192.7
83.355,83.355,3961.2,3961.2
98.236,98.236,4619.2,4619.2
102.33,102.33,4909,4909
119.94,119.94,5799,5799
43.777,43.777,2083.9,2083.9
108.58,108.58,5496.4,5496.4
59.659,59.659,3116.4,3116.4
19.777,19.777,1033.1,1033.1
0,0,0,0
0,0,0,0
0,0,0,0
0,0,0,0
0,0,0,0
0,0,0,0
8.2961,0,119.1,0
13.78,0,197.54,0
5.2424,0,75.273,0
0,0,0,0
0,0,0,0
0,0,0,0
0,0,0,0
0,0,0,0
0,0,0,0
0,0,0,0
0,0,0,0
0,0,0,0
0,0,0,0
0,0,0,0
0,0,0,0
0,0,0,0
0,0,0,0
0,0,0,0
0,0,0,0
0,0,0,0
0,0,0,0
0,0,0,0
0,0,0,0
0,0,0,0
0,0,0,0
0,0,0,0
0,0,0,0
0,0,0,0
0,0,0,0
0,0,0,0
0,0,0,0
0,0,0,0
0,0,0,0
0,0,0,0
0,0,0,0
0,0,0,0
0,0,0,0
0,0,0,0
0,0,0,0
0,0,0,0
0,0,0,0
0,0,0,0
0,0,0,0
0,0,0,0
0,0,0,0
0,0,0,0
0,0,0,0
2.3052,2.3052,115.39,115.39
23.018,23.018,1152.2,1152.2
11.603,11.603,580.8,580.8
0,0,0,0
0,0,0,0
0,0,0,0
0,0,0,0
1.4908,1.4908,72.433,72.433
0,0,0,0
0,0,0,0
0,0,0,0
0,0,0,0
0,0,0,0
0,0,0,0
4.4403,4.4403,217.06,217.06
44.506,44.506,2175.6,2175.6
22.521,22.521,1100.9,1100.9
0,0,0,0
0,0,0,0
0,0,0,0
10.077,10.077,511.74,511.74
5.3177,5.3177,270.05,270.05
6.5781,6.5781,317.76,317.76
5.2388,5.2388,253.06,253.06
6.988,6.988,334.92,334.92
1.8722,1.8722,89.73,89.73
5.0304,5.0304,247.08,247.08
3.0417,3.0417,143.94,143.94
0,0,0,0
2.3039,2.3039,114.26,114.26
24.285,24.285,1204.4,1204.4
12.924,12.924,640.96,640.96
9.4278,9.4278,448.56,448.56
2.3663,2.3663,111.04,111.04
0,0,0,0
0,0,0,0
7.0803,7.0803,341.1,341.1
40.814,40.814,1966.2,1966.2
11.878,11.878,572.21,572.21
11.426,11.426,540.84,540.84
3.1163,3.1163,154.91,154.91
38.326,38.326,1834,1834
53.58,53.58,2564,2564
33.539,33.539,1662.9,1662.9
25.146,25.146,1246.8,1246.8
4.8354,4.8354,224.03,224.03
45.803,45.803,2160.6,2160.6
102.84,102.84,4851,4851
78.235,78.235,3712.4,3712.4
48.58,48.58,2315,2315
63.083,63.083,2996.9,2996.9
92.483,92.483,4386.4,4386.4
126.13,126.13,5836.5,5836.5
118.4,118.4,5553.3,5553.3
28.196,28.196,1322.4,1322.4
115.17,115.17,5407,5407
107.01,107.01,5027.2,5027.2
39.559,39.559,1949.1,1949.1
31.233,31.233,1475.4,1475.4
30.507,30.507,1441.1,1441.1
73.354,73.354,3354.3,3354.3
118.74,118.74,5577.4,5577.4
40.291,40.291,1892.5,1892.5
39.664,39.664,1925.2,1925.2
93.045,93.045,4539,4539
39.602,39.602,1807.5,1807.5
121.89,121.89,5695.3,5695.3
38.948,38.948,1819.8,1819.8
125.6,125.6,5869.6,5869.6
30.681,30.681,1433.8,1433.8
101.44,101.44,5321.4,5321.4
85.337,85.337,4920.4,4920.4
42.406,42.406,1988.6,1988.6
58.693,58.693,2744.6,2744.6
107.73,107.73,5037.7,5037.7
115.5,115.5,6146.7,6146.7
43.885,43.885,2005.5,2005.5
15.738,15.738,719.18,719.18
82.749,82.749,3890.6,3890.6
78.171,78.171,3652.1,3652.1
51.498,51.498,2405.9,2405.9
115.73,115.73,5362.9,5362.9
91.298,91.298,4506.2,4506.2
24.228,24.228,1320.5,1320.5
104.31,104.31,4875.3,4875.3
109.66,109.66,5145,5145
30.811,30.811,1485.5,1485.5
85.653,85.653,4129.6,4129.6
99.896,99.896,4810.9,4810.9
115.28,115.28,5391.5,5391.5
45.747,45.747,2215.2,2215.2
56.295,56.295,2642.1,2642.1
108.22,108.22,5079,5079
88.844,88.844,4126.9,4126.9
64.21,64.21,3023.3,3023.3
125.07,125.07,6320.6,6320.6
34.228,34.228,1604.5,1604.5
37.876,37.876,2020.4,2020.4
93.68,93.68,4436.2,4436.2
95.84,95.84,4667.7,4667.7
107.92,107.92,5310.3,5310.3
116.19,116.19,5440.3,5440.3
121.3,121.3,5712.7,5712.7
107.34,107.34,5437.9,5437.9
77.513,77.513,4027.6,4027.6
86.883,86.883,4050.6,4050.6
100.12,100.12,4712.5,4712.5
121.5,121.5,5711.1,5711.1
52.763,52.763,2479.3,2479.3
68.025,68.025,3233.1,3233.1
119.73,119.73,6241.7,6241.7
33.636,33.636,1607,1607
20.156,20.156,959.16,959.16
49.66,49.66,2321.8,2321.8
116.49,116.49,5478.3,5478.3
39.113,39.113,2096.8,2096.8
9.4275,9.4275,437.57,437.57
66.982,66.982,3132.6,3132.6
113.03,113.03,5303.4,5303.4
55.256,55.256,2592.6,2592.6
18.547,18.547,935.15,935.15
59.64,59.64,2929.2,2929.2
105.85,105.85,5017.6,5017.6
83.8,83.8,3982.3,3982.3
89.676,89.676,4216.7,4216.7
99.801,99.801,4787.6,4787.6
117.46,117.46,5679,5679
34.684,34.684,1651.1,1651.1
97.022,97.022,4700,4700
72.729,72.729,3799.2,3799.2
24.11,24.11,1259.5,1259.5
0,0,0,0
0,0,0,0
0,0,0,0
0,0,0,0
0,0,0,0
0,0,0,0
4.975,0,71.424,0
8.5469,0,122.52,0
0,0,0,0
0,0,0,0
0,0,0,0
0,0,0,0
0,0,0,0
0,0,0,0
0,0,0,0
0,0,0,0
0,0,0,0
0,0,0,0
0,0,0,0
0,0,0,0
0,0,0,0
0,0,0,0
0,0,0,0
0,0,0,0
0,0,0,0
0,0,0,0
0,0,0,0
0,0,0,0
0,0,0,0
0,0,0,0
0,0,0,0
0,0,0,0
0,0,0,0
0,0,0,0
0,0,0,0
0,0,0,0
0,0,0,0
0,0,0,0
0,0,0,0
0,0,0,0
0,0,0,0
0,0,0,0
0,0,0,0
0,0,0,0
0,0,0,0
0,0,0,0
0,0,0,0
0,0,0,0
0,0,0,0
0,0,0,0
0,0,0,0
0,0,0,0
0,0,0,0
1.6641,1.6641,83.296,83.296
16.616,16.616,831.71,831.71
8.3762,8.3762,419.27,419.27
0,0,0,0
0,0,0,0
0,0,0,0
0,0,0,0
0,0,0,0
0,0,0,0
0,0,0,0
0,0,0,0
0,0,0,0
0,0,0,0
0,0,0,0
3.4473,3.4473,168.52,168.52
34.553,34.553,1689.1,1689.1
17.485,17.485,854.74,854.74
0,0,0,0
0,0,0,0
0,0,0,0
6.7473,6.7473,342.64,342.64
3.5605,3.5605,180.81,180.81
4.3022,4.3022,207.82,207.82
3.4262,3.4262,165.51,165.51
4.4984,4.4984,215.6,215.6
0,0,0,0
3.167,3.167,155.56,155.56
1.9042,1.9042,90.113,90.113
0,0,0,0
1.6703,1.6703,82.841,82.841
17.607,17.607,873.22,873.22
9.3697,9.3697,464.7,464.7
6.2526,6.2526,297.49,297.49
0,0,0,0
0,0,0,0
0,0,0,0
5.3657,5.3657,258.49,258.49
30.93,30.93,1490.1,1490.1
9.0013,9.0013,433.64,433.64
7.6304,7.6304,361.17,361.17
1.9601,1.9601,97.43,97.43
31.028,31.028,1484.8,1484.8
43.377,43.377,2075.7,2075.7
25.503,25.503,1264.5,1264.5
19.121,19.121,948.06,948.06
3.0398,3.0398,140.84,140.84
41.407,41.407,1953.2,1953.2
92.969,92.969,4421.2,4421.2
66.576,66.576,3159.2,3159.2
38.074,38.074,1814.4,1814.4
52.175,52.175,2478.7,2478.7
79.677,79.677,3779,3779
124.97,124.97,5782.7,5782.7
109.74,109.74,5146.8,5146.8
26.133,26.133,1225.7,1225.7
105.46,105.46,4951.2,4951.2
96.291,96.291,4523.7,4523.7
29.808,29.808,1468.6,1468.6
23.843,23.843,1126.3,1126.3
23.288,23.288,1100.1,1100.1
87.119,87.119,3983.7,3983.7
112.06,112.06,5263.7,5263.7
38.025,38.025,1786.1,1786.1
29.855,29.855,1449.2,1449.2
80.22,80.22,3913.4,3913.4
51.211,51.211,2337.3,2337.3
116.77,116.77,5455.7,5455.7
37.31,37.31,1743.2,1743.2
122.02,122.02,5702.5,5702.5
29.807,29.807,1393,1393
89.075,89.075,4672.7,4672.7
73.807,73.807,4172.6,4172.6
51.822,51.822,2430.2,2430.2
55.571,55.571,2598.6,2598.6
102,102,4769.7,4769.7
106.74,106.74,5680.4,5680.4
55.812,55.812,2550.5,2550.5
20.015,20.015,914.64,914.64
71.611,71.611,3367,3367
88.309,88.309,4125.7,4125.7
58.177,58.177,2717.9,2717.9
123,123,5699.5,5699.5
77.95,77.95,3847.4,3847.4
19.855,19.855,1082.2,1082.2
94.295,94.295,4407,4407
115.81,115.81,5433.7,5433.7
35.295,35.295,1701.7,1701.7
98.12,98.12,4730.7,4730.7
100.79,100.79,4854.1,4854.1
106.04,106.04,4959.7,4959.7
34.932,34.932,1691.5,1691.5
52.828,52.828,2479.4,2479.4
101.55,101.55,4766.2,4766.2
80.306,80.306,3730.3,3730.3
64.827,64.827,3052.3,3052.3
120.56,120.56,6092.6,6092.6
25.458,25.458,1193.4,1193.4
28.923,28.923,1542.9,1542.9
80.46,80.46,3810.2,3810.2
96.287,96.287,4689.4,4689.4
116.54,116.54,5734.1,5734.1
107.5,107.5,5033.1,5033.1
114.02,114.02,5369.7,5369.7
104.27,104.27,5282.2,5282.2
65.823,65.823,3420.1,3420.1
75.561,75.561,3522.7,3522.7
87.287,87.287,4108.6,4108.6
123.58,123.58,5809.1,5809.1
64.96,64.96,3052.5,3052.5
67.737,67.737,3219.4,3219.4
116.53,116.53,6074.9,6074.9
25.553,25.553,1220.9,1220.9
25.555,25.555,1216.1,1216.1
62.377,62.377,2916.3,2916.3
109.23,109.23,5137.2,5137.2
32.004,32.004,1715.7,1715.7
6.3181,6.3181,293.25,293.25
76.787,76.787,3591.1,3591.1
108.59,108.59,5095,5095
53.084,53.084,2490.7,2490.7
23.029,23.029,1161.1,1161.1
64.785,64.785,3266.4,3266.4
99.106,99.106,4697.8,4697.8
81.632,81.632,3879.3,3879.3
79.319,79.319,3729.7,3729.7
94.31,94.31,4524.2,4524.2
111.46,111.46,5388.9,5388.9
26.627,26.627,1267.5,1267.5
90.011,90.011,4225.7,4225.7
85.909,85.909,4487.7,4487.7
28.48,28.48,1487.7,1487.7
0,0,0,0
0,0,0,0
0,0,0,0
0,0,0,0
0,0,0,0
0,0,0,0
0,0,0,0
5.1364,0,73.632,0
0,0,0,0
0,0,0,0
0,0,0,0
0,0,0,0
0,0,0,0
0,0,0,0
0,0,0,0
0,0,0,0
0,0,0,0
0,0,0,0
0,0,0,0
0,0,0,0
0,0,0,0
0,0,0,0
0,0,0,0
0,0,0,0
0,0,0,0
0,0,0,0
0,0,0,0
0,0,0,0
0,0,0,0
0,0,0,0
0,0,0,0
0,0,0,0
0,0,0,0
0,0,0,0
0,0,0,0
0,0,0,0
0,0,0,0
0,0,0,0
0,0,0,0
0,0,0,0
0,0,0,0
0,0,0,0
0,0,0,0
0,0,0,0
0,0,0,0
0,0,0,0
0,0,0,0
0,0,0,0
0,0,0,0
0,0,0,0
0,0,0,0
0,0,0,0
0,0,0,0
0,0,0,0
11.622,11.622,581.75,581.75
5.8588,5.8588,293.26,293.26
0,0,0,0
0,0,0,0
0,0,0,0
0,0,0,0
0,0,0,0
0,0,0,0
0,0,0,0
0,0,0,0
0,0,0,0
0,0,0,0
0,0,0,0
2.5933,2.5933,126.77,126.77
25.993,25.993,1270.6,1270.6
13.153,13.153,642.99,642.99
0,0,0,0
0,0,0,0
0,0,0,0
4.3774,4.3774,222.3,222.3
2.31,2.31,117.31,117.31
2.7263,2.7263,131.69,131.69
2.1712,2.1712,104.88,104.88
2.8059,2.8059,134.48,134.48
0,0,0,0
1.932,1.932,94.895,94.895
0,0,0,0
0,0,0,0
0,0,0,0
12.369,12.369,613.44,613.44
6.5822,6.5822,326.45,326.45
4.0181,4.0181,191.17,191.17
0,0,0,0
0,0,0,0
0,0,0,0
3.94,3.94,189.81,189.81
22.712,22.712,1094.1,1094.1
6.6097,6.6097,318.42,318.42
4.9374,4.9374,233.7,233.7
0,0,0,0
24.34,24.34,1164.7,1164.7
34.027,34.027,1628.3,1628.3
18.79,18.79,931.66,931.66
14.088,14.088,698.53,698.53
1.8516,1.8516,85.79,85.79
36.27,36.27,1710.9,1710.9
81.436,81.436,3905.8,3905.8
54.896,54.896,2604.9,2604.9
29.199,29.199,1385.6,1385.6
41.814,41.814,1986.5,1986.5
66.513,66.513,3154.6,3154.6
119.97,119.97,5551.6,5551.6
98.547,98.547,4622,4622
23.468,23.468,1100.7,1100.7
93.571,93.571,4393.1,4393.1
83.957,83.957,3944.3,3944.3
21.763,21.763,1072.3,1072.3
17.636,17.636,833.09,833.09
20.679,20.679,942.3,942.3
100.25,100.25,4584.3,4584.3
102.48,102.48,4813.4,4813.4
34.772,34.772,1633.3,1633.3
21.775,21.775,1056.9,1056.9
67.015,67.015,3269.2,3269.2
64.166,64.166,2928.6,2928.6
120.89,120.89,5712.7,5712.7
34.631,34.631,1618.1,1618.1
114.87,114.87,5368.2,5368.2
28.06,28.06,1311.3,1311.3
92.285,92.285,4285.1,4285.1
78.332,78.332,3782.3,3782.3
61.362,61.362,2877.5,2877.5
60.932,60.932,2857.4,2857.4
93.575,93.575,4375.8,4375.8
95.581,95.581,5086.5,5086.5
68.776,68.776,3143,3143
24.664,24.664,1127.1,1127.1
60.048,60.048,2823.3,2823.3
96.665,96.665,4516,4516
63.681,63.681,2975.1,2975.1
126.66,126.66,5869.1,5869.1
64.488,64.488,3182.9,3182.9
17.049,17.049,859.31,859.31
85.958,85.958,3967,3967
118.51,118.51,5560.4,5560.4
39.177,39.177,1888.9,1888.9
108.91,108.91,5251,5251
98.539,98.539,4745.6,4745.6
94.521,94.521,4539.4,4539.4
29.396,29.396,1374.9,1374.9
48.036,48.036,2254.5,2254.5
92.342,92.342,4333.9,4333.9
70.335,70.335,3267.1,3267.1
63.418,63.418,2986,2986
112.6,112.6,5690.5,5690.5
21.948,21.948,1109.2,1109.2
21.402,21.402,1141.6,1141.6
75.14,75.14,3659.5,3659.5
93.733,93.733,4565,4565
121.93,121.93,5999.5,5999.5
96.362,96.362,4511.8,4511.8
103.84,103.84,4890.5,4890.5
98.138,98.138,4971.6,4971.6
58.833,58.833,2980.4,2980.4
63.674,63.674,2968.6,2968.6
73.738,73.738,3476.3,3476.3
121.8,121.8,5725.3,5725.3
77.494,77.494,3641.4,3641.4
65.355,65.355,3106.2,3106.2
109.89,109.89,5729,5729
18.81,18.81,898.69,898.69
31.394,31.394,1494,1494
75.917,75.917,3549.4,3549.4
99.253,99.253,4667.7,4667.7
25.374,25.374,1360.3,1360.3
5.3908,5.3908,252.12,252.12
85.293,85.293,3988.9,3988.9
102.78,102.78,5004.6,5004.6
55.35,55.35,2695.1,2695.1
27.706,27.706,1396.9,1396.9
77.942,77.942,3929.8,3929.8
89.909,89.909,4261.8,4261.8
77.051,77.051,3661.6,3661.6
67.981,67.981,3196.6,3196.6
86.355,86.355,4142.5,4142.5
102.48,102.48,4954.8,4954.8
24.495,24.495,1149.9,1149.9
102.54,102.54,4814,4814
98.328,98.328,5136.4,5136.4
32.597,32.597,1702.8,1702.8
0,0,0,0
0,0,0,0
0,0,0,0
0,0,0,0
0,0,0,0
0,0,0,0
0,0,0,0
0,0,0,0
0,0,0,0
0,0,0,0
0,0,0,0
0,0,0,0
0,0,0,0
0,0,0,0
0,0,0,0
0,0,0,0
0,0,0,0
0,0,0,0
0,0,0,0
0,0,0,0
0,0,0,0
0,0,0,0
0,0,0,0
0,0,0,0
0,0,0,0
0,0,0,0
0,0,0,0
0,0,0,0
0,0,0,0
0,0,0,0
0,0,0,0
0,0,0,0
0,0,0,0
0,0,0,0
0,0,0,0
0,0,0,0
0,0,0,0
0,0,0,0
0,0,0,0
0,0,0,0
0,0,0,0
0,0,0,0
0,0,0,0
0,0,0,0
0,0,0,0
0,0,0,0
0,0,0,0
0,0,0,0
0,0,0,0
0,0,0,0
0,0,0,0
0,0,0,0
0,0,0,0
0,0,0,0
7.8769,7.8769,394.28,394.28
3.9708,3.9708,198.76,198.76
0,0,0,0
0,0,0,0
0,0,0,0
0,0,0,0
0,0,0,0
0,0,0,0
0,0,0,0
0,0,0,0
0,0,0,0
0,0,0,0
0,0,0,0
1.8903,1.8903,92.404,92.404
18.946,18.946,926.18,926.18
9.5875,9.5875,468.68,468.68
0,0,0,0
0,0,0,0
0,0,0,0
2.7518,2.7518,139.74,139.74
1.4521,1.4521,73.742,73.742
1.674,1.674,80.864,80.864
0,0,0,0
1.6958,1.6958,81.277,81.277
0,0,0,0
0,0,0,0
0,0,0,0
0,0,0,0
0,0,0,0
8.4193,8.4193,417.56,417.56
4.4805,4.4805,222.21,222.21
2.5019,2.5019,119.04,119.04
0,0,0,0
0,0,0,0
0,0,0,0
2.8033,2.8033,135.05,135.05
16.159,16.159,778.48,778.48
4.7028,4.7028,226.56,226.56
3.0956,3.0956,146.53,146.53
0,0,0,0
18.5,18.5,885.3,885.3
25.863,25.863,1237.6,1237.6
13.415,13.415,665.13,665.13
10.058,10.058,498.69,498.69
0,0,0,0
30.784,30.784,1452.1,1452.1
69.378,69.378,3343.4,3343.4
43.859,43.859,2081.2,2081.2
23.329,23.329,1107,1107
32.47,32.47,1542.6,1542.6
53.8,53.8,2551.7,2551.7
111.6,111.6,5164.2,5164.2
85.751,85.751,4021.8,4021.8
20.421,20.421,957.75,957.75
80.445,80.445,3776.8,3776.8
70.931,70.931,3332.3,3332.3
15.396,15.396,758.55,758.55
12.64,12.64,597.08,597.08
23.164,23.164,1055.5,1055.5
111.79,111.79,5111.7,5111.7
90.801,90.801,4265,4265
30.811,30.811,1447.2,1447.2
15.388,15.388,746.94,746.94
54.246,54.246,2646.3,2646.3
77.902,77.902,3555.6,3555.6
126.48,126.48,5976.9,5976.9
32.599,32.599,1540.5,1540.5
104.78,104.78,4896.5,4896.5
25.594,25.594,1196.1,1196.1
94.902,94.902,4406.6,4406.6
88.046,88.046,4301.9,4301.9
70.403,70.403,3301.5,3301.5
69.909,69.909,3278.4,3278.4
83.181,83.181,3889.8,3889.8
82.931,82.931,4413.3,4413.3
82.121,82.121,3752.8,3752.8
29.449,29.449,1345.8,1345.8
48.789,48.789,2293.9,2293.9
102.53,102.53,4789.8,4789.8
67.542,67.542,3155.5,3155.5
126.38,126.38,5856.2,5856.2
76.108,76.108,3489.3,3489.3
20.758,20.758,951.67,951.67
90.615,90.615,4182,4182
117.51,117.51,5513.4,5513.4
42.136,42.136,2031.5,2031.5
117.14,117.14,5647.6,5647.6
93.346,93.346,4495.4,4495.4
81.635,81.635,4160.5,4160.5
28.143,28.143,1301.1,1301.1
42.322,42.322,1986.3,1986.3
81.358,81.358,3818.4,3818.4
59.689,59.689,2772.6,2772.6
60.113,60.113,2830.3,2830.3
101.9,101.9,5149.9,5149.9
19.863,19.863,1003.8,1003.8
15.344,15.344,818.5,818.5
70.876,70.876,3451.8,3451.8
88.414,88.414,4306,4306
123.61,123.61,6082.3,6082.3
83.7,83.7,3918.9,3918.9
91.64,91.64,4315.8,4315.8
89.5,89.5,4534,4534
53.654,53.654,2718.1,2718.1
51.991,51.991,2423.9,2423.9
61.205,61.205,2971.5,2971.5
116.32,116.32,5467.5,5467.5
89.576,89.576,4209.2,4209.2
61.099,61.099,2903.9,2903.9
100.42,100.42,5235,5235
13.416,13.416,671.37,671.37
37.371,37.371,1778.4,1778.4
89.529,89.529,4185.8,4185.8
87.383,87.383,4109.5,4109.5
19.492,19.492,1045,1045
5.8021,5.8021,271.35,271.35
91.799,91.799,4293.2,4293.2
108.6,108.6,5288.1,5288.1
58.486,58.486,2847.8,2847.8
32.298,32.298,1628.5,1628.5
90.86,90.86,4581.2,4581.2
79.033,79.033,3746.3,3746.3
83.526,83.526,3921.8,3921.8
56.454,56.454,2654.6,2654.6
76.615,76.615,3675.3,3675.3
91.299,91.299,4414.2,4414.2
27.039,27.039,1269.4,1269.4
113.19,113.19,5314,5314
109.05,109.05,5696.4,5696.4
36.15,36.15,1888.4,1888.4
0,0,0,0
0,0,0,0
0,0,0,0
0,0,0,0
0,0,0,0
0,0,0,0
0,0,0,0
0,0,0,0
0,0,0,0
0,0,0,0
0,0,0,0
0,0,0,0
0,0,0,0
0,0,0,0
0,0,0,0
0,0,0,0
0,0,0,0
0,0,0,0
0,0,0,0
0,0,0,0
0,0,0,0
0,0,0,0
0,0,0,0
0,0,0,0
0,0,0,0
0,0,0,0
0,0,0,0
0,0,0,0
0,0,0,0
0,0,0,0
0,0,0,0
0,0,0,0
0,0,0,0
0,0,0,0
0,0,0,0
0,0,0,0
0,0,0,0
0,0,0,0
0,0,0,0
0,0,0,0
0,0,0,0
0,0,0,0
0,0,0,0
0,0,0,0
0,0,0,0
0,0,0,0
0,0,0,0
0,0,0,0
0,0,0,0
0,0,0,0
0,0,0,0
0,0,0,0
0,0,0,0
0,0,0,0
5.1728,5.1728,258.92,258.92
2.6076,2.6076,130.52,130.52
0,0,0,0
0,0,0,0
0,0,0,0
0,0,0,0
0,0,0,0
0,0,0,0
0,0,0,0
0,0,0,0
0,0,0,0
0,0,0,0
0,0,0,0
0,0,0,0
13.381,13.381,654.14,654.14
6.7714,6.7714,331.02,331.02
0,0,0,0
0,0,0,0
0,0,0,0
1.6761,1.6761,85.119,85.119
0,0,0,0
0,0,0,0
0,0,0,0
0,0,0,0
0,0,0,0
0,0,0,0
0,0,0,0
0,0,0,0
0,0,0,0
5.553,5.553,275.41,275.41
2.9551,2.9551,146.56,146.56
1.5095,1.5095,71.82,71.82
0,0,0,0
0,0,0,0
0,0,0,0
1.9326,1.9326,93.105,93.105
11.14,11.14,536.69,536.69
3.2421,3.2421,156.19,156.19
1.8806,1.8806,89.015,89.015
0,0,0,0
13.625,13.625,652.01,652.01
19.048,19.048,911.51,911.51
9.2796,9.2796,460.1,460.1
6.9575,6.9575,344.97,344.97
0,0,0,0
25.317,25.317,1194.2,1194.2
57.543,57.543,2773.1,2773.1
33.954,33.954,1611.2,1611.2
18.06,18.06,856.99,856.99
24.431,24.431,1160.7,1160.7
42.166,42.166,1999.9,1999.9
100.59,100.59,4654.8,4654.8
72.299,72.299,3390.9,3390.9
17.217,17.217,807.51,807.51
67.013,67.013,3146.2,3146.2
58.064,58.064,2727.8,2727.8
10.553,10.553,519.97,519.97
8.7776,8.7776,414.64,414.64
25.142,25.142,1145.7,1145.7
120.78,120.78,5522.7,5522.7
77.957,77.957,3661.7,3661.7
26.452,26.452,1242.5,1242.5
10.537,10.537,511.48,511.48
42.546,42.546,2075.6,2075.6
91.643,91.643,4182.7,4182.7
128.22,128.22,6059.1,6059.1
33.048,33.048,1561.7,1561.7
92.604,92.604,4327.7,4327.7
22.621,22.621,1057.1,1057.1
94.564,94.564,4390.9,4390.9
97.032,97.032,4740.9,4740.9
78.267,78.267,3670.3,3670.3
77.719,77.719,3644.6,3644.6
71.646,71.646,3350.3,3350.3
69.72,69.72,3710.3,3710.3
95.01,95.01,4341.8,4341.8
34.071,34.071,1557,1557
38.41,38.41,1805.9,1805.9
105.36,105.36,4922.5,4922.5
69.413,69.413,3242.9,3242.9
122.19,122.19,5661.9,5661.9
89.789,89.789,4116.5,4116.5
24.489,24.489,1122.7,1122.7
92.559,92.559,4271.7,4271.7
112.9,112.9,5297.1,5297.1
43.912,43.912,2117.1,2117.1
122.07,122.07,5885.6,5885.6
85.68,85.68,4126.3,4126.3
88.304,88.304,4082.5,4082.5
33.049,33.049,1527.9,1527.9
36.13,36.13,1695.7,1695.7
69.455,69.455,3259.7,3259.7
49.082,49.082,2279.9,2279.9
55.211,55.211,2599.6,2599.6
91.374,91.374,4516,4516
17.418,17.418,880.22,880.22
10.66,10.66,568.61,568.61
80.529,80.529,3681.3,3681.3
80.807,80.807,3935.5,3935.5
123.24,123.24,5974.7,5974.7
70.444,70.444,3298.2,3298.2
78.361,78.361,3690.4,3690.4
79.088,79.088,4006.5,4006.5
47.412,47.412,2401.9,2401.9
41.134,41.134,1917.7,1917.7
50.693,50.693,2461.1,2461.1
107.63,107.63,5059.2,5059.2
100.33,100.33,4714.3,4714.3
55.347,55.347,2630.5,2630.5
88.911,88.911,4635.1,4635.1
14.826,14.826,697.7,697.7
43.104,43.104,2051.2,2051.2
102.3,102.3,4783,4783
74.544,74.544,3505.7,3505.7
14.509,14.509,777.85,777.85
6.0508,6.0508,282.98,282.98
95.735,95.735,4477.3,4477.3
111.19,111.19,5414.2,5414.2
59.881,59.881,2915.7,2915.7
36.482,36.482,1839.4,1839.4
102.63,102.63,5174.6,5174.6
84.615,84.615,4002.5,4002.5
94.266,94.266,4426.1,4426.1
45.426,45.426,2136,2136
65.863,65.863,3159.6,3159.6
78.813,78.813,3810.5,3810.5
28.92,28.92,1357.7,1357.7
121.07,121.07,5683.7,5683.7
117.18,117.18,6121.2,6121.2
38.846,38.846,2029.2,2029.2
0,0,0,0
0,0,0,0
0,0,0,0
0,0,0,0
0,0,0,0
0,0,0,0
0,0,0,0
0,0,0,0
0,0,0,0
0,0,0,0
0,0,0,0
0,0,0,0
0,0,0,0
0,0,0,0
0,0,0,0
0,0,0,0
0,0,0,0
0,0,0,0
0,0,0,0
0,0,0,0
0,0,0,0
0,0,0,0
0,0,0,0
0,0,0,0
0,0,0,0
0,0,0,0
0,0,0,0
0,0,0,0
0,0,0,0
0,0,0,0
0,0,0,0
0,0,0,0
0,0,0,0
0,0,0,0
0,0,0,0
0,0,0,0
0,0,0,0
0,0,0,0
0,0,0,0
0,0,0,0
0,0,0,0
0,0,0,0
0,0,0,0
0,0,0,0
0,0,0,0
0,0,0,0
0,0,0,0
0,0,0,0
0,0,0,0
0,0,0,0
0,0,0,0
0,0,0,0
0,0,0,0
0,0,0,0
3.2915,3.2915,164.76,164.76
1.6593,1.6593,83.055,83.055
0,0,0,0
0,0,0,0
0,0,0,0
0,0,0,0
0,0,0,0
0,0,0,0
0,0,0,0
0,0,0,0
0,0,0,0
0,0,0,0
0,0,0,0
0,0,0,0
9.1575,9.1575,447.66,447.66
4.634,4.634,226.53,226.53
0,0,0,0
0,0,0,0
0,0,0,0
0,0,0,0
0,0,0,0
0,0,0,0
0,0,0,0
0,0,0,0
0,0,0,0
0,0,0,0
0,0,0,0
0,0,0,0
0,0,0,0
3.5488,3.5488,176.01,176.01
1.8885,1.8885,93.665,93.665
0,0,0,0
0,0,0,0
0,0,0,0
0,0,0,0
0,0,0,0
7.4419,7.4419,358.51,358.51
2.1658,2.1658,104.34,104.34
0,0,0,0
0,0,0,0
9.7232,9.7232,465.29,465.29
13.593,13.593,650.47,650.47
6.2199,6.2199,308.39,308.39
4.6634,4.6634,231.22,231.22
0,0,0,0
20.174,20.174,951.64,951.64
46.246,46.246,2228.6,2228.6
25.469,25.469,1208.6,1208.6
13.547,13.547,642.84,642.84
17.812,17.812,846.19,846.19
32.021,32.021,1518.7,1518.7
87.853,87.853,4065.3,4065.3
59.065,59.065,2770.2,2770.2
14.066,14.066,659.7,659.7
54.091,54.091,2539.5,2539.5
46.056,46.056,2163.7,2163.7
7.0095,7.0095,345.36,345.36
5.9064,5.9064,279.01,279.01
26.441,26.441,1204.9,1204.9
126.44,126.44,5781.6,5781.6
64.852,64.852,3046.2,3046.2
22.006,22.006,1033.6,1033.6
6.9916,6.9916,339.37,339.37
32.334,32.334,1577.4,1577.4
104.46,104.46,4767.7,4767.7
125.95,125.95,5951.8,5951.8
32.462,32.462,1534,1534
79.304,79.304,3706.1,3706.1
19.372,19.372,905.31,905.31
91.301,91.301,4239.4,4239.4
103.61,103.61,5062.5,5062.5
84.308,84.308,3953.6,3953.6
83.718,83.718,3925.9,3925.9
59.794,59.794,2886.3,2886.3
56.794,56.794,3022.4,3022.4
106.51,106.51,4867.3,4867.3
38.195,38.195,1745.4,1745.4
29.3,29.3,1377.6,1377.6
104.92,104.92,4901.8,4901.8
69.121,69.121,3229.2,3229.2
114.46,114.46,5709.9,5709.9
102.64,102.64,4705.7,4705.7
27.994,27.994,1283.4,1283.4
91.609,91.609,4227.9,4227.9
105.1,105.1,4931.2,4931.2
44.341,44.341,2137.8,2137.8
123.27,123.27,5943.1,5943.1
76.203,76.203,3669.8,3669.8
100.48,100.48,4645.2,4645.2
37.604,37.604,1738.5,1738.5
29.887,29.887,1402.7,1402.7
57.453,57.453,2696.4,2696.4
56.722,56.722,2604.5,2604.5
49.135,49.135,2313.4,2313.4
81.317,81.317,3837.1,3837.1
14.799,14.799,747.91,747.91
7.1753,7.1753,382.75,382.75
90.271,90.271,4126.6,4126.6
71.561,71.561,3485.2,3485.2
125.42,125.42,5868.2,5868.2
57.447,57.447,2689.7,2689.7
64.925,64.925,3057.7,3057.7
67.717,67.717,3430.5,3430.5
40.596,40.596,2056.5,2056.5
31.534,31.534,1521.5,1521.5
40.683,40.683,1975.1,1975.1
96.501,96.501,4536.1,4536.1
108.88,108.88,5116.2,5116.2
50.891,50.891,2391.4,2391.4
76.278,76.278,3976.5,3976.5
20.733,20.733,975.65,975.65
48.173,48.173,2292.5,2292.5
113.27,113.27,5295.7,5295.7
61.617,61.617,2897.8,2897.8
10.465,10.465,561.03,561.03
6.1143,6.1143,285.95,285.95
96.739,96.739,4524.3,4524.3
110.31,110.31,5371.2,5371.2
59.405,59.405,2892.6,2892.6
39.929,39.929,2013.2,2013.2
112.33,112.33,5663.5,5663.5
97.575,97.575,4615.6,4615.6
103.08,103.08,4840.1,4840.1
35.418,35.418,1665.4,1665.4
54.863,54.863,2631.8,2631.8
65.922,65.922,3187.2,3187.2
29.972,29.972,1407.1,1407.1
125.47,125.47,5890.5,5890.5
122.01,122.01,6373.5,6373.5
40.448,40.448,2112.9,2112.9
0,0,0,0
0,0,0,0
0,0,0,0
0,0,0,0
0,0,0,0
0,0,0,0
0,0,0,0
0,0,0,0
0,0,0,0
0,0,0,0
0,0,0,0
0,0,0,0
0,0,0,0
0,0,0,0
0,0,0,0
0,0,0,0
0,0,0,0
0,0,0,0
0,0,0,0
0,0,0,0
0,0,0,0
0,0,0,0
0,0,0,0
0,0,0,0
0,0,0,0
0,0,0,0
0,0,0,0
0,0,0,0
0,0,0,0
0,0,0,0
0,0,0,0
0,0,0,0
0,0,0,0
0,0,0,0
0,0,0,0
0,0,0,0
0,0,0,0
0,0,0,0
0,0,0,0
0,0,0,0
0,0,0,0
0,0,0,0
0,0,0,0
0,0,0,0
0,0,0,0
0,0,0,0
0,0,0,0
0,0,0,0
0,0,0,0
0,0,0,0
0,0,0,0
0,0,0,0
0,0,0,0
0,0,0,0
2.0294,2.0294,101.58,101.58
0,0,0,0
0,0,0,0
0,0,0,0
0,0,0,0
0,0,0,0
0,0,0,0
0,0,0,0
0,0,0,0
0,0,0,0
0,0,0,0
0,0,0,0
0,0,0,0
0,0,0,0
6.0724,6.0724,296.84,296.84
3.0728,3.0728,150.21,150.21
0,0,0,0
0,0,0,0
0,0,0,0
0,0,0,0
0,0,0,0
0,0,0,0
0,0,0,0
0,0,0,0
0,0,0,0
0,0,0,0
0,0,0,0
0,0,0,0
0,0,0,0
2.1975,2.1975,108.99,108.99
0,0,0,0
0,0,0,0
0,0,0,0
0,0,0,0
0,0,0,0
0,0,0,0
4.8169,4.8169,232.05,232.05
0,0,0,0
0,0,0,0
0,0,0,0
6.7232,6.7232,321.73,321.73
9.399,9.399,449.77,449.77
4.0396,4.0396,200.29,200.29
3.0287,3.0287,150.17,150.17
0,0,0,0
15.577,15.577,734.78,734.78
36.013,36.013,1735.5,1735.5
19.174,19.174,923.99,923.99
9.8463,9.8463,467.23,467.23
12.583,12.583,597.77,597.77
23.563,23.563,1117.5,1117.5
74.345,74.345,3440.2,3440.2
46.755,46.755,2192.9,2192.9
11.134,11.134,522.21,522.21
42.305,42.305,1986.2,1986.2
35.397,35.397,1662.9,1662.9
5.2794,5.2794,248.02,248.02
3.8509,3.8509,181.91,181.91
26.945,26.945,1227.8,1227.8
128.8,128.8,5869.2,5869.2
52.275,52.275,2455.4,2455.4
17.738,17.738,833.17,833.17
5.9141,5.9141,279.57,279.57
26.284,26.284,1199.7,1199.7
115.37,115.37,5265.7,5265.7
119.87,119.87,5664.9,5664.9
30.897,30.897,1460.1,1460.1
65.806,65.806,3075.3,3075.3
16.075,16.075,751.22,751.22
85.413,85.413,3966,3966
107.21,107.21,5238.2,5238.2
87.996,87.996,4126.5,4126.5
87.38,87.38,4097.6,4097.6
70.449,70.449,3466.2,3466.2
44.828,44.828,2385.6,2385.6
115.69,115.69,5287,5287
41.488,41.488,1895.9,1895.9
21.657,21.657,1018.3,1018.3
101.24,101.24,4729.6,4729.6
80.514,80.514,3781.5,3781.5
115.55,115.55,6146.3,6146.3
113.69,113.69,5212.2,5212.2
31.007,31.007,1421.6,1421.6
99.005,99.005,4541.3,4541.3
94.803,94.803,4448.1,4448.1
43.384,43.384,2091.7,2091.7
120.61,120.61,5814.9,5814.9
65.669,65.669,3162.6,3162.6
110.77,110.77,5121.3,5121.3
42.97,42.97,1974.7,1974.7
23.954,23.954,1124.3,1124.3
46.049,46.049,2161.2,2161.2
69.261,69.261,3180.3,3180.3
42.369,42.369,1994.9,1994.9
70.12,70.12,3301.5,3301.5
12.184,12.184,615.75,615.75
7.4975,7.4975,362.06,362.06
98.05,98.05,4482.2,4482.2
65.532,65.532,2995.7,2995.7
124.99,124.99,5860.7,5860.7
45.393,45.393,2125.3,2125.3
60.813,60.813,2858.9,2858.9
56.181,56.181,2846.1,2846.1
33.68,33.68,1706.2,1706.2
24.37,24.37,1183.2,1183.2
31.635,31.635,1535.9,1535.9
83.836,83.836,3940.8,3940.8
114.49,114.49,5380,5380
53.515,53.515,2514.6,2514.6
63.408,63.408,3305.5,3305.5
28.093,28.093,1322,1322
52.166,52.166,2482.5,2482.5
121.52,121.52,5681.4,5681.4
49.351,49.351,2320.9,2320.9
7.3136,7.3136,392.08,392.08
5.9866,5.9866,279.98,279.98
94.719,94.719,4429.8,4429.8
116.71,116.71,5642.9,5642.9
69.014,69.014,3240.1,3240.1
44.165,44.165,2135,2135
119.12,119.12,6006.1,6006.1
109.03,109.03,5157.3,5157.3
109.23,109.23,5128.5,5128.5
26.757,26.757,1258.2,1258.2
44.28,44.28,2124.2,2124.2
53.427,53.427,2583.1,2583.1
30.098,30.098,1413,1413
126,126,5915.2,5915.2
125.12,125.12,6430.2,6430.2
40.807,40.807,2131.7,2131.7
0,0,0,0
0,0,0,0
0,0,0,0
0,0,0,0
0,0,0,0
0,0,0,0
0,0,0,0
0,0,0,0
0,0,0,0
0,0,0,0
0,0,0,0
0,0,0,0
0,0,0,0
0,0,0,0
0,0,0,0
0,0,0,0
0,0,0,0
0,0,0,0
0,0,0,0
0,0,0,0
0,0,0,0
0,0,0,0
0,0,0,0
0,0,0,0
0,0,0,0
0,0,0,0
0,0,0,0
0,0,0,0
0,0,0,0
0,0,0,0
0,0,0,0
0,0,0,0
0,0,0,0
0,0,0,0
0,0,0,0
0,0,0,0
0,0,0,0
0,0,0,0
0,0,0,0
0,0,0,0
0,0,0,0
0,0,0,0
0,0,0,0
0,0,0,0
0,0,0,0
0,0,0,0
0,0,0,0
0,0,0,0
0,0,0,0
0,0,0,0
0,0,0,0
0,0,0,0
0,0,0,0
0,0,0,0
0,0,0,0
0,0,0,0
0,0,0,0
0,0,0,0
0,0,0,0
0,0,0,0
0,0,0,0
0,0,0,0
0,0,0,0
0,0,0,0
0,0,0,0
0,0,0,0
0,0,0,0
0,0,0,0
3.9016,3.9016,190.73,190.73
1.9743,1.9743,96.513,96.513
0,0,0,0
0,0,0,0
0,0,0,0
0,0,0,0
0,0,0,0
0,0,0,0
0,0,0,0
0,0,0,0
0,0,0,0
0,0,0,0
0,0,0,0
0,0,0,0
0,0,0,0
0,0,0,0
0,0,0,0
0,0,0,0
0,0,0,0
0,0,0,0
0,0,0,0
0,0,0,0
3.021,3.021,145.54,145.54
0,0,0,0
0,0,0,0
0,0,0,0
4.5045,4.5045,215.56,215.56
6.2973,6.2973,301.35,301.35
2.5421,2.5421,126.04,126.04
1.906,1.906,94.502,94.502
0,0,0,0
11.654,11.654,549.73,549.73
27.173,27.173,1309.5,1309.5
14.467,14.467,697.19,697.19
6.9344,6.9344,329.05,329.05
8.6126,8.6126,409.17,409.17
16.8,16.8,796.79,796.79
60.96,60.96,2820.8,2820.8
35.862,35.862,1682,1682
8.5401,8.5401,400.54,400.54
32.059,32.059,1505.2,1505.2
26.36,26.36,1238.4,1238.4
3.9316,3.9316,184.7,184.7
2.4329,2.4329,114.93,114.93
26.605,26.605,1212.4,1212.4
127.18,127.18,5795.2,5795.2
40.829,40.829,1917.8,1917.8
13.854,13.854,650.74,650.74
9.0086,9.0086,425.85,425.85
28.129,28.129,1283.8,1283.8
123.47,123.47,5635.3,5635.3
110.55,110.55,5224.3,5224.3
28.494,28.494,1346.5,1346.5
52.91,52.91,2472.6,2472.6
12.924,12.924,604,604
77.425,77.425,3595.1,3595.1
107.48,107.48,5251.6,5251.6
88.994,88.994,4173.3,4173.3
88.371,88.371,4144.1,4144.1
81.976,81.976,4033.3,4033.3
48.929,48.929,2407.3,2407.3
121.77,121.77,5564.5,5564.5
43.666,43.666,1995.5,1995.5
15.511,15.511,729.27,729.27
94.646,94.646,4421.8,4421.8
91.502,91.502,4297.6,4297.6
120.51,120.51,6410.6,6410.6
122.01,122.01,5594,5594
33.278,33.278,1525.7,1525.7
110.47,110.47,5067.2,5067.2
82.86,82.86,3887.7,3887.7
41.13,41.13,1983,1983
114.34,114.34,5512.8,5512.8
54.834,54.834,2640.8,2640.8
118.34,118.34,5471,5471
54.895,54.895,2522.7,2522.7
18.604,18.604,873.12,873.12
35.763,35.763,1678.4,1678.4
81.948,81.948,3762.8,3762.8
37.246,37.246,1710.2,1710.2
58.588,58.588,2758.6,2758.6
9.7198,9.7198,491.2,491.2
11.109,11.109,536.44,536.44
103.19,103.19,4717.3,4717.3
68.969,68.969,3152.9,3152.9
120.96,120.96,5671.5,5671.5
47.361,47.361,2226.5,2226.5
72.194,72.194,3394,3394
45.163,45.163,2287.9,2287.9
27.075,27.075,1371.6,1371.6
18.362,18.362,891.49,891.49
23.836,23.836,1157.3,1157.3
70.571,70.571,3317.3,3317.3
116.66,116.66,5481.7,5481.7
54.526,54.526,2562.2,2562.2
52.231,52.231,2662.5,2662.5
36.882,36.882,1735.6,1735.6
54.737,54.737,2604.8,2604.8
126.32,126.32,5905.9,5905.9
38.299,38.299,1801.2,1801.2
5.1339,5.1339,265.5,265.5
5.6796,5.6796,265.62,265.62
89.862,89.862,4202.6,4202.6
123.79,123.79,5985.3,5985.3
82.339,82.339,3865.7,3865.7
48.027,48.027,2217.6,2217.6
122.41,122.41,6171.7,6171.7
118.04,118.04,5583.6,5583.6
112.14,112.14,5265.4,5265.4
19.586,19.586,920.98,920.98
34.63,34.63,1661.2,1661.2
41.957,41.957,2028.5,2028.5
29.286,29.286,1374.9,1374.9
122.6,122.6,5755.6,5755.6
126.5,126.5,6286,6286
39.892,39.892,2083.9,2083.9
0,0,0,0
0,0,0,0
0,0,0,0
0,0,0,0
0,0,0,0
0,0,0,0
0,0,0,0
0,0,0,0
0,0,0,0
0,0,0,0
0,0,0,0
0,0,0,0
0,0,0,0
0,0,0,0
0,0,0,0
0,0,0,0
0,0,0,0
0,0,0,0
0,0,0,0
0,0,0,0
0,0,0,0
0,0,0,0
0,0,0,0
0,0,0,0
0,0,0,0
0,0,0,0
0,0,0,0
0,0,0,0
0,0,0,0
0,0,0,0
0,0,0,0
0,0,0,0
0,0,0,0
0,0,0,0
0,0,0,0
0,0,0,0
0,0,0,0
0,0,0,0
0,0,0,0
0,0,0,0
0,0,0,0
0,0,0,0
0,0,0,0
0,0,0,0
0,0,0,0
0,0,0,0
0,0,0,0
0,0,0,0
0,0,0,0
0,0,0,0
0,0,0,0
0,0,0,0
0,0,0,0
0,0,0,0
0,0,0,0
0,0,0,0
0,0,0,0
0,0,0,0
0,0,0,0
0,0,0,0
0,0,0,0
0,0,0,0
0,0,0,0
0,0,0,0
0,0,0,0
0,0,0,0
0,0,0,0
0,0,0,0
2.429,2.429,118.74,118.74
0,0,0,0
0,0,0,0
0,0,0,0
0,0,0,0
0,0,0,0
0,0,0,0
0,0,0,0
0,0,0,0
0,0,0,0
0,0,0,0
0,0,0,0
0,0,0,0
0,0,0,0
0,0,0,0
0,0,0,0
0,0,0,0
0,0,0,0
0,0,0,0
0,0,0,0
0,0,0,0
0,0,0,0
1.8358,1.8358,88.442,88.442
0,0,0,0
0,0,0,0
0,0,0,0
2.9243,2.9243,139.94,139.94
4.0881,4.0881,195.63,195.63
1.5501,1.5501,76.855,76.855
0,0,0,0
0,0,0,0
8.4482,8.4482,398.51,398.51
19.866,19.866,957.39,957.39
10.577,10.577,509.72,509.72
4.732,4.732,224.54,224.54
5.7122,5.7122,271.38,271.38
11.606,11.606,550.47,550.47
48.434,48.434,2241.2,2241.2
26.653,26.653,1250,1250
6.347,6.347,297.68,297.68
23.541,23.541,1105.2,1105.2
19.021,19.021,893.6,893.6
2.837,2.837,133.28,133.28
1.4892,1.4892,70.35,70.35
25.455,25.455,1159.9,1159.9
121.67,121.67,5544.6,5544.6
39.774,39.774,1975.6,1975.6
10.485,10.485,492.47,492.47
13.296,13.296,628.53,628.53
29.168,29.168,1331.3,1331.3
128.03,128.03,5843.5,5843.5
98.79,98.79,4668.5,4668.5
25.463,25.463,1203.3,1203.3
41.22,41.22,1926.3,1926.3
10.069,10.069,470.55,470.55
68.004,68.004,3219.7,3219.7
104.41,104.41,5101.6,5101.6
87.209,87.209,4089.6,4089.6
86.598,86.598,4060.9,4060.9
92.427,92.427,4547.5,4547.5
55.167,55.167,2714.3,2714.3
124.18,124.18,5674.8,5674.8
44.532,44.532,2035,2035
10.858,10.858,525.23,525.23
85.739,85.739,4005.6,4005.6
100.76,100.76,4732.4,4732.4
121.79,121.79,6478.7,6478.7
126.89,126.89,5817.3,5817.3
35.824,35.824,1643.2,1643.2
119.43,119.43,5478.4,5478.4
70.173,70.173,3292.4,3292.4
37.783,37.783,1821.6,1821.6
105.04,105.04,5064.1,5064.1
44.366,44.366,2136.6,2136.6
122.49,122.49,5663.1,5663.1
67.952,67.952,3122.8,3122.8
21.516,21.516,988.77,988.77
26.912,26.912,1263.1,1263.1
93.947,93.947,4313.8,4313.8
42.699,42.699,1960.6,1960.6
47.433,47.433,2233.3,2233.3
10.435,10.435,503.92,503.92
15.948,15.948,770.13,770.13
105.23,105.23,4810.6,4810.6
70.333,70.333,3215.2,3215.2
113.42,113.42,5318,5318
54.479,54.479,2561.1,2561.1
83.045,83.045,3904.1,3904.1
35.179,35.179,1782.1,1782.1
21.089,21.089,1068.4,1068.4
13.406,13.406,650.86,650.86
17.402,17.402,844.89,844.89
57.561,57.561,2705.7,2705.7
115.17,115.17,5411.9,5411.9
53.832,53.832,2529.5,2529.5
41.705,41.705,2078,2078
46.919,46.919,2207.9,2207.9
59.719,59.719,3030,3030
127.23,127.23,5948.6,5948.6
28.799,28.799,1354.4,1354.4
3.8605,3.8605,181.56,181.56
5.221,5.221,244.17,244.17
82.606,82.606,3863.3,3863.3
127.22,127.22,6151.3,6151.3
95.188,95.188,4468.9,4468.9
50.605,50.605,2350.9,2350.9
121.87,121.87,6144.9,6144.9
123.83,123.83,5857.5,5857.5
111.56,111.56,5238,5238
13.892,13.892,653.24,653.24
26.241,26.241,1258.8,1258.8
31.926,31.926,1543.5,1543.5
27.611,27.611,1296.2,1296.2
115.59,115.59,5426.4,5426.4
123.93,123.93,5954.2,5954.2
37.786,37.786,1973.9,1973.9
0,0,0,0
0,0,0,0
0,0,0,0
0,0,0,0
0,0,0,0
0,0,0,0
0,0,0,0
0,0,0,0
0,0,0,0
0,0,0,0
0,0,0,0
0,0,0,0
0,0,0,0
0,0,0,0
0,0,0,0
0,0,0,0
0,0,0,0
0,0,0,0
0,0,0,0
0,0,0,0
0,0,0,0
0,0,0,0
0,0,0,0
0,0,0,0
0,0,0,0
0,0,0,0
0,0,0,0
0,0,0,0
0,0,0,0
0,0,0,0
0,0,0,0
0,0,0,0
0,0,0,0
0,0,0,0
0,0,0,0
0,0,0,0
0,0,0,0
0,0,0,0
0,0,0,0
0,0,0,0
0,0,0,0
0,0,0,0
0,0,0,0
0,0,0,0
0,0,0,0
0,0,0,0
0,0,0,0
0,0,0,0
0,0,0,0
0,0,0,0
0,0,0,0
0,0,0,0
0,0,0,0
0,0,0,0
0,0,0,0
0,0,0,0
0,0,0,0
0,0,0,0
0,0,0,0
0,0,0,0
0,0,0,0
0,0,0,0
0,0,0,0
0,0,0,0
0,0,0,0
0,0,0,0
0,0,0,0
0,0,0,0
1.4652,1.4652,71.627,71.627
0,0,0,0
0,0,0,0
0,0,0,0
0,0,0,0
0,0,0,0
0,0,0,0
0,0,0,0
0,0,0,0
0,0,0,0
0,0,0,0
0,0,0,0
0,0,0,0
0,0,0,0
0,0,0,0
0,0,0,0
0,0,0,0
0,0,0,0
0,0,0,0
0,0,0,0
0,0,0,0
0,0,0,0
0,0,0,0
0,0,0,0
0,0,0,0
0,0,0,0
1.8395,1.8395,88.026,88.026
2.5716,2.5716,123.06,123.06
0,0,0,0
0,0,0,0
0,0,0,0
5.9341,5.9341,279.92,279.92
14.074,14.074,678.22,678.22
7.493,7.493,361.1,361.1
3.1288,3.1288,148.47,148.47
3.6709,3.6709,174.4,174.4
7.7693,7.7693,368.48,368.48
37.286,37.286,1725.3,1725.3
19.193,19.193,900.18,900.18
4.5706,4.5706,214.37,214.37
16.749,16.749,786.37,786.37
13.299,13.299,624.79,624.79
1.9836,1.9836,93.186,93.186
0,0,0,0
23.597,23.597,1075.3,1075.3
112.8,112.8,5140,5140
45.016,45.016,2235.9,2235.9
7.6976,7.6976,363.88,363.88
19.015,19.015,898.87,898.87
29.307,29.307,1337.6,1337.6
128.64,128.64,5871.2,5871.2
85.538,85.538,4042.2,4042.2
22.047,22.047,1041.9,1041.9
31.116,31.116,1454.1,1454.1
7.6008,7.6008,355.21,355.21
62.027,62.027,3030.6,3030.6
98.281,98.281,4802,4802
82.806,82.806,3883.1,3883.1
82.226,82.226,3855.9,3855.9
100.97,100.97,4968,4968
60.269,60.269,2965.3,2965.3
122.71,122.71,5607.6,5607.6
48.221,48.221,2332.5,2332.5
14.127,14.127,683.33,683.33
75.258,75.258,3516,3516
107.51,107.51,5049.4,5049.4
119.27,119.27,6344.3,6344.3
127.85,127.85,5861.7,5861.7
37.528,37.528,1721.4,1721.4
125.12,125.12,5739,5739
57.702,57.702,2701.7,2701.7
38.115,38.115,1748.5,1748.5
103.22,103.22,4735.2,4735.2
34.781,34.781,1675,1675
122.86,122.86,5679.9,5679.9
81.504,81.504,3745.5,3745.5
25.807,25.807,1186,1186
19.623,19.623,920.95,920.95
104.36,104.36,4791.9,4791.9
47.432,47.432,2177.9,2177.9
37.209,37.209,1751.9,1751.9
14.516,14.516,700.98,700.98
22.184,22.184,1071.3,1071.3
103.98,103.98,4753.4,4753.4
69.497,69.497,3177,3177
103.04,103.04,4831.7,4831.7
60.722,60.722,2854.6,2854.6
92.561,92.561,4351.4,4351.4
26.551,26.551,1345,1345
15.917,15.917,806.33,806.33
9.4835,9.4835,460.43,460.43
12.311,12.311,597.69,597.69
45.492,45.492,2138.4,2138.4
110.17,110.17,5177.1,5177.1
51.496,51.496,2419.8,2419.8
48.361,48.361,2259.2,2259.2
57.834,57.834,2721.5,2721.5
73.187,73.187,3713.3,3713.3
124.17,124.17,5805.6,5805.6
25.348,25.348,1185.1,1185.1
5.8508,5.8508,272.63,272.63
4.6505,4.6505,217.49,217.49
73.579,73.579,3441.1,3441.1
126.69,126.69,6125.7,6125.7
106.62,106.62,5005.8,5005.8
62.43,62.43,2923.8,2923.8
118.56,118.56,5928.3,5928.3
125.87,125.87,5954.1,5954.1
107.53,107.53,5049.1,5049.1
15.053,15.053,698.13,698.13
19.268,19.268,924.29,924.29
32.724,32.724,1506.1,1506.1
25.224,25.224,1184.2,1184.2
105.59,105.59,4957.2,4957.2
117.64,117.64,5558.2,5558.2
34.68,34.68,1811.6,1811.6
0,0,0,0
0,0,0,0
0,0,0,0
0,0,0,0
0,0,0,0
0,0,0,0
0,0,0,0
0,0,0,0
0,0,0,0
0,0,0,0
0,0,0,0
0,0,0,0
0,0,0,0
0,0,0,0
0,0,0,0
0,0,0,0
0,0,0,0
0,0,0,0
0,0,0,0
0,0,0,0
0,0,0,0
0,0,0,0
0,0,0,0
0,0,0,0
0,0,0,0
0,0,0,0
0,0,0,0
0,0,0,0
0,0,0,0
0,0,0,0
0,0,0,0
0,0,0,0
0,0,0,0
0,0,0,0
0,0,0,0
0,0,0,0
0,0,0,0
0,0,0,0
0,0,0,0
0,0,0,0
0,0,0,0
0,0,0,0
0,0,0,0
0,0,0,0
0,0,0,0
0,0,0,0
0,0,0,0
0,0,0,0
0,0,0,0
0,0,0,0
0,0,0,0
0,0,0,0
0,0,0,0
0,0,0,0
0,0,0,0
0,0,0,0
0,0,0,0
0,0,0,0
0,0,0,0
0,0,0,0
0,0,0,0
0,0,0,0
0,0,0,0
0,0,0,0
0,0,0,0
0,0,0,0
0,0,0,0
0,0,0,0
0,0,0,0
0,0,0,0
0,0,0,0
0,0,0,0
0,0,0,0
0,0,0,0
0,0,0,0
0,0,0,0
0,0,0,0
0,0,0,0
0,0,0,0
0,0,0,0
0,0,0,0
0,0,0,0
0,0,0,0
0,0,0,0
0,0,0,0
0,0,0,0
0,0,0,0
0,0,0,0
0,0,0,0
0,0,0,0
0,0,0,0
0,0,0,0
0,0,0,0
0,0,0,0
0,0,0,0
1.5674,1.5674,75.005,75.005
0,0,0,0
0,0,0,0
0,0,0,0
4.0388,4.0388,190.51,190.51
9.6604,9.6604,465.55,465.55
5.1433,5.1433,247.86,247.86
2.0045,2.0045,95.12,95.12
2.2859,2.2859,108.6,108.6
5.0393,5.0393,239.01,239.01
27.813,27.813,1287,1287
13.392,13.392,628.12,628.12
3.1892,3.1892,149.58,149.58
11.547,11.547,542.12,542.12
9.0098,9.0098,423.27,423.27
0,0,0,0
0,0,0,0
21.197,21.197,965.9,965.9
107.86,107.86,5357.3,5357.3
49.367,49.367,2452,2452
10.667,10.667,504.23,504.23
26.349,26.349,1245.6,1245.6
28.532,28.532,1302.2,1302.2
125.24,125.24,5716,5716
71.764,71.764,3391.3,3391.3
18.497,18.497,874.1,874.1
22.759,22.759,1063.6,1063.6
5.5595,5.5595,259.81,259.81
56.571,56.571,2764,2764
89.637,89.637,4379.6,4379.6
76.184,76.184,3572.6,3572.6
75.65,75.65,3547.6,3547.6
106.89,106.89,5259,5259
63.798,63.798,3138.9,3138.9
117.49,117.49,5369.2,5369.2
60.788,60.788,2940.4,2940.4
17.808,17.808,861.41,861.41
64.008,64.008,2990.4,2990.4
111.15,111.15,5220.4,5220.4
113.17,113.17,6019.7,6019.7
124.83,124.83,5723.1,5723.1
38.093,38.093,1747.3,1747.3
127,127,5825.4,5825.4
64.887,64.887,2979.7,2979.7
41.734,41.734,1914.5,1914.5
113.02,113.02,5184.8,5184.8
26.421,26.421,1272.4,1272.4
119.39,119.39,5519.9,5519.9
94.722,94.722,4352.9,4352.9
29.992,29.992,1378.3,1378.3
13.864,13.864,650.66,650.66
112.33,112.33,5157.7,5157.7
51.053,51.053,2344.2,2344.2
28.283,28.283,1331.6,1331.6
19.566,19.566,944.83,944.83
29.902,29.902,1444,1444
99.555,99.555,4551,4551
66.538,66.538,3041.7,3041.7
90.715,90.715,4253.6,4253.6
65.578,65.578,3082.9,3082.9
99.963,99.963,4699.4,4699.4
19.417,19.417,983.63,983.63
11.64,11.64,589.68,589.68
6.5004,6.5004,315.6,315.6
8.4383,8.4383,409.68,409.68
34.837,34.837,1637.5,1637.5
102.12,102.12,4798.7,4798.7
47.733,47.733,2242.9,2242.9
58.98,58.98,2755.3,2755.3
69.075,69.075,3250.5,3250.5
86.908,86.908,4409.5,4409.5
117.43,117.43,5490.2,5490.2
23.971,23.971,1120.7,1120.7
8.9505,8.9505,417.07,417.07
4.0137,4.0137,187.71,187.71
63.504,63.504,2969.9,2969.9
122.25,122.25,5910.7,5910.7
115.73,115.73,5433.2,5433.2
75.233,75.233,3523.5,3523.5
117.28,117.28,5541.7,5541.7
123.97,123.97,5864.3,5864.3
100.44,100.44,4715.8,4715.8
17.422,17.422,808.01,808.01
21.994,21.994,1012.2,1012.2
42.656,42.656,1963.1,1963.1
22.327,22.327,1048.2,1048.2
93.468,93.468,4388,4388
108.2,108.2,5112.3,5112.3
30.842,30.842,1611.1,1611.1
0,0,0,0
0,0,0,0
0,0,0,0
0,0,0,0
0,0,0,0
0,0,0,0
0,0,0,0
0,0,0,0
0,0,0,0
0,0,0,0
0,0,0,0
0,0,0,0
0,0,0,0
0,0,0,0
0,0,0,0
0,0,0,0
0,0,0,0
0,0,0,0
0,0,0,0
0,0,0,0
0,0,0,0
0,0,0,0
0,0,0,0
0,0,0,0
0,0,0,0
0,0,0,0
0,0,0,0
0,0,0,0
0,0,0,0
0,0,0,0
0,0,0,0
0,0,0,0
0,0,0,0
0,0,0,0
0,0,0,0
0,0,0,0
0,0,0,0
0,0,0,0
0,0,0,0
0,0,0,0
0,0,0,0
0,0,0,0
0,0,0,0
0,0,0,0
0,0,0,0
0,0,0,0
0,0,0,0
0,0,0,0
0,0,0,0
0,0,0,0
0,0,0,0
0,0,0,0
0,0,0,0
0,0,0,0
0,0,0,0
0,0,0,0
0,0,0,0
0,0,0,0
0,0,0,0
0,0,0,0
0,0,0,0
0,0,0,0
0,0,0,0
0,0,0,0
0,0,0,0
0,0,0,0
0,0,0,0
0,0,0,0
0,0,0,0
0,0,0,0
0,0,0,0
0,0,0,0
0,0,0,0
0,0,0,0
0,0,0,0
0,0,0,0
0,0,0,0
0,0,0,0
0,0,0,0
0,0,0,0
0,0,0,0
0,0,0,0
0,0,0,0
0,0,0,0
0,0,0,0
0,0,0,0
0,0,0,0
0,0,0,0
0,0,0,0
0,0,0,0
0,0,0,0
0,0,0,0
0,0,0,0
0,0,0,0
0,0,0,0
0,0,0,0
0,0,0,0
0,0,0,0
0,0,0,0
2.6635,2.6635,125.64,125.64
6.4252,6.4252,309.64,309.64
3.4208,3.4208,164.85,164.85
0,0,0,0
0,0,0,0
3.6139,3.6139,167.23,167.23
20.103,20.103,930.22,930.22
9.0545,9.0545,424.67,424.67
2.1562,2.1562,101.13,101.13
7.7134,7.7134,362.14,362.14
5.9143,5.9143,277.85,277.85
0,0,0,0
0,0,0,0
18.449,18.449,840.69,840.69
114.61,114.61,5692.7,5692.7
52.457,52.457,2605.5,2605.5
14.322,14.322,677.02,677.02
35.379,35.379,1672.4,1672.4
26.915,26.915,1228.4,1228.4
118.14,118.14,5392,5392
58.339,58.339,2756.9,2756.9
15.037,15.037,710.58,710.58
16.13,16.13,753.81,753.81
3.9402,3.9402,184.14,184.14
49.994,49.994,2442.7,2442.7
79.215,79.215,3870.4,3870.4
67.915,67.915,3184.8,3184.8
67.44,67.44,3162.5,3162.5
109.63,109.63,5394.1,5394.1
65.438,65.438,3219.6,3219.6
109,109,4981.2,4981.2
74.251,74.251,3591.7,3591.7
21.752,21.752,1052.2,1052.2
52.749,52.749,2464.4,2464.4
111.35,111.35,5229.6,5229.6
104.04,104.04,5534.4,5534.4
118.09,118.09,5414.2,5414.2
37.466,37.466,1718.6,1718.6
124.91,124.91,5729.6,5729.6
76.576,76.576,3516.4,3516.4
44.278,44.278,2031.2,2031.2
119.91,119.91,5500.9,5500.9
19.447,19.447,936.54,936.54
112.43,112.43,5197.8,5197.8
106.67,106.67,4901.8,4901.8
33.774,33.774,1552.1,1552.1
13.013,13.013,597.51,597.51
117.15,117.15,5379.1,5379.1
53.245,53.245,2444.8,2444.8
20.83,20.83,980.76,980.76
25.553,25.553,1234,1234
39.052,39.052,1885.9,1885.9
92.358,92.358,4222,4222
61.728,61.728,2821.8,2821.8
77.382,77.382,3628.4,3628.4
68.624,68.624,3226.1,3226.1
104.61,104.61,4917.7,4917.7
13.759,13.759,697,697
8.2482,8.2482,417.85,417.85
4.3174,4.3174,209.61,209.61
5.6045,5.6045,272.1,272.1
27.087,27.087,1248.1,1248.1
91.719,91.719,4309.9,4309.9
42.87,42.87,2014.5,2014.5
69.697,69.697,3256,3256
79.939,79.939,3761.8,3761.8
99.997,99.997,5073.6,5073.6
107.6,107.6,5242.1,5242.1
21.964,21.964,1026.9,1026.9
13.267,13.267,618.22,618.22
3.6412,3.6412,169.67,169.67
53.106,53.106,2483.6,2483.6
114.29,114.29,5526.3,5526.3
121.71,121.71,5713.9,5713.9
87.847,87.847,4114.3,4114.3
112.42,112.42,5191,5191
118.31,118.31,5596.5,5596.5
108.8,108.8,5046.3,5046.3
19.538,19.538,906.14,906.14
27.778,27.778,1278.4,1278.4
53.875,53.875,2479.5,2479.5
19.15,19.15,899.01,899.01
80.166,80.166,3763.5,3763.5
96.429,96.429,4556.1,4556.1
26.576,26.576,1388.3,1388.3
0,0,0,0
0,0,0,0
0,0,0,0
0,0,0,0
0,0,0,0
0,0,0,0
0,0,0,0
0,0,0,0
0,0,0,0
0,0,0,0
0,0,0,0
0,0,0,0
0,0,0,0
0,0,0,0
0,0,0,0
0,0,0,0
0,0,0,0
0,0,0,0
0,0,0,0
0,0,0,0
0,0,0,0
0,0,0,0
0,0,0,0
0,0,0,0
0,0,0,0
0,0,0,0
0,0,0,0
0,0,0,0
0,0,0,0
0,0,0,0
0,0,0,0
0,0,0,0
0,0,0,0
0,0,0,0
0,0,0,0
0,0,0,0
0,0,0,0
0,0,0,0
0,0,0,0
0,0,0,0
0,0,0,0
0,0,0,0
0,0,0,0
0,0,0,0
0,0,0,0
0,0,0,0
0,0,0,0
0,0,0,0
0,0,0,0
0,0,0,0
0,0,0,0
0,0,0,0
0,0,0,0
0,0,0,0
0,0,0,0
0,0,0,0
0,0,0,0
0,0,0,0
0,0,0,0
0,0,0,0
0,0,0,0
0,0,0,0
0,0,0,0
0,0,0,0
0,0,0,0
0,0,0,0
0,0,0,0
0,0,0,0
0,0,0,0
0,0,0,0
0,0,0,0
0,0,0,0
0,0,0,0
0,0,0,0
0,0,0,0
0,0,0,0
0,0,0,0
0,0,0,0
0,0,0,0
0,0,0,0
0,0,0,0
0,0,0,0
0,0,0,0
0,0,0,0
0,0,0,0
0,0,0,0
0,0,0,0
0,0,0,0
0,0,0,0
0,0,0,0
0,0,0,0
0,0,0,0
0,0,0,0
0,0,0,0
0,0,0,0
0,0,0,0
0,0,0,0
0,0,0,0
0,0,0,0
1.702,1.702,80.283,80.283
4.1407,4.1407,199.55,199.55
2.2046,2.2046,106.24,106.24
0,0,0,0
0,0,0,0
2.531,2.531,117.12,117.12
14.079,14.079,651.46,651.46
5.9317,5.9317,278.2,278.2
0,0,0,0
4.9926,4.9926,234.4,234.4
3.7618,3.7618,176.73,176.73
0,0,0,0
0,0,0,0
15.559,15.559,708.99,708.99
118.01,118.01,5861.3,5861.3
54.01,54.01,2682.7,2682.7
18.633,18.633,880.8,880.8
46.028,46.028,2175.8,2175.8
24.601,24.601,1122.8,1122.8
107.98,107.98,4928.5,4928.5
45.953,45.953,2171.6,2171.6
11.844,11.844,559.71,559.71
11.077,11.077,517.66,517.66
2.7058,2.7058,126.45,126.45
42.809,42.809,2091.6,2091.6
67.831,67.831,3314.2,3314.2
58.664,58.664,2751,2751
58.253,58.253,2731.8,2731.8
108.96,108.96,5360.9,5360.9
65.035,65.035,3199.8,3199.8
97.987,97.987,4477.9,4477.9
87.879,87.879,4250.9,4250.9
25.745,25.745,1245.3,1245.3
55.649,55.649,2547.7,2547.7
108.08,108.08,5076.2,5076.2
92.685,92.685,4930.3,4930.3
108.25,108.25,4963,4963
35.706,35.706,1637.8,1637.8
119.04,119.04,5460.3,5460.3
87.564,87.564,4021,4021
45.519,45.519,2088.1,2088.1
123.27,123.27,5655.1,5655.1
16.855,16.855,773.2,773.2
102.58,102.58,4742.6,4742.6
116.39,116.39,5348.6,5348.6
36.852,36.852,1693.5,1693.5
13.15,13.15,603.81,603.81
118.38,118.38,5435.9,5435.9
53.806,53.806,2470.6,2470.6
14.865,14.865,699.9,699.9
32.337,32.337,1561.6,1561.6
49.42,49.42,2386.5,2386.5
83.02,83.02,3795.2,3795.2
55.487,55.487,2536.5,2536.5
63.958,63.958,2998.9,2998.9
69.582,69.582,3271.1,3271.1
106.07,106.07,4986.3,4986.3
9.4467,9.4467,478.56,478.56
5.6632,5.6632,286.89,286.89
3.9038,3.9038,215.28,215.28
3.6067,3.6067,175.11,175.11
35.144,35.144,1619.4,1619.4
79.818,79.818,3750.6,3750.6
37.308,37.308,1753.1,1753.1
79.805,79.805,3728.2,3728.2
89.64,89.64,4218.2,4218.2
111.48,111.48,5656.5,5656.5
107.96,107.96,5543.3,5543.3
19.501,19.501,911.75,911.75
19.056,19.056,887.94,887.94
5.2298,5.2298,243.69,243.69
43.032,43.032,2012.5,2012.5
103.54,103.54,5006.4,5006.4
124.02,124.02,5822.6,5822.6
99.392,99.392,4654.9,4654.9
104.42,104.42,4821.3,4821.3
109.41,109.41,5175.2,5175.2
118.23,118.23,5483.5,5483.5
21.23,21.23,984.65,984.65
33.995,33.995,1564.6,1564.6
65.933,65.933,3034.4,3034.4
15.915,15.915,747.13,747.13
66.623,66.623,3127.7,3127.7
83.271,83.271,3934.4,3934.4
22.19,22.19,1159.1,1159.1
0,0,0,0
0,0,0,0
0,0,0,0
0,0,0,0
0,0,0,0
0,0,0,0
0,0,0,0
0,0,0,0
0,0,0,0
0,0,0,0
0,0,0,0
0,0,0,0
0,0,0,0
0,0,0,0
0,0,0,0
0,0,0,0
0,0,0,0
0,0,0,0
0,0,0,0
0,0,0,0
0,0,0,0
0,0,0,0
0,0,0,0
0,0,0,0
0,0,0,0
0,0,0,0
0,0,0,0
0,0,0,0
0,0,0,0
0,0,0,0
0,0,0,0
0,0,0,0
0,0,0,0
0,0,0,0
0,0,0,0
0,0,0,0
0,0,0,0
0,0,0,0
0,0,0,0
0,0,0,0
0,0,0,0
0,0,0,0
0,0,0,0
0,0,0,0
0,0,0,0
0,0,0,0
0,0,0,0
0,0,0,0
0,0,0,0
0,0,0,0
0,0,0,0
0,0,0,0
0,0,0,0
0,0,0,0
0,0,0,0
0,0,0,0
0,0,0,0
0,0,0,0
0,0,0,0
0,0,0,0
0,0,0,0
0,0,0,0
0,0,0,0
0,0,0,0
0,0,0,0
0,0,0,0
0,0,0,0
0,0,0,0
0,0,0,0
0,0,0,0
0,0,0,0
0,0,0,0
0,0,0,0
0,0,0,0
0,0,0,0
0,0,0,0
0,0,0,0
0,0,0,0
0,0,0,0
0,0,0,0
0,0,0,0
0,0,0,0
0,0,0,0
0,0,0,0
0,0,0,0
0,0,0,0
0,0,0,0
0,0,0,0
0,0,0,0
0,0,0,0
0,0,0,0
0,0,0,0
0,0,0,0
0,0,0,0
0,0,0,0
0,0,0,0
0,0,0,0
0,0,0,0
0,0,0,0
0,0,0,0
2.5857,2.5857,124.61,124.61
0,0,0,0
0,0,0,0
0,0,0,0
1.7175,1.7175,79.474,79.474
9.5536,9.5536,442.08,442.08
3.7652,3.7652,176.59,176.59
0,0,0,0
3.1312,3.1312,147.01,147.01
2.3184,2.3184,108.92,108.92
0,0,0,0
0,0,0,0
12.986,12.986,645.01,645.01
117.73,117.73,5847.4,5847.4
53.883,53.883,2676.3,2676.3
23.489,23.489,1110.3,1110.3
58.023,58.023,2742.8,2742.8
21.788,21.788,994.44,994.44
95.636,95.636,4365,4365
35.073,35.073,1657.4,1657.4
9.0398,9.0398,427.19,427.19
7.3706,7.3706,344.45,344.45
1.8005,1.8005,84.14,84.14
35.519,35.519,1735.4,1735.4
56.28,56.28,2749.8,2749.8
49.1,49.1,2302.5,2302.5
48.756,48.756,2286.4,2286.4
104.93,104.93,5162.5,5162.5
62.628,62.628,3081.4,3081.4
85.35,85.35,3900.4,3900.4
100.78,100.78,4874.9,4874.9
29.524,29.524,1428.1,1428.1
60.245,60.245,2758.2,2758.2
103.86,103.86,4774.3,4774.3
80.004,80.004,4255.7,4255.7
96.149,96.149,4408.1,4408.1
32.971,32.971,1512.4,1512.4
109.92,109.92,5042.1,5042.1
97.02,97.02,4455.3,4455.3
45.342,45.342,2080,2080
122.79,122.79,5633,5633
16.789,16.789,770.18,770.18
90.691,90.691,4192.8,4192.8
123.05,123.05,5654.8,5654.8
38.962,38.962,1790.5,1790.5
12.876,12.876,591.23,591.23
115.92,115.92,5322.6,5322.6
52.685,52.685,2419.2,2419.2
10.279,10.279,483.97,483.97
39.651,39.651,1914.8,1914.8
60.598,60.598,2926.3,2926.3
72.31,72.31,3305.6,3305.6
48.329,48.329,2209.3,2209.3
51.222,51.222,2401.8,2401.8
68.362,68.362,3213.8,3213.8
104.21,104.21,4898.9,4898.9
8.0196,8.0196,377.01,377.01
3.7676,3.7676,190.86,190.86
6.1319,6.1319,338.15,338.15
2.4821,2.4821,114.48,114.48
44.181,44.181,2035.9,2035.9
67.305,67.305,3162.7,3162.7
31.459,31.459,1478.2,1478.2
88.541,88.541,4136.3,4136.3
97.396,97.396,4583.2,4583.2
120.43,120.43,6110.5,6110.5
110.62,110.62,5679.9,5679.9
16.776,16.776,784.36,784.36
26.519,26.519,1235.7,1235.7
7.2781,7.2781,339.14,339.14
33.786,33.786,1580.1,1580.1
90.889,90.889,4394.6,4394.6
122.46,122.46,5749.1,5749.1
108.96,108.96,5103.1,5103.1
93.971,93.971,4339,4339
98.027,98.027,4637,4637
124.48,124.48,5773.5,5773.5
22.353,22.353,1036.7,1036.7
40.312,40.312,1855.3,1855.3
78.183,78.183,3598.2,3598.2
12.815,12.815,601.63,601.63
66.473,66.473,3089.1,3089.1
69.675,69.675,3292,3292
17.952,17.952,937.76,937.76
0,0,0,0
0,0,0,0
0,0,0,0
0,0,0,0
0,0,0,0
0,0,0,0
0,0,0,0
0,0,0,0
0,0,0,0
0,0,0,0
0,0,0,0
0,0,0,0
0,0,0,0
0,0,0,0
0,0,0,0
0,0,0,0
0,0,0,0
0,0,0,0
0,0,0,0
0,0,0,0
0,0,0,0
0,0,0,0
0,0,0,0
0,0,0,0
0,0,0,0
0,0,0,0
0,0,0,0
0,0,0,0
0,0,0,0
0,0,0,0
0,0,0,0
0,0,0,0
0,0,0,0
0,0,0,0
0,0,0,0
0,0,0,0
0,0,0,0
0,0,0,0
0,0,0,0
0,0,0,0
0,0,0,0
0,0,0,0
0,0,0,0
0,0,0,0
0,0,0,0
0,0,0,0
0,0,0,0
0,0,0,0
0,0,0,0
0,0,0,0
0,0,0,0
0,0,0,0
0,0,0,0
0,0,0,0
0,0,0,0
0,0,0,0
0,0,0,0
0,0,0,0
0,0,0,0
0,0,0,0
0,0,0,0
0,0,0,0
0,0,0,0
0,0,0,0
0,0,0,0
0,0,0,0
0,0,0,0
0,0,0,0
0,0,0,0
0,0,0,0
0,0,0,0
0,0,0,0
0,0,0,0
0,0,0,0
0,0,0,0
0,0,0,0
0,0,0,0
0,0,0,0
0,0,0,0
0,0,0,0
0,0,0,0
0,0,0,0
0,0,0,0
0,0,0,0
0,0,0,0
0,0,0,0
0,0,0,0
0,0,0,0
0,0,0,0
0,0,0,0
0,0,0,0
0,0,0,0
0,0,0,0
0,0,0,0
0,0,0,0
0,0,0,0
0,0,0,0
0,0,0,0
0,0,0,0
0,0,0,0
1.5645,1.5645,75.394,75.394
0,0,0,0
0,0,0,0
0,0,0,0
0,0,0,0
6.2817,6.2817,290.68,290.68
2.3158,2.3158,108.62,108.62
0,0,0,0
1.9028,1.9028,89.334,89.334
0,0,0,0
0,0,0,0
0,0,0,0
12.553,12.553,623.51,623.51
113.8,113.8,5652.5,5652.5
52.087,52.087,2587.1,2587.1
28.691,28.691,1356.2,1356.2
70.872,70.872,3350.3,3350.3
18.698,18.698,853.39,853.39
82.072,82.072,3745.9,3745.9
25.937,25.937,1225.7,1225.7
6.6852,6.6852,315.92,315.92
4.7521,4.7521,222.08,222.08
0,0,0,0
28.555,28.555,1395.2,1395.2
45.246,45.246,2210.7,2210.7
39.819,39.819,1867.3,1867.3
39.54,39.54,1854.2,1854.2
97.907,97.907,4817.1,4817.1
58.438,58.438,2875.2,2875.2
72.034,72.034,3291.9,3291.9
111.99,111.99,5417,5417
32.807,32.807,1586.9,1586.9
63.196,63.196,2893.3,2893.3
108.95,108.95,4988.1,4988.1
66.913,66.913,3559.4,3559.4
82.748,82.748,3793.7,3793.7
29.501,29.501,1353.2,1353.2
98.352,98.352,4511.4,4511.4
104.16,104.16,4783.1,4783.1
43.763,43.763,2007.6,2007.6
118.52,118.52,5436.9,5436.9
18.856,18.856,864.34,864.34
77.69,77.69,3591.7,3591.7
126.06,126.06,5793,5793
39.914,39.914,1834.3,1834.3
17.155,17.155,796.49,796.49
109.98,109.98,5049.9,5049.9
49.986,49.986,2295.2,2295.2
6.8869,6.8869,324.26,324.26
47.109,47.109,2274.9,2274.9
71.997,71.997,3476.8,3476.8
61.026,61.026,2789.7,2789.7
40.787,40.787,1864.5,1864.5
39.748,39.748,1863.8,1863.8
65.079,65.079,3059.4,3059.4
99.202,99.202,4663.6,4663.6
7.6344,7.6344,358.9,358.9
4.9727,4.9727,232.09,232.09
9.3326,9.3326,514.66,514.66
3.0497,3.0497,140.66,140.66
53.819,53.819,2479.9,2479.9
54.991,54.991,2584,2584
25.703,25.703,1207.8,1207.8
95.184,95.184,4446.6,4446.6
102.54,102.54,4825.2,4825.2
126.06,126.06,6396,6396
109.82,109.82,5639.1,5639.1
13.984,13.984,653.82,653.82
35.76,35.76,1666.3,1666.3
9.8144,9.8144,457.32,457.32
25.704,25.704,1202.1,1202.1
77.305,77.305,3737.8,3737.8
117.16,117.16,5500.3,5500.3
115.74,115.74,5420.8,5420.8
81.944,81.944,3783.7,3783.7
85.105,85.105,4025.7,4025.7
127,127,5890.2,5890.2
22.805,22.805,1057.7,1057.7
46.318,46.318,2131.7,2131.7
89.832,89.832,4134.3,4134.3
9.9992,9.9992,469.43,469.43
76.274,76.274,3544.5,3544.5
63.052,63.052,2930.1,2930.1
14.072,14.072,735.11,735.11
0,0,0,0
0,0,0,0
0,0,0,0
0,0,0,0
0,0,0,0
0,0,0,0
0,0,0,0
0,0,0,0
0,0,0,0
0,0,0,0
0,0,0,0
0,0,0,0
0,0,0,0
0,0,0,0
0,0,0,0
0,0,0,0
0,0,0,0
0,0,0,0
0,0,0,0
0,0,0,0
0,0,0,0
0,0,0,0
0,0,0,0
0,0,0,0
0,0,0,0
0,0,0,0
0,0,0,0
0,0,0,0
0,0,0,0
0,0,0,0
0,0,0,0
0,0,0,0
0,0,0,0
0,0,0,0
0,0,0,0
0,0,0,0
0,0,0,0
0,0,0,0
0,0,0,0
0,0,0,0
0,0,0,0
0,0,0,0
0,0,0,0
0,0,0,0
0,0,0,0
0,0,0,0
0,0,0,0
0,0,0,0
0,0,0,0
0,0,0,0
0,0,0,0
0,0,0,0
0,0,0,0
0,0,0,0
0,0,0,0
0,0,0,0
0,0,0,0
0,0,0,0
0,0,0,0
0,0,0,0
0,0,0,0
0,0,0,0
0,0,0,0
0,0,0,0
0,0,0,0
0,0,0,0
0,0,0,0
0,0,0,0
0,0,0,0
0,0,0,0
0,0,0,0
0,0,0,0
0,0,0,0
0,0,0,0
0,0,0,0
0,0,0,0
0,0,0,0
0,0,0,0
0,0,0,0
0,0,0,0
0,0,0,0
0,0,0,0
0,0,0,0
0,0,0,0
0,0,0,0
0,0,0,0
0,0,0,0
0,0,0,0
0,0,0,0
0,0,0,0
0,0,0,0
0,0,0,0
0,0,0,0
0,0,0,0
0,0,0,0
0,0,0,0
0,0,0,0
0,0,0,0
0,0,0,0
0,0,0,0
0,0,0,0
0,0,0,0
0,0,0,0
0,0,0,0
0,0,0,0
4.0021,4.0021,185.19,185.19
0,0,0,0
0,0,0,0
0,0,0,0
0,0,0,0
0,0,0,0
0,0,0,0
11.758,11.758,584.01,584.01
106.59,106.59,5294.5,5294.5
48.788,48.788,2423.2,2423.2
33.956,33.956,1605.2,1605.2
83.88,83.88,3965.2,3965.2
15.547,15.547,709.61,709.61
68.244,68.244,3114.8,3114.8
18.586,18.586,878.31,878.31
4.7904,4.7904,226.38,226.38
2.9688,2.9688,138.74,138.74
0,0,0,0
22.244,22.244,1086.8,1086.8
35.246,35.246,1722.1,1722.1
31.29,31.29,1467.3,1467.3
31.071,31.071,1457.1,1457.1
88.52,88.52,4355.3,4355.3
52.835,52.835,2599.5,2599.5
58.909,58.909,2692,2692
120.58,120.58,5832.5,5832.5
35.323,35.323,1708.6,1708.6
64.234,64.234,2940.8,2940.8
110.74,110.74,5069.9,5069.9
54.227,54.227,2884.6,2884.6
69.004,69.004,3163.6,3163.6
25.576,25.576,1173.2,1173.2
85.267,85.267,3911.2,3911.2
108.35,108.35,4975.7,4975.7
40.928,40.928,1877.5,1877.5
110.84,110.84,5084.6,5084.6
26.209,26.209,1201.4,1201.4
64.486,64.486,2981.3,2981.3
125.13,125.13,5750.2,5750.2
39.62,39.62,1820.7,1820.7
23.957,23.957,1112.3,1112.3
101.11,101.11,4642.5,4642.5
45.953,45.953,2110,2110
4.471,4.471,210.51,210.51
54.233,54.233,2619,2619
82.884,82.884,4002.5,4002.5
60.262,60.262,2764.7,2764.7
33.354,33.354,1524.7,1524.7
29.887,29.887,1401.4,1401.4
60.03,60.03,2822.1,2822.1
91.505,91.505,4301.8,4301.8
7.0421,7.0421,331.06,331.06
7.6583,7.6583,357.44,357.44
13.763,13.763,758.99,758.99
3.6308,3.6308,167.46,167.46
63.523,63.523,2927.1,2927.1
60.284,60.284,2777.9,2777.9
20.349,20.349,956.19,956.19
99.148,99.148,4631.8,4631.8
104.6,104.6,4922.2,4922.2
127.86,127.86,6487.1,6487.1
105.65,105.65,5424.8,5424.8
11.295,11.295,528.09,528.09
46.725,46.725,2177.2,2177.2
12.823,12.823,597.54,597.54
18.947,18.947,886.12,886.12
63.71,63.71,3080.4,3080.4
108.61,108.61,5098.9,5098.9
119.13,119.13,5579.4,5579.4
69.238,69.238,3197,3197
71.593,71.593,3386.6,3386.6
125.54,125.54,5822.6,5822.6
22.543,22.543,1045.5,1045.5
51.566,51.566,2373.2,2373.2
100.01,100.01,4602.8,4602.8
12.574,12.574,585.99,585.99
84.803,84.803,3940.9,3940.9
70.103,70.103,3257.8,3257.8
10.689,10.689,558.36,558.36
0,0,0,0
0,0,0,0
0,0,0,0
0,0,0,0
0,0,0,0
0,0,0,0
0,0,0,0
0,0,0,0
0,0,0,0
0,0,0,0
0,0,0,0
0,0,0,0
0,0,0,0
0,0,0,0
0,0,0,0
0,0,0,0
0,0,0,0
0,0,0,0
0,0,0,0
0,0,0,0
0,0,0,0
0,0,0,0
0,0,0,0
0,0,0,0
0,0,0,0
0,0,0,0
0,0,0,0
0,0,0,0
0,0,0,0
0,0,0,0
0,0,0,0
0,0,0,0
0,0,0,0
0,0,0,0
0,0,0,0
0,0,0,0
0,0,0,0
0,0,0,0
0,0,0,0
0,0,0,0
0,0,0,0
0,0,0,0
0,0,0,0
0,0,0,0
0,0,0,0
0,0,0,0
0,0,0,0
0,0,0,0
0,0,0,0
0,0,0,0
0,0,0,0
0,0,0,0
0,0,0,0
0,0,0,0
0,0,0,0
0,0,0,0
0,0,0,0
0,0,0,0
0,0,0,0
0,0,0,0
0,0,0,0
0,0,0,0
0,0,0,0
0,0,0,0
0,0,0,0
0,0,0,0
0,0,0,0
0,0,0,0
0,0,0,0
0,0,0,0
0,0,0,0
0,0,0,0
0,0,0,0
0,0,0,0
0,0,0,0
0,0,0,0
0,0,0,0
0,0,0,0
0,0,0,0
0,0,0,0
0,0,0,0
0,0,0,0
0,0,0,0
0,0,0,0
0,0,0,0
0,0,0,0
0,0,0,0
0,0,0,0
0,0,0,0
0,0,0,0
0,0,0,0
0,0,0,0
0,0,0,0
0,0,0,0
0,0,0,0
0,0,0,0
0,0,0,0
0,0,0,0
0,0,0,0
0,0,0,0
0,0,0,0
0,0,0,0
0,0,0,0
0,0,0,0
0,0,0,0
2.4706,2.4706,114.32,114.32
0,0,0,0
0,0,0,0
0,0,0,0
0,0,0,0
0,0,0,0
0,0,0,0
10.671,10.671,530.03,530.03
96.742,96.742,4805.1,4805.1
44.278,44.278,2199.3,2199.3
38.941,38.941,1840.8,1840.8
96.194,96.194,4547.2,4547.2
12.527,12.527,571.73,571.73
54.984,54.984,2509.6,2509.6
12.905,12.905,609.83,609.83
3.3261,3.3261,157.18,157.18
1.7971,1.7971,83.983,83.983
0,0,0,0
16.79,16.79,820.34,820.34
26.604,26.604,1299.8,1299.8
23.824,23.824,1117.2,1117.2
23.658,23.658,1109.4,1109.4
77.548,77.548,3815.4,3815.4
46.286,46.286,2277.3,2277.3
46.679,46.679,2133.2,2133.2
125.79,125.79,6084.8,6084.8
36.851,36.851,1782.6,1782.6
63.261,63.261,2896.2,2896.2
109.06,109.06,4993.2,4993.2
42.582,42.582,2265.1,2265.1
55.756,55.756,2556.2,2556.2
21.485,21.485,985.5,985.5
71.628,71.628,3285.6,3285.6
109.22,109.22,5015.3,5015.3
37.088,37.088,1701.3,1701.3
100.44,100.44,4607.6,4607.6
35.298,35.298,1618.1,1618.1
51.864,51.864,2397.8,2397.8
120.35,120.35,5530.6,5530.6
38.106,38.106,1751.2,1751.2
32.418,32.418,1505.1,1505.1
90.061,90.061,4135.3,4135.3
40.933,40.933,1879.5,1879.5
2.8125,2.8125,132.42,132.42
60.496,60.496,2921.4,2921.4
92.456,92.456,4464.7,4464.7
73.236,73.236,3359.9,3359.9
28.972,28.972,1329.2,1329.2
21.775,21.775,1021,1021
53.653,53.653,2522.3,2522.3
81.785,81.785,3844.8,3844.8
6.294,6.294,295.89,295.89
11.428,11.428,533.4,533.4
19.667,19.667,1084.6,1084.6
4.1885,4.1885,193.19,193.19
72.854,72.854,3360.2,3360.2
68.945,68.945,3260.6,3260.6
15.61,15.61,733.49,733.49
100.07,100.07,4674.9,4674.9
103.39,103.39,4865.3,4865.3
125.65,125.65,6375.1,6375.1
98.479,98.479,5056.6,5056.6
10.882,10.882,507.07,507.07
59.155,59.155,2756.5,2756.5
16.235,16.235,756.51,756.51
13.533,13.533,632.92,632.92
50.875,50.875,2459.9,2459.9
97.554,97.554,4580,4580
118.81,118.81,5564.4,5564.4
56.685,56.685,2617.4,2617.4
78.351,78.351,3602.1,3602.1
120.25,120.25,5577.1,5577.1
24.826,24.826,1233.8,1233.8
55.627,55.627,2560.1,2560.1
107.89,107.89,4965.3,4965.3
15.917,15.917,741.77,741.77
91.359,91.359,4245.6,4245.6
75.522,75.522,3509.6,3509.6
7.8668,7.8668,410.94,410.94
0,0,0,0
0,0,0,0
0,0,0,0
0,0,0,0
0,0,0,0
0,0,0,0
0,0,0,0
0,0,0,0
0,0,0,0
0,0,0,0
0,0,0,0
0,0,0,0
0,0,0,0
0,0,0,0
0,0,0,0
0,0,0,0
0,0,0,0
0,0,0,0
0,0,0,0
0,0,0,0
0,0,0,0
0,0,0,0
0,0,0,0
0,0,0,0
0,0,0,0
0,0,0,0
0,0,0,0
0,0,0,0
0,0,0,0
0,0,0,0
0,0,0,0
0,0,0,0
0,0,0,0
0,0,0,0
0,0,0,0
0,0,0,0
0,0,0,0
0,0,0,0
0,0,0,0
0,0,0,0
0,0,0,0
0,0,0,0
0,0,0,0
0,0,0,0
0,0,0,0
0,0,0,0
0,0,0,0
0,0,0,0
0,0,0,0
0,0,0,0
0,0,0,0
0,0,0,0
0,0,0,0
0,0,0,0
0,0,0,0
0,0,0,0
0,0,0,0
0,0,0,0
0,0,0,0
0,0,0,0
0,0,0,0
0,0,0,0
0,0,0,0
0,0,0,0
0,0,0,0
0,0,0,0
0,0,0,0
0,0,0,0
0,0,0,0
0,0,0,0
0,0,0,0
0,0,0,0
0,0,0,0
0,0,0,0
0,0,0,0
0,0,0,0
0,0,0,0
0,0,0,0
0,0,0,0
0,0,0,0
0,0,0,0
0,0,0,0
0,0,0,0
0,0,0,0
0,0,0,0
0,0,0,0
0,0,0,0
0,0,0,0
0,0,0,0
0,0,0,0
0,0,0,0
0,0,0,0
0,0,0,0
0,0,0,0
0,0,0,0
0,0,0,0
0,0,0,0
0,0,0,0
0,0,0,0
0,0,0,0
0,0,0,0
0,0,0,0
0,0,0,0
0,0,0,0
0,0,0,0
1.4778,1.4778,68.384,68.384
0,0,0,0
0,0,0,0
0,0,0,0
0,0,0,0
0,0,0,0
0,0,0,0
9.3841,9.3841,466.1,466.1
85.074,85.074,4225.6,4225.6
38.938,38.938,1934,1934
43.271,43.271,2045.5,2045.5
106.89,106.89,5052.8,5052.8
13.33,13.33,630.15,630.15
42.925,42.925,1959.2,1959.2
9.5124,9.5124,434.16,434.16
2.2377,2.2377,105.75,105.75
0,0,0,0
0,0,0,0
12.279,12.279,599.97,599.97
19.457,19.457,950.65,950.65
17.577,17.577,824.25,824.25
17.454,17.454,818.48,818.48
65.827,65.827,3238.7,3238.7
39.29,39.29,1933.1,1933.1
35.84,35.84,1637.8,1637.8
127.16,127.16,6151,6151
37.252,37.252,1802,1802
60.369,60.369,2763.8,2763.8
104.08,104.08,4764.9,4764.9
32.806,32.806,1723.4,1723.4
43.653,43.653,2001.3,2001.3
17.488,17.488,802.16,802.16
64.343,64.343,2954.7,2954.7
106.67,106.67,4898.2,4898.2
32.564,32.564,1493.8,1493.8
88.19,88.19,4045.6,4045.6
46.064,46.064,2111.6,2111.6
40.418,40.418,1868.6,1868.6
112.16,112.16,5154.2,5154.2
35.513,35.513,1632,1632
42.505,42.505,1973.5,1973.5
77.733,77.733,3569.3,3569.3
35.33,35.33,1622.2,1622.2
2.16,2.16,104.31,104.31
65.387,65.387,3157.6,3157.6
99.944,99.944,4825.7,4825.7
86.239,86.239,3956.5,3956.5
34.116,34.116,1565.2,1565.2
15.372,15.372,720.77,720.77
46.465,46.465,2184.4,2184.4
70.828,70.828,3329.7,3329.7
7.2692,7.2692,339.28,339.28
16.524,16.524,771.26,771.26
27.23,27.23,1501.7,1501.7
4.6818,4.6818,218.62,218.62
81.434,81.434,3756,3756
80.806,80.806,3823.4,3823.4
11.602,11.602,545.19,545.19
97.866,97.866,4571.9,4571.9
99.022,99.022,4659.8,4659.8
119.65,119.65,6070.5,6070.5
96.84,96.84,4567.1,4567.1
13.349,13.349,622.03,622.03
72.567,72.567,3381.4,3381.4
19.916,19.916,928.03,928.03
9.3661,9.3661,443.13,443.13
39.365,39.365,1903.3,1903.3
102.35,102.35,4866.1,4866.1
114.81,114.81,5377.1,5377.1
44.968,44.968,2076.3,2076.3
91.185,91.185,4192.2,4192.2
111.6,111.6,5176.1,5176.1
31.03,31.03,1542.1,1542.1
58.144,58.144,2828.7,2828.7
112.77,112.77,5190,5190
19.523,19.523,909.82,909.82
95.366,95.366,4431.8,4431.8
78.834,78.834,3663.5,3663.5
5.6109,5.6109,293.06,293.06
0,0,0,0
0,0,0,0
0,0,0,0
0,0,0,0
0,0,0,0
0,0,0,0
0,0,0,0
0,0,0,0
0,0,0,0
0,0,0,0
0,0,0,0
0,0,0,0
0,0,0,0
0,0,0,0
0,0,0,0
0,0,0,0
0,0,0,0
0,0,0,0
0,0,0,0
0,0,0,0
0,0,0,0
0,0,0,0
0,0,0,0
0,0,0,0
0,0,0,0
0,0,0,0
0,0,0,0
0,0,0,0
0,0,0,0
0,0,0,0
0,0,0,0
0,0,0,0
0,0,0,0
0,0,0,0
0,0,0,0
0,0,0,0
0,0,0,0
0,0,0,0
0,0,0,0
0,0,0,0
0,0,0,0
0,0,0,0
0,0,0,0
0,0,0,0
0,0,0,0
0,0,0,0
0,0,0,0
0,0,0,0
0,0,0,0
0,0,0,0
0,0,0,0
0,0,0,0
0,0,0,0
0,0,0,0
0,0,0,0
0,0,0,0
0,0,0,0
0,0,0,0
0,0,0,0
0,0,0,0
0,0,0,0
0,0,0,0
0,0,0,0
0,0,0,0
0,0,0,0
0,0,0,0
0,0,0,0
0,0,0,0
0,0,0,0
0,0,0,0
0,0,0,0
0,0,0,0
0,0,0,0
0,0,0,0
0,0,0,0
0,0,0,0
0,0,0,0
0,0,0,0
0,0,0,0
0,0,0,0
0,0,0,0
0,0,0,0
0,0,0,0
0,0,0,0
0,0,0,0
0,0,0,0
0,0,0,0
0,0,0,0
0,0,0,0
0,0,0,0
0,0,0,0
0,0,0,0
0,0,0,0
0,0,0,0
0,0,0,0
0,0,0,0
0,0,0,0
0,0,0,0
0,0,0,0
0,0,0,0
0,0,0,0
0,0,0,0
0,0,0,0
0,0,0,0
0,0,0,0
0,0,0,0
0,0,0,0
0,0,0,0
0,0,0,0
0,0,0,0
0,0,0,0
0,0,0,0
7.9961,7.9961,397.16,397.16
72.491,72.491,3600.6,3600.6
33.179,33.179,1648,1648
46.589,46.589,2202.3,2202.3
115.09,115.09,5440.3,5440.3
14.353,14.353,678.48,678.48
32.471,32.471,1482,1482
7.1956,7.1956,328.42,328.42
0,0,0,0
0,0,0,0
0,0,0,0
8.7019,8.7019,425.17,425.17
13.788,13.788,673.68,673.68
12.565,12.565,589.22,589.22
12.477,12.477,585.1,585.1
54.142,54.142,2663.8,2663.8
32.316,32.316,1590,1590
26.663,26.663,1218.5,1218.5
124.55,124.55,6024.8,6024.8
36.488,36.488,1765,1765
55.82,55.82,2555.6,2555.6
97.081,97.081,4616.8,4616.8
37.306,37.306,1774.2,1774.2
33.116,33.116,1518.2,1518.2
13.793,13.793,632.66,632.66
60.89,60.89,2796.1,2796.1
100.94,100.94,4635.4,4635.4
27.705,27.705,1270.9,1270.9
75.03,75.03,3441.9,3441.9
58.247,58.247,2670.1,2670.1
30.519,30.519,1411,1411
101.28,101.28,4654.3,4654.3
32.068,32.068,1473.7,1473.7
54,54,2507.2,2507.2
65.009,65.009,2985,2985
29.547,29.547,1356.7,1356.7
2.2622,2.2622,109.24,109.24
68.479,68.479,3306.9,3306.9
104.96,104.96,5053.9,5053.9
98.398,98.398,4514.4,4514.4
38.926,38.926,1785.9,1785.9
10.515,10.515,493.02,493.02
38.99,38.99,1833,1833
59.434,59.434,2794.1,2794.1
10.184,10.184,475.34,475.34
23.151,23.151,1080.6,1080.6
36.532,36.532,2014.6,2014.6
5.3185,5.3185,293.3,293.3
88.199,88.199,4068,4068
91.809,91.809,4344,4344
8.3561,8.3561,394.49,394.49
92.738,92.738,4332.4,4332.4
91.894,91.894,4324.3,4324.3
110.39,110.39,5601,5601
96.328,96.328,4413.4,4413.4
15.867,15.867,739.37,739.37
86.256,86.256,4019.3,4019.3
23.673,23.673,1103.1,1103.1
6.8712,6.8712,332.23,332.23
29.513,29.513,1427,1427
105.99,105.99,5039.3,5039.3
107.5,107.5,5034.8,5034.8
39.6,39.6,1820.6,1820.6
102.83,102.83,4727.4,4727.4
100.36,100.36,4654.8,4654.8
37.581,37.581,1867.7,1867.7
68.936,68.936,3425.9,3425.9
114.21,114.21,5256.4,5256.4
23.202,23.202,1081.3,1081.3
96.457,96.457,4482.5,4482.5
79.737,79.737,3705.5,3705.5
7.8927,7.8927,364.6,364.6
0,0,0,0
0,0,0,0
0,0,0,0
0,0,0,0
0,0,0,0
0,0,0,0
0,0,0,0
0,0,0,0
0,0,0,0
0,0,0,0
0,0,0,0
0,0,0,0
0,0,0,0
0,0,0,0
0,0,0,0
0,0,0,0
0,0,0,0
0,0,0,0
0,0,0,0
0,0,0,0
0,0,0,0
0,0,0,0
0,0,0,0
0,0,0,0
0,0,0,0
0,0,0,0
0,0,0,0
0,0,0,0
0,0,0,0
0,0,0,0
0,0,0,0
0,0,0,0
0,0,0,0
0,0,0,0
0,0,0,0
0,0,0,0
0,0,0,0
0,0,0,0
0,0,0,0
0,0,0,0
0,0,0,0
0,0,0,0
0,0,0,0
0,0,0,0
0,0,0,0
0,0,0,0
0,0,0,0
0,0,0,0
0,0,0,0
0,0,0,0
0,0,0,0
0,0,0,0
0,0,0,0
0,0,0,0
0,0,0,0
0,0,0,0
0,0,0,0
0,0,0,0
0,0,0,0
0,0,0,0
0,0,0,0
0,0,0,0
0,0,0,0
0,0,0,0
0,0,0,0
0,0,0,0
0,0,0,0
0,0,0,0
0,0,0,0
0,0,0,0
0,0,0,0
0,0,0,0
0,0,0,0
0,0,0,0
0,0,0,0
0,0,0,0
0,0,0,0
0,0,0,0
0,0,0,0
0,0,0,0
0,0,0,0
0,0,0,0
0,0,0,0
0,0,0,0
0,0,0,0
0,0,0,0
0,0,0,0
0,0,0,0
0,0,0,0
0,0,0,0
0,0,0,0
0,0,0,0
0,0,0,0
0,0,0,0
0,0,0,0
0,0,0,0
0,0,0,0
0,0,0,0
0,0,0,0
0,0,0,0
0,0,0,0
0,0,0,0
0,0,0,0
0,0,0,0
0,0,0,0
0,0,0,0
0,0,0,0
0,0,0,0
0,0,0,0
0,0,0,0
0,0,0,0
0,0,0,0
6.6019,6.6019,327.91,327.91
59.851,59.851,2972.8,2972.8
27.393,27.393,1360.6,1360.6
48.604,48.604,2297.6,2297.6
120.06,120.06,5675.6,5675.6
14.974,14.974,707.83,707.83
23.8,23.8,1086.3,1086.3
5.2741,5.2741,240.72,240.72
0,0,0,0
0,0,0,0
0,0,0,0
5.9752,5.9752,291.94,291.94
9.4677,9.4677,462.58,462.58
8.7033,8.7033,408.13,408.13
8.6423,8.6423,405.28,405.28
43.149,43.149,2123,2123
25.754,25.754,1267.1,1267.1
20.371,20.371,985.41,985.41
118.21,118.21,5718,5718
34.63,34.63,1675.1,1675.1
50.011,50.011,2289.6,2289.6
107.88,107.88,5130.5,5130.5
41.457,41.457,1971.6,1971.6
24.342,24.342,1116,1116
10.54,10.54,483.48,483.48
55.834,55.834,2563.9,2563.9
92.56,92.56,4250.4,4250.4
22.839,22.839,1047.7,1047.7
61.852,61.852,2837.4,2837.4
71.366,71.366,3271.4,3271.4
24.883,24.883,1140.6,1140.6
88.616,88.616,4072.3,4072.3
29.151,29.151,1353.4,1353.4
66.474,66.474,3086.3,3086.3
52.68,52.68,2418.9,2418.9
23.943,23.943,1099.4,1099.4
2.2956,2.2956,110.86,110.86
69.491,69.491,3355.7,3355.7
106.81,106.81,5128.5,5128.5
108.79,108.79,4990.9,4990.9
43.035,43.035,1974.4,1974.4
6.9689,6.9689,326.77,326.77
31.702,31.702,1490.4,1490.4
48.325,48.325,2271.8,2271.8
13.826,13.826,645.3,645.3
31.429,31.429,1466.9,1466.9
47.489,47.489,2618.9,2618.9
6.9137,6.9137,381.27,381.27
92.559,92.559,4269.1,4269.1
101.07,101.07,4782.3,4782.3
9.1787,9.1787,434.3,434.3
85.15,85.15,3977.9,3977.9
82.631,82.631,3888.4,3888.4
98.692,98.692,5007.4,5007.4
92.844,92.844,4253.7,4253.7
18.275,18.275,851.56,851.56
99.344,99.344,4629.2,4629.2
27.265,27.265,1270.5,1270.5
5.2555,5.2555,242.36,242.36
21.44,21.44,1036.6,1036.6
106.35,106.35,5056.5,5056.5
97.534,97.534,4567.9,4567.9
43.269,43.269,1989.3,1989.3
112.35,112.35,5165.4,5165.4
87.452,87.452,4056,4056
44.102,44.102,2191.7,2191.7
80.898,80.898,4020.4,4020.4
112.08,112.08,5158.4,5158.4
26.719,26.719,1245.2,1245.2
99.485,99.485,4636.3,4636.3
78.282,78.282,3631.5,3631.5
10.909,10.909,503.95,503.95
0,0,0,0
0,0,0,0
0,0,0,0
0,0,0,0
0,0,0,0
0,0,0,0
0,0,0,0
0,0,0,0
0,0,0,0
0,0,0,0
0,0,0,0
0,0,0,0
0,0,0,0
0,0,0,0
0,0,0,0
0,0,0,0
0,0,0,0
0,0,0,0
0,0,0,0
0,0,0,0
0,0,0,0
0,0,0,0
0,0,0,0
0,0,0,0
0,0,0,0
0,0,0,0
0,0,0,0
0,0,0,0
0,0,0,0
0,0,0,0
0,0,0,0
0,0,0,0
0,0,0,0
0,0,0,0
0,0,0,0
0,0,0,0
0,0,0,0
0,0,0,0
0,0,0,0
0,0,0,0
0,0,0,0
0,0,0,0
0,0,0,0
0,0,0,0
0,0,0,0
0,0,0,0
0,0,0,0
0,0,0,0
0,0,0,0
0,0,0,0
0,0,0,0
0,0,0,0
0,0,0,0
0,0,0,0
0,0,0,0
0,0,0,0
0,0,0,0
0,0,0,0
0,0,0,0
0,0,0,0
0,0,0,0
0,0,0,0
0,0,0,0
0,0,0,0
0,0,0,0
0,0,0,0
0,0,0,0
0,0,0,0
0,0,0,0
0,0,0,0
0,0,0,0
0,0,0,0
0,0,0,0
0,0,0,0
0,0,0,0
0,0,0,0
0,0,0,0
0,0,0,0
0,0,0,0
0,0,0,0
0,0,0,0
0,0,0,0
0,0,0,0
0,0,0,0
0,0,0,0
0,0,0,0
0,0,0,0
0,0,0,0
0,0,0,0
0,0,0,0
0,0,0,0
0,0,0,0
0,0,0,0
0,0,0,0
0,0,0,0
0,0,0,0
0,0,0,0
0,0,0,0
0,0,0,0
0,0,0,0
0,0,0,0
0,0,0,0
0,0,0,0
0,0,0,0
0,0,0,0
0,0,0,0
0,0,0,0
0,0,0,0
0,0,0,0
0,0,0,0
0,0,0,0
0,0,0,0
5.2815,5.2815,262.33,262.33
47.881,47.881,2378.2,2378.2
21.915,21.915,1088.5,1088.5
49.133,49.133,2322.6,2322.6
121.37,121.37,5737.3,5737.3
15.136,15.136,715.52,715.52
16.903,16.903,771.46,771.46
3.7457,3.7457,170.96,170.96
0,0,0,0
0,0,0,0
0,0,0,0
3.9755,3.9755,194.24,194.24
6.2992,6.2992,307.77,307.77
5.8413,5.8413,273.92,273.92
5.8003,5.8003,272,272
33.32,33.32,1639.4,1639.4
19.888,19.888,978.51,978.51
18.734,18.734,906.19,906.19
108.71,108.71,5258.3,5258.3
31.846,31.846,1540.4,1540.4
43.416,43.416,1987.7,1987.7
116.16,116.16,5524.4,5524.4
44.64,44.64,2122.9,2122.9
17.337,17.337,794.86,794.86
7.8048,7.8048,358,358
49.608,49.608,2278,2278
82.238,82.238,3776.5,3776.5
18.243,18.243,836.87,836.87
69.677,69.677,3330.5,3330.5
84.724,84.724,3883.8,3883.8
30.356,30.356,1431.4,1431.4
75.129,75.129,3452.5,3452.5
34.77,34.77,1614.3,1614.3
79.288,79.288,3681.3,3681.3
54.932,54.932,2519.5,2519.5
18.8,18.8,863.23,863.23
2.2572,2.2572,109,109
68.328,68.328,3299.6,3299.6
105.31,105.31,5042.7,5042.7
116.54,116.54,5346.5,5346.5
51.029,51.029,2343.6,2343.6
4.4755,4.4755,209.85,209.85
24.976,24.976,1174.2,1174.2
38.072,38.072,1789.8,1789.8
18.186,18.186,848.82,848.82
41.341,41.341,1929.5,1929.5
59.816,59.816,3298.7,3298.7
8.7083,8.7083,480.24,480.24
94.119,94.119,4341,4341
107.82,107.82,5101.3,5101.3
9.7911,9.7911,463.27,463.27
75.756,75.756,3539,3539
71.994,71.994,3387.9,3387.9
85.493,85.493,4337.7,4337.7
86.708,86.708,3972.6,3972.6
20.394,20.394,950.32,950.32
110.87,110.87,5166,5166
30.427,30.427,1417.8,1417.8
7.7987,7.7987,359.63,359.63
16.111,16.111,756.36,756.36
103.4,103.4,4916.3,4916.3
85.743,85.743,4015.7,4015.7
45.811,45.811,2106.1,2106.1
118.95,118.95,5468.8,5468.8
73.836,73.836,3424.5,3424.5
50.148,50.148,2492.2,2492.2
91.987,91.987,4571.5,4571.5
106.58,106.58,4905,4905
29.813,29.813,1389.4,1389.4
111.01,111.01,5173.2,5173.2
79.281,79.281,3667.4,3667.4
14.611,14.611,674.93,674.93
0,0,0,0
0,0,0,0
0,0,0,0
0,0,0,0
0,0,0,0
0,0,0,0
0,0,0,0
0,0,0,0
0,0,0,0
0,0,0,0
0,0,0,0
0,0,0,0
0,0,0,0
0,0,0,0
0,0,0,0
0,0,0,0
0,0,0,0
0,0,0,0
0,0,0,0
0,0,0,0
0,0,0,0
0,0,0,0
0,0,0,0
0,0,0,0
0,0,0,0
0,0,0,0
0,0,0,0
0,0,0,0
0,0,0,0
0,0,0,0
0,0,0,0
0,0,0,0
0,0,0,0
0,0,0,0
0,0,0,0
0,0,0,0
0,0,0,0
0,0,0,0
0,0,0,0
0,0,0,0
0,0,0,0
0,0,0,0
0,0,0,0
0,0,0,0
0,0,0,0
0,0,0,0
0,0,0,0
0,0,0,0
0,0,0,0
0,0,0,0
0,0,0,0
0,0,0,0
0,0,0,0
0,0,0,0
0,0,0,0
0,0,0,0
0,0,0,0
0,0,0,0
0,0,0,0
0,0,0,0
0,0,0,0
0,0,0,0
0,0,0,0
0,0,0,0
0,0,0,0
0,0,0,0
0,0,0,0
0,0,0,0
0,0,0,0
0,0,0,0
0,0,0,0
0,0,0,0
0,0,0,0
0,0,0,0
0,0,0,0
0,0,0,0
0,0,0,0
0,0,0,0
0,0,0,0
0,0,0,0
0,0,0,0
0,0,0,0
0,0,0,0
0,0,0,0
0,0,0,0
0,0,0,0
0,0,0,0
0,0,0,0
0,0,0,0
0,0,0,0
0,0,0,0
0,0,0,0
0,0,0,0
0,0,0,0
0,0,0,0
0,0,0,0
0,0,0,0
0,0,0,0
0,0,0,0
0,0,0,0
0,0,0,0
0,0,0,0
0,0,0,0
0,0,0,0
0,0,0,0
0,0,0,0
0,0,0,0
0,0,0,0
0,0,0,0
0,0,0,0
0,0,0,0
0,0,0,0
4.094,4.094,203.35,203.35
37.115,37.115,1843.5,1843.5
16.987,16.987,843.75,843.75
48.124,48.124,2274.9,2274.9
118.88,118.88,5619.6,5619.6
14.826,14.826,700.83,700.83
11.631,11.631,530.88,530.88
2.5776,2.5776,117.64,117.64
0,0,0,0
0,0,0,0
0,0,0,0
2.5629,2.5629,125.22,125.22
4.0609,4.0609,198.41,198.41
3.7987,3.7987,178.14,178.14
3.7721,3.7721,176.89,176.89
24.932,24.932,1226.7,1226.7
14.881,14.881,732.16,732.16
16.693,16.693,807.46,807.46
96.863,96.863,4685.5,4685.5
28.376,28.376,1372.6,1372.6
36.52,36.52,1672,1672
121.2,121.2,5763.8,5763.8
46.574,46.574,2214.9,2214.9
11.965,11.965,548.56,548.56
5.5998,5.5998,256.86,256.86
42.707,42.707,1961.2,1961.2
70.799,70.799,3251.2,3251.2
17.97,17.97,858.95,858.95
83.482,83.482,3990.4,3990.4
97.46,97.46,4467.6,4467.6
36.913,36.913,1740.6,1740.6
61.717,61.717,2836.2,2836.2
40.185,40.185,1865.8,1865.8
91.637,91.637,4254.6,4254.6
64.647,64.647,2965.2,2965.2
14.303,14.303,656.76,656.76
2.1505,2.1505,103.85,103.85
65.098,65.098,3143.6,3143.6
100.62,100.62,4804.4,4804.4
120.96,120.96,5549.5,5549.5
58.995,58.995,2709.4,2709.4
2.785,2.785,130.58,130.58
19.066,19.066,896.32,896.32
29.063,29.063,1366.3,1366.3
23.179,23.179,1081.9,1081.9
52.691,52.691,2459.3,2459.3
73.004,73.004,4025.9,4025.9
10.628,10.628,586.11,586.11
92.734,92.734,4277.2,4277.2
111.44,111.44,5272.7,5272.7
10.12,10.12,478.83,478.83
65.306,65.306,3050.8,3050.8
60.78,60.78,2860.1,2860.1
74.634,74.634,3640.9,3640.9
78.463,78.463,3594.8,3594.8
22.053,22.053,1027.6,1027.6
119.88,119.88,5586.2,5586.2
34.319,34.319,1605.1,1605.1
11.213,11.213,517.09,517.09
14.806,14.806,682.77,682.77
97.413,97.413,4631.6,4631.6
73.036,73.036,3420.6,3420.6
46.995,46.995,2160.6,2160.6
122.03,122.03,5610.2,5610.2
60.405,60.405,2801.5,2801.5
55.252,55.252,2745.8,2745.8
101.35,101.35,5036.7,5036.7
98.198,98.198,4519.3,4519.3
32.233,32.233,1502.2,1502.2
120.02,120.02,5593.1,5593.1
77.799,77.799,3598.9,3598.9
18.96,18.96,875.85,875.85
0,0,0,0
0,0,0,0
0,0,0,0
0,0,0,0
0,0,0,0
0,0,0,0
0,0,0,0
0,0,0,0
0,0,0,0
0,0,0,0
0,0,0,0
0,0,0,0
0,0,0,0
0,0,0,0
0,0,0,0
0,0,0,0
0,0,0,0
0,0,0,0
0,0,0,0
0,0,0,0
0,0,0,0
0,0,0,0
0,0,0,0
0,0,0,0
0,0,0,0
0,0,0,0
0,0,0,0
0,0,0,0
0,0,0,0
0,0,0,0
0,0,0,0
0,0,0,0
0,0,0,0
0,0,0,0
0,0,0,0
0,0,0,0
0,0,0,0
0,0,0,0
0,0,0,0
0,0,0,0
0,0,0,0
0,0,0,0
0,0,0,0
0,0,0,0
0,0,0,0
0,0,0,0
0,0,0,0
0,0,0,0
0,0,0,0
0,0,0,0
0,0,0,0
0,0,0,0
0,0,0,0
0,0,0,0
0,0,0,0
0,0,0,0
0,0,0,0
0,0,0,0
0,0,0,0
0,0,0,0
0,0,0,0
0,0,0,0
0,0,0,0
0,0,0,0
0,0,0,0
0,0,0,0
0,0,0,0
0,0,0,0
0,0,0,0
0,0,0,0
0,0,0,0
0,0,0,0
0,0,0,0
0,0,0,0
0,0,0,0
0,0,0,0
0,0,0,0
0,0,0,0
0,0,0,0
0,0,0,0
0,0,0,0
0,0,0,0
0,0,0,0
0,0,0,0
0,0,0,0
0,0,0,0
0,0,0,0
0,0,0,0
0,0,0,0
0,0,0,0
0,0,0,0
0,0,0,0
0,0,0,0
0,0,0,0
0,0,0,0
0,0,0,0
0,0,0,0
0,0,0,0
0,0,0,0
0,0,0,0
0,0,0,0
0,0,0,0
0,0,0,0
0,0,0,0
0,0,0,0
0,0,0,0
0,0,0,0
0,0,0,0
0,0,0,0
0,0,0,0
0,0,0,0
0,0,0,0
3.075,3.075,152.73,152.73
27.877,27.877,1384.6,1384.6
12.759,12.759,633.74,633.74
45.673,45.673,2159.1,2159.1
112.82,112.82,5333.4,5333.4
14.071,14.071,665.14,665.14
7.7557,7.7557,353.98,353.98
1.7187,1.7187,78.444,78.444
0,0,0,0
0,0,0,0
0,0,0,0
1.6009,1.6009,78.221,78.221
2.5367,2.5367,123.94,123.94
2.3936,2.3936,112.25,112.25
2.3769,2.3769,111.46,111.46
18.076,18.076,889.33,889.33
10.789,10.789,530.82,530.82
14.412,14.412,697.16,697.16
83.631,83.631,4045.4,4045.4
24.5,24.5,1185.1,1185.1
29.766,29.766,1362.8,1362.8
122.52,122.52,5826.9,5826.9
47.084,47.084,2239.1,2239.1
8.001,8.001,366.82,366.82
3.8931,3.8931,178.57,178.57
35.625,35.625,1635.9,1635.9
59.058,59.058,2712,2712
20.862,20.862,997.18,997.18
96.916,96.916,4632.5,4632.5
108.63,108.63,4979.6,4979.6
43.493,43.493,2050.9,2050.9
49.125,49.125,2257.5,2257.5
45.002,45.002,2089.4,2089.4
102.62,102.62,4764.6,4764.6
73.719,73.719,3381.3,3381.3
10.544,10.544,484.15,484.15
1.9852,1.9852,95.868,95.868
60.096,60.096,2902,2902
93.144,93.144,4435.2,4435.2
121.66,121.66,5581.5,5581.5
66.088,66.088,3035.2,3035.2
2.5769,2.5769,118.35,118.35
14.103,14.103,662.99,662.99
21.497,21.497,1010.6,1010.6
28.626,28.626,1336.1,1336.1
65.072,65.072,3037.2,3037.2
86.333,86.333,4761,4761
12.569,12.569,693.12,693.12
88.532,88.532,4083.4,4083.4
111.6,111.6,5280.6,5280.6
10.135,10.135,479.55,479.55
54.549,54.549,2548.3,2548.3
49.719,49.719,2339.6,2339.6
87.466,87.466,4029.2,4029.2
68.797,68.797,3152,3152
23.106,23.106,1076.7,1076.7
125.61,125.61,5852.9,5852.9
38.045,38.045,1779.4,1779.4
15.622,15.622,720.41,720.41
20.627,20.627,951.22,951.22
88.922,88.922,4227.9,4227.9
60.281,60.281,2905.7,2905.7
46.714,46.714,2147.6,2147.6
121.3,121.3,5576.6,5576.6
47.882,47.882,2220.8,2220.8
58.985,58.985,2931.4,2931.4
108.2,108.2,5377.1,5377.1
87.667,87.667,4034.7,4034.7
33.767,33.767,1573.7,1573.7
125.73,125.73,5859.3,5859.3
73.975,73.975,3422,3422
23.841,23.841,1101.3,1101.3
0,0,0,0
0,0,0,0
0,0,0,0
0,0,0,0
0,0,0,0
0,0,0,0
0,0,0,0
0,0,0,0
0,0,0,0
0,0,0,0
0,0,0,0
0,0,0,0
0,0,0,0
0,0,0,0
0,0,0,0
0,0,0,0
0,0,0,0
0,0,0,0
0,0,0,0
0,0,0,0
0,0,0,0
0,0,0,0
0,0,0,0
0,0,0,0
0,0,0,0
0,0,0,0
0,0,0,0
0,0,0,0
0,0,0,0
0,0,0,0
0,0,0,0
0,0,0,0
0,0,0,0
0,0,0,0
0,0,0,0
0,0,0,0
0,0,0,0
0,0,0,0
0,0,0,0
0,0,0,0
0,0,0,0
0,0,0,0
0,0,0,0
0,0,0,0
0,0,0,0
0,0,0,0
0,0,0,0
0,0,0,0
0,0,0,0
0,0,0,0
0,0,0,0
0,0,0,0
0,0,0,0
0,0,0,0
0,0,0,0
0,0,0,0
0,0,0,0
0,0,0,0
0,0,0,0
0,0,0,0
0,0,0,0
0,0,0,0
0,0,0,0
0,0,0,0
0,0,0,0
0,0,0,0
0,0,0,0
0,0,0,0
0,0,0,0
0,0,0,0
0,0,0,0
0,0,0,0
0,0,0,0
0,0,0,0
0,0,0,0
0,0,0,0
0,0,0,0
0,0,0,0
0,0,0,0
0,0,0,0
0,0,0,0
0,0,0,0
0,0,0,0
0,0,0,0
0,0,0,0
0,0,0,0
0,0,0,0
0,0,0,0
0,0,0,0
0,0,0,0
0,0,0,0
0,0,0,0
0,0,0,0
0,0,0,0
0,0,0,0
0,0,0,0
0,0,0,0
0,0,0,0
0,0,0,0
0,0,0,0
0,0,0,0
0,0,0,0
0,0,0,0
0,0,0,0
0,0,0,0
0,0,0,0
0,0,0,0
0,0,0,0
0,0,0,0
0,0,0,0
0,0,0,0
0,0,0,0
2.2379,2.2379,111.15,111.15
20.288,20.288,1007.7,1007.7
9.2858,9.2858,461.22,461.22
42.001,42.001,1985.5,1985.5
103.75,103.75,4904.6,4904.6
12.939,12.939,611.67,611.67
5.0108,5.0108,228.7,228.7
0,0,0,0
0,0,0,0
0,0,0,0
0,0,0,0
0,0,0,0
1.5354,1.5354,75.017,75.017
0,0,0,0
0,0,0,0
12.698,12.698,624.75,624.75
7.5791,7.5791,372.9,372.9
12.057,12.057,583.23,583.23
69.964,69.964,3384.3,3384.3
20.496,20.496,991.45,991.45
23.508,23.508,1076.2,1076.2
120.02,120.02,5707.7,5707.7
46.121,46.121,2193.4,2193.4
5.1841,5.1841,237.67,237.67
2.6225,2.6225,120.29,120.29
28.795,28.795,1322.3,1322.3
47.735,47.735,2192.1,2192.1
23.467,23.467,1121.7,1121.7
109.02,109.02,5211,5211
117.32,117.32,5377.9,5377.9
49.655,49.655,2341.4,2341.4
37.888,37.888,1741.2,1741.2
48.831,48.831,2267.2,2267.2
111.35,111.35,5170,5170
81.454,81.454,3736,3736
7.5316,7.5316,345.83,345.83
1.7758,1.7758,85.753,85.753
53.755,53.755,2595.9,2595.9
83.549,83.549,3967.2,3967.2
118.56,118.56,5439.3,5439.3
71.736,71.736,3294.6,3294.6
2.7971,2.7971,128.46,128.46
10.108,10.108,475.17,475.17
24.052,24.052,1104.2,1104.2
34.254,34.254,1598.8,1598.8
77.867,77.867,3634.4,3634.4
98.925,98.925,5455.4,5455.4
14.402,14.402,794.22,794.22
81.897,81.897,3777.3,3777.3
108.3,108.3,5124.4,5124.4
9.8353,9.8353,465.36,465.36
44.149,44.149,2062.5,2062.5
39.408,39.408,1854.4,1854.4
99.323,99.323,4575.4,4575.4
58.449,58.449,2677.9,2677.9
23.458,23.458,1093.1,1093.1
127.52,127.52,5942,5942
40.866,40.866,1911.3,1911.3
21.089,21.089,972.5,972.5
27.846,27.846,1284.1,1284.1
78.651,78.651,3748.5,3748.5
62.793,62.793,3377.8,3377.8
44.993,44.993,2068.5,2068.5
116.83,116.83,5371.1,5371.1
36.777,36.777,1705.7,1705.7
61.015,61.015,3032.3,3032.3
111.92,111.92,5562.1,5562.1
75.835,75.835,3490.1,3490.1
34.276,34.276,1597.4,1597.4
127.62,127.62,5947.7,5947.7
71.763,71.763,3315.1,3315.1
29.046,29.046,1341.8,1341.8
0,0,0,0
0,0,0,0
0,0,0,0
0,0,0,0
0,0,0,0
0,0,0,0
0,0,0,0
0,0,0,0
0,0,0,0
0,0,0,0
0,0,0,0
0,0,0,0
0,0,0,0
0,0,0,0
0,0,0,0
0,0,0,0
0,0,0,0
0,0,0,0
0,0,0,0
0,0,0,0
0,0,0,0
0,0,0,0
0,0,0,0
0,0,0,0
0,0,0,0
0,0,0,0
0,0,0,0
0,0,0,0
0,0,0,0
0,0,0,0
0,0,0,0
0,0,0,0
0,0,0,0
0,0,0,0
0,0,0,0
0,0,0,0
0,0,0,0
0,0,0,0
0,0,0,0
0,0,0,0
0,0,0,0
0,0,0,0
0,0,0,0
0,0,0,0
0,0,0,0
0,0,0,0
0,0,0,0
0,0,0,0
0,0,0,0
0,0,0,0
0,0,0,0
0,0,0,0
0,0,0,0
0,0,0,0
0,0,0,0
0,0,0,0
0,0,0,0
0,0,0,0
0,0,0,0
0,0,0,0
0,0,0,0
0,0,0,0
0,0,0,0
0,0,0,0
0,0,0,0
0,0,0,0
0,0,0,0
0,0,0,0
0,0,0,0
0,0,0,0
0,0,0,0
0,0,0,0
0,0,0,0
0,0,0,0
0,0,0,0
0,0,0,0
0,0,0,0
0,0,0,0
0,0,0,0
0,0,0,0
0,0,0,0
0,0,0,0
0,0,0,0
0,0,0,0
0,0,0,0
0,0,0,0
0,0,0,0
0,0,0,0
0,0,0,0
0,0,0,0
0,0,0,0
0,0,0,0
0,0,0,0
0,0,0,0
0,0,0,0
0,0,0,0
0,0,0,0
0,0,0,0
0,0,0,0
0,0,0,0
0,0,0,0
0,0,0,0
0,0,0,0
0,0,0,0
0,0,0,0
0,0,0,0
0,0,0,0
0,0,0,0
0,0,0,0
0,0,0,0
0,0,0,0
0,0,0,0
1.5781,1.5781,78.384,78.384
14.307,14.307,710.61,710.61
6.5481,6.5481,325.24,325.24
37.425,37.425,1769.2,1769.2
92.449,92.449,4370.2,4370.2
11.53,11.53,545.02,545.02
3.1369,3.1369,143.17,143.17
0,0,0,0
0,0,0,0
0,0,0,0
0,0,0,0
0,0,0,0
0,0,0,0
0,0,0,0
0,0,0,0
8.6433,8.6433,425.26,425.26
5.159,5.159,253.83,253.83
9.7737,9.7737,472.77,472.77
56.713,56.713,2743.3,2743.3
16.615,16.615,803.68,803.68
17.989,17.989,823.56,823.56
113.92,113.92,5417.4,5417.4
49.401,49.401,2262.4,2262.4
3.2547,3.2547,149.22,149.22
1.7117,1.7117,78.515,78.515
22.551,22.551,1035.6,1035.6
37.385,37.385,1716.8,1716.8
25.578,25.578,1222.6,1222.6
118.82,118.82,5679.7,5679.7
122.77,122.77,5627.8,5627.8
54.929,54.929,2590.1,2590.1
28.315,28.315,1301.2,1301.2
51.341,51.341,2383.7,2383.7
117.08,117.08,5435.7,5435.7
87.206,87.206,3999.8,3999.8
5.2127,5.2127,239.35,239.35
1.5391,1.5391,74.324,74.324
46.591,46.591,2249.9,2249.9
72.615,72.615,3438.5,3438.5
111.95,111.95,5136.2,5136.2
75.448,75.448,3465,3465
2.9419,2.9419,135.11,135.11
7.0192,7.0192,329.98,329.98
31.167,31.167,1430.9,1430.9
39.717,39.717,1853.7,1853.7
90.285,90.285,4214,4214
109.83,109.83,6057,6057
15.99,15.99,881.81,881.81
73.406,73.406,3385.7,3385.7
101.83,101.83,4818.3,4818.3
9.2479,9.2479,437.57,437.57
34.623,34.623,1617.4,1617.4
30.266,30.266,1424.2,1424.2
109.29,109.29,5034.3,5034.3
48.116,48.116,2204.5,2204.5
23.075,23.075,1075.3,1075.3
125.44,125.44,5845.2,5845.2
42.534,42.534,1989.3,1989.3
27.585,27.585,1272.1,1272.1
36.423,36.423,1679.6,1679.6
78.49,78.49,4222.2,4222.2
70.727,70.727,3804.6,3804.6
41.989,41.989,1930.4,1930.4
114.6,114.6,5752.2,5752.2
27.371,27.371,1269.5,1269.5
61.156,61.156,3039.3,3039.3
112.18,112.18,5575,5575
63.563,63.563,2925.4,2925.4
35.238,35.238,1625,1625
125.53,125.53,5849.9,5849.9
84.719,84.719,3913.6,3913.6
34.29,34.29,1584,1584
0,0,0,0
0,0,0,0
0,0,0,0
0,0,0,0
0,0,0,0
0,0,0,0
0,0,0,0
0,0,0,0
0,0,0,0
0,0,0,0
0,0,0,0
0,0,0,0
0,0,0,0
0,0,0,0
0,0,0,0
0,0,0,0
0,0,0,0
0,0,0,0
0,0,0,0
0,0,0,0
0,0,0,0
0,0,0,0
0,0,0,0
0,0,0,0
0,0,0,0
0,0,0,0
0,0,0,0
0,0,0,0
0,0,0,0
0,0,0,0
0,0,0,0
0,0,0,0
0,0,0,0
0,0,0,0
0,0,0,0
0,0,0,0
0,0,0,0
0,0,0,0
0,0,0,0
0,0,0,0
0,0,0,0
0,0,0,0
0,0,0,0
0,0,0,0
0,0,0,0
0,0,0,0
0,0,0,0
0,0,0,0
0,0,0,0
0,0,0,0
0,0,0,0
0,0,0,0
0,0,0,0
0,0,0,0
0,0,0,0
0,0,0,0
0,0,0,0
0,0,0,0
0,0,0,0
0,0,0,0
0,0,0,0
0,0,0,0
0,0,0,0
0,0,0,0
0,0,0,0
0,0,0,0
0,0,0,0
0,0,0,0
0,0,0,0
0,0,0,0
0,0,0,0
0,0,0,0
0,0,0,0
0,0,0,0
0,0,0,0
0,0,0,0
0,0,0,0
0,0,0,0
0,0,0,0
0,0,0,0
0,0,0,0
0,0,0,0
0,0,0,0
0,0,0,0
0,0,0,0
0,0,0,0
0,0,0,0
0,0,0,0
0,0,0,0
0,0,0,0
0,0,0,0
0,0,0,0
0,0,0,0
0,0,0,0
0,0,0,0
0,0,0,0
0,0,0,0
0,0,0,0
0,0,0,0
0,0,0,0
0,0,0,0
0,0,0,0
0,0,0,0
0,0,0,0
0,0,0,0
0,0,0,0
0,0,0,0
0,0,0,0
0,0,0,0
0,0,0,0
0,0,0,0
0,0,0,0
0,0,0,0
9.7755,9.7755,485.54,485.54
4.4742,4.4742,222.23,222.23
32.312,32.312,1527.5,1527.5
79.819,79.819,3773.2,3773.2
9.9545,9.9545,470.57,470.57
1.9028,1.9028,86.847,86.847
0,0,0,0
0,0,0,0
0,0,0,0
0,0,0,0
0,0,0,0
0,0,0,0
0,0,0,0
0,0,0,0
5.7007,5.7007,280.48,280.48
3.4026,3.4026,167.41,167.41
7.6767,7.6767,371.33,371.33
44.545,44.545,2154.7,2154.7
13.05,13.05,631.24,631.24
13.764,13.764,654.56,654.56
104.76,104.76,4982.2,4982.2
55.13,55.13,2524.7,2524.7
1.9799,1.9799,90.772,90.772
0,0,0,0
17.113,17.113,785.86,785.86
28.37,28.37,1302.8,1302.8
27.013,27.013,1291.2,1291.2
125.49,125.49,5998.4,5998.4
124.49,124.49,5706.4,5706.4
58.877,58.877,2776.3,2776.3
20.503,20.503,942.21,942.21
52.304,52.304,2428.4,2428.4
119.27,119.27,5537.6,5537.6
90.465,90.465,4149.3,4149.3
4.8437,4.8437,222.17,222.17
0,0,0,0
39.127,39.127,1889.5,1889.5
74.499,74.499,3422.8,3422.8
113.74,113.74,5220.2,5220.2
76.888,76.888,3531.2,3531.2
2.998,2.998,137.69,137.69
4.7232,4.7232,222.04,222.04
39.133,39.133,1796.6,1796.6
47.583,47.583,2184.5,2184.5
101.43,101.43,4734.3,4734.3
118.16,118.16,6516.2,6516.2
20.093,20.093,948.65,948.65
63.753,63.753,2940.5,2940.5
92.779,92.779,4389.9,4389.9
8.4256,8.4256,398.66,398.66
26.309,26.309,1229.1,1229.1
22.522,22.522,1059.9,1059.9
116.51,116.51,5367.2,5367.2
47.696,47.696,2197.1,2197.1
21.995,21.995,1024.9,1024.9
124.39,124.39,5817.7,5817.7
42.894,42.894,2006.1,2006.1
34.961,34.961,1612.2,1612.2
46.162,46.162,2128.8,2128.8
85.663,85.663,4608,4608
77.192,77.192,4152.3,4152.3
37.969,37.969,1777.9,1777.9
122.25,122.25,6136.6,6136.6
28.773,28.773,1349.8,1349.8
59.394,59.394,2951.7,2951.7
108.95,108.95,5414.3,5414.3
51.623,51.623,2375.8,2375.8
43.921,43.921,2025.4,2025.4
119.63,119.63,5575,5575
96.909,96.909,4476.7,4476.7
39.224,39.224,1811.9,1811.9
0,0,0,0
0,0,0,0
0,0,0,0
0,0,0,0
0,0,0,0
0,0,0,0
0,0,0,0
0,0,0,0
0,0,0,0
0,0,0,0
0,0,0,0
0,0,0,0
0,0,0,0
0,0,0,0
0,0,0,0
0,0,0,0
0,0,0,0
0,0,0,0
0,0,0,0
0,0,0,0
0,0,0,0
0,0,0,0
0,0,0,0
0,0,0,0
0,0,0,0
0,0,0,0
0,0,0,0
0,0,0,0
0,0,0,0
0,0,0,0
0,0,0,0
0,0,0,0
0,0,0,0
0,0,0,0
0,0,0,0
0,0,0,0
0,0,0,0
0,0,0,0
0,0,0,0
0,0,0,0
0,0,0,0
0,0,0,0
0,0,0,0
0,0,0,0
0,0,0,0
0,0,0,0
0,0,0,0
0,0,0,0
0,0,0,0
0,0,0,0
0,0,0,0
0,0,0,0
0,0,0,0
0,0,0,0
0,0,0,0
0,0,0,0
0,0,0,0
0,0,0,0
0,0,0,0
0,0,0,0
0,0,0,0
0,0,0,0
0,0,0,0
0,0,0,0
0,0,0,0
0,0,0,0
0,0,0,0
0,0,0,0
0,0,0,0
0,0,0,0
0,0,0,0
0,0,0,0
0,0,0,0
0,0,0,0
0,0,0,0
0,0,0,0
0,0,0,0
0,0,0,0
0,0,0,0
0,0,0,0
0,0,0,0
0,0,0,0
0,0,0,0
0,0,0,0
0,0,0,0
0,0,0,0
0,0,0,0
0,0,0,0
0,0,0,0
0,0,0,0
0,0,0,0
0,0,0,0
0,0,0,0
0,0,0,0
0,0,0,0
0,0,0,0
0,0,0,0
0,0,0,0
0,0,0,0
0,0,0,0
0,0,0,0
0,0,0,0
0,0,0,0
0,0,0,0
0,0,0,0
0,0,0,0
0,0,0,0
0,0,0,0
0,0,0,0
0,0,0,0
0,0,0,0
0,0,0,0
0,0,0,0
6.4721,6.4721,321.46,321.46
2.9622,2.9622,147.13,147.13
27.032,27.032,1277.8,1277.8
66.775,66.775,3156.6,3156.6
8.3277,8.3277,393.66,393.66
0,0,0,0
0,0,0,0
0,0,0,0
0,0,0,0
0,0,0,0
0,0,0,0
0,0,0,0
0,0,0,0
0,0,0,0
3.6432,3.6432,179.25,179.25
2.1745,2.1745,106.99,106.99
5.8424,5.8424,282.61,282.61
33.901,33.901,1639.9,1639.9
9.9316,9.9316,480.41,480.41
12.265,12.265,583.29,583.29
104.51,104.51,4786.2,4786.2
59.613,59.613,2730,2730
1.7167,1.7167,78.616,78.616
0,0,0,0
12.583,12.583,577.84,577.84
20.86,20.86,957.93,957.93
27.643,27.643,1321.3,1321.3
128.42,128.42,6138.3,6138.3
122.31,122.31,5606.5,5606.5
61.149,61.149,2883.4,2883.4
14.385,14.385,661.08,661.08
51.63,51.63,2397.1,2397.1
117.74,117.74,5466.3,5466.3
90.932,90.932,4170.8,4170.8
4.8688,4.8688,223.31,223.31
0,0,0,0
31.839,31.839,1537.5,1537.5
82.866,82.866,3807.1,3807.1
121.79,121.79,5589.6,5589.6
75.923,75.923,3486.9,3486.9
2.9604,2.9604,135.96,135.96
3.0795,3.0795,144.77,144.77
47.608,47.608,2185.7,2185.7
57.889,57.889,2657.7,2657.7
110.42,110.42,5153.7,5153.7
123.17,123.17,6792.5,6792.5
25.97,25.97,1219.6,1219.6
53.651,53.651,2474.5,2474.5
81.905,81.905,3875.4,3875.4
7.4381,7.4381,351.94,351.94
19.371,19.371,904.93,904.93
16.24,16.24,764.22,764.22
120.36,120.36,5544.5,5544.5
49.271,49.271,2269.7,2269.7
20.313,20.313,946.55,946.55
121.55,121.55,5684.9,5684.9
41.915,41.915,1960.3,1960.3
42.934,42.934,1979.9,1979.9
56.69,56.69,2614.2,2614.2
90.59,90.59,4873,4873
81.631,81.631,4391.1,4391.1
36.614,36.614,1837.9,1837.9
126.37,126.37,6343.3,6343.3
37.894,37.894,1777.7,1777.7
55.891,55.891,2777.6,2777.6
102.52,102.52,5095,5095
56.966,56.966,2626.9,2626.9
53.044,53.044,2446.1,2446.1
110.47,110.47,5148.2,5148.2
107.41,107.41,4961.8,4961.8
43.475,43.475,2008.3,2008.3
0,0,0,0
0,0,0,0
0,0,0,0
0,0,0,0
0,0,0,0
0,0,0,0
0,0,0,0
0,0,0,0
0,0,0,0
0,0,0,0
0,0,0,0
0,0,0,0
0,0,0,0
0,0,0,0
0,0,0,0
0,0,0,0
0,0,0,0
0,0,0,0
0,0,0,0
0,0,0,0
0,0,0,0
0,0,0,0
0,0,0,0
0,0,0,0
0,0,0,0
0,0,0,0
0,0,0,0
0,0,0,0
0,0,0,0
0,0,0,0
0,0,0,0
0,0,0,0
0,0,0,0
0,0,0,0
0,0,0,0
0,0,0,0
0,0,0,0
0,0,0,0
0,0,0,0
0,0,0,0
0,0,0,0
0,0,0,0
0,0,0,0
0,0,0,0
0,0,0,0
0,0,0,0
0,0,0,0
0,0,0,0
0,0,0,0
0,0,0,0
0,0,0,0
0,0,0,0
0,0,0,0
0,0,0,0
0,0,0,0
0,0,0,0
0,0,0,0
0,0,0,0
0,0,0,0
0,0,0,0
0,0,0,0
0,0,0,0
0,0,0,0
0,0,0,0
0,0,0,0
0,0,0,0
0,0,0,0
0,0,0,0
0,0,0,0
0,0,0,0
0,0,0,0
0,0,0,0
0,0,0,0
0,0,0,0
0,0,0,0
0,0,0,0
0,0,0,0
0,0,0,0
0,0,0,0
0,0,0,0
0,0,0,0
0,0,0,0
0,0,0,0
0,0,0,0
0,0,0,0
0,0,0,0
0,0,0,0
0,0,0,0
0,0,0,0
0,0,0,0
0,0,0,0
0,0,0,0
0,0,0,0
0,0,0,0
0,0,0,0
0,0,0,0
0,0,0,0
0,0,0,0
0,0,0,0
0,0,0,0
0,0,0,0
0,0,0,0
0,0,0,0
0,0,0,0
0,0,0,0
0,0,0,0
0,0,0,0
0,0,0,0
0,0,0,0
0,0,0,0
0,0,0,0
0,0,0,0
0,0,0,0
4.1519,4.1519,206.22,206.22
1.9003,1.9003,94.387,94.387
21.912,21.912,1035.8,1035.8
54.128,54.128,2558.7,2558.7
6.7505,6.7505,319.11,319.11
0,0,0,0
0,0,0,0
0,0,0,0
0,0,0,0
0,0,0,0
0,0,0,0
0,0,0,0
0,0,0,0
0,0,0,0
2.256,2.256,111,111
0,0,0,0
4.3083,4.3083,208.4,208.4
25,25,1209.3,1209.3
7.3238,7.3238,354.27,354.27
10.59,10.59,503.64,503.64
109.5,109.5,5014.7,5014.7
62.459,62.459,2860.3,2860.3
1.7986,1.7986,82.369,82.369
0,0,0,0
8.9653,8.9653,411.7,411.7
14.862,14.862,682.5,682.5
27.409,27.409,1310.1,1310.1
127.33,127.33,6086.4,6086.4
116.43,116.43,5337.4,5337.4
61.537,61.537,2901.7,2901.7
10.13,10.13,480.98,480.98
49.383,49.383,2292.8,2292.8
112.61,112.61,5228.4,5228.4
88.564,88.564,4062.2,4062.2
4.742,4.742,217.5,217.5
0,0,0,0
25.104,25.104,1212.3,1212.3
89.31,89.31,4103.2,4103.2
126.35,126.35,5799.3,5799.3
72.643,72.643,3336.2,3336.2
2.8325,2.8325,130.09,130.09
2.3302,2.3302,106.98,106.98
56.121,56.121,2576.5,2576.5
68.24,68.24,3132.9,3132.9
116.47,116.47,5436.1,5436.1
124.41,124.41,6860.7,6860.7
32.523,32.523,1527.3,1527.3
54.777,54.777,2572.4,2572.4
70.061,70.061,3315,3315
6.3625,6.3625,301.04,301.04
13.82,13.82,645.6,645.6
14.859,14.859,684.47,684.47
120.48,120.48,5549.9,5549.9
49.319,49.319,2271.9,2271.9
18.178,18.178,847.05,847.05
115.09,115.09,5382.6,5382.6
39.687,39.687,1856.1,1856.1
51.088,51.088,2355.9,2355.9
67.457,67.457,3110.7,3110.7
92.825,92.825,4993.3,4993.3
83.645,83.645,4499.5,4499.5
36.673,36.673,1840.8,1840.8
126.58,126.58,6353.5,6353.5
48.358,48.358,2268.6,2268.6
52.123,52.123,2532.7,2532.7
93.481,93.481,4645.7,4645.7
66.661,66.661,3074,3074
62.072,62.072,2862.4,2862.4
98.843,98.843,4606.4,4606.4
115.35,115.35,5328.7,5328.7
46.69,46.69,2156.8,2156.8
0,0,0,0
0,0,0,0
0,0,0,0
0,0,0,0
0,0,0,0
0,0,0,0
0,0,0,0
0,0,0,0
0,0,0,0
0,0,0,0
0,0,0,0
0,0,0,0
0,0,0,0
0,0,0,0
0,0,0,0
0,0,0,0
0,0,0,0
0,0,0,0
0,0,0,0
0,0,0,0
0,0,0,0
0,0,0,0
0,0,0,0
0,0,0,0
0,0,0,0
0,0,0,0
0,0,0,0
0,0,0,0
0,0,0,0
0,0,0,0
0,0,0,0
0,0,0,0
0,0,0,0
0,0,0,0
0,0,0,0
0,0,0,0
0,0,0,0
0,0,0,0
0,0,0,0
0,0,0,0
0,0,0,0
0,0,0,0
0,0,0,0
0,0,0,0
0,0,0,0
0,0,0,0
0,0,0,0
0,0,0,0
0,0,0,0
0,0,0,0
0,0,0,0
0,0,0,0
0,0,0,0
0,0,0,0
0,0,0,0
0,0,0,0
0,0,0,0
0,0,0,0
0,0,0,0
0,0,0,0
0,0,0,0
0,0,0,0
0,0,0,0
0,0,0,0
0,0,0,0
0,0,0,0
0,0,0,0
0,0,0,0
0,0,0,0
0,0,0,0
0,0,0,0
0,0,0,0
0,0,0,0
0,0,0,0
0,0,0,0
0,0,0,0
0,0,0,0
0,0,0,0
0,0,0,0
0,0,0,0
0,0,0,0
0,0,0,0
0,0,0,0
0,0,0,0
0,0,0,0
0,0,0,0
0,0,0,0
0,0,0,0
0,0,0,0
0,0,0,0
0,0,0,0
0,0,0,0
0,0,0,0
0,0,0,0
0,0,0,0
0,0,0,0
0,0,0,0
0,0,0,0
0,0,0,0
0,0,0,0
0,0,0,0
0,0,0,0
0,0,0,0
0,0,0,0
0,0,0,0
0,0,0,0
0,0,0,0
0,0,0,0
0,0,0,0
0,0,0,0
0,0,0,0
0,0,0,0
0,0,0,0
2.5808,2.5808,128.19,128.19
0,0,0,0
17.211,17.211,813.57,813.57
42.514,42.514,2009.7,2009.7
5.3021,5.3021,250.64,250.64
0,0,0,0
0,0,0,0
0,0,0,0
0,0,0,0
0,0,0,0
0,0,0,0
0,0,0,0
0,0,0,0
0,0,0,0
0,0,0,0
0,0,0,0
3.0784,3.0784,148.91,148.91
17.863,17.863,864.07,864.07
5.2331,5.2331,253.13,253.13
9.8396,9.8396,450.61,450.61
111.17,111.17,5091,5091
63.409,63.409,2903.9,2903.9
1.826,1.826,83.622,83.622
0,0,0,0
6.1892,6.1892,284.21,284.21
10.26,10.26,471.16,471.16
26.334,26.334,1258.7,1258.7
122.34,122.34,5847.6,5847.6
109.61,109.61,5168.6,5168.6
60.005,60.005,2829.5,2829.5
13.327,13.327,632.81,632.81
45.767,45.767,2124.9,2124.9
104.37,104.37,4845.6,4845.6
83.58,83.58,3833.5,3833.5
4.4751,4.4751,205.26,205.26
0,0,0,0
19.179,19.179,926.18,926.18
93.266,93.266,4285,4285
127.02,127.02,5830.1,5830.1
67.346,67.346,3093,3093
2.626,2.626,120.6,120.6
2.6615,2.6615,122.19,122.19
64.102,64.102,2942.9,2942.9
77.945,77.945,3578.4,3578.4
119.04,119.04,5556,5556
121.76,121.76,6714.5,6714.5
39.465,39.465,1853.3,1853.3
66.469,66.469,3121.4,3121.4
58.068,58.068,2747.5,2747.5
5.2734,5.2734,249.51,249.51
9.5531,9.5531,446.28,446.28
14.411,14.411,663.85,663.85
116.85,116.85,5382.7,5382.7
47.834,47.834,2203.5,2203.5
15.762,15.762,734.48,734.48
105.59,105.59,4938.2,4938.2
36.41,36.41,1702.9,1702.9
58.904,58.904,2716.3,2716.3
77.776,77.776,3586.6,3586.6
92.163,92.163,4957.6,4957.6
83.048,83.048,4467.3,4467.3
35.591,35.591,1786.5,1786.5
122.84,122.84,6166.1,6166.1
59.795,59.795,2805.1,2805.1
62.827,62.827,2898.7,2898.7
82.591,82.591,4104.5,4104.5
75.586,75.586,3485.5,3485.5
70.382,70.382,3245.6,3245.6
85.695,85.695,3993.6,3993.6
120.04,120.04,5545.2,5545.2
48.586,48.586,2244.4,2244.4
0,0,0,0
0,0,0,0
0,0,0,0
0,0,0,0
0,0,0,0
0,0,0,0
0,0,0,0
0,0,0,0
0,0,0,0
0,0,0,0
0,0,0,0
0,0,0,0
0,0,0,0
0,0,0,0
0,0,0,0
0,0,0,0
0,0,0,0
0,0,0,0
0,0,0,0
0,0,0,0
0,0,0,0
0,0,0,0
0,0,0,0
0,0,0,0
0,0,0,0
0,0,0,0
0,0,0,0
0,0,0,0
0,0,0,0
0,0,0,0
0,0,0,0
0,0,0,0
0,0,0,0
0,0,0,0
0,0,0,0
0,0,0,0
0,0,0,0
0,0,0,0
0,0,0,0
0,0,0,0
0,0,0,0
0,0,0,0
0,0,0,0
0,0,0,0
0,0,0,0
0,0,0,0
0,0,0,0
0,0,0,0
0,0,0,0
0,0,0,0
0,0,0,0
0,0,0,0
0,0,0,0
0,0,0,0
0,0,0,0
0,0,0,0
0,0,0,0
0,0,0,0
0,0,0,0
0,0,0,0
0,0,0,0
0,0,0,0
0,0,0,0
0,0,0,0
0,0,0,0
0,0,0,0
0,0,0,0
0,0,0,0
0,0,0,0
0,0,0,0
0,0,0,0
0,0,0,0
0,0,0,0
0,0,0,0
0,0,0,0
0,0,0,0
0,0,0,0
0,0,0,0
0,0,0,0
0,0,0,0
0,0,0,0
0,0,0,0
0,0,0,0
0,0,0,0
0,0,0,0
0,0,0,0
0,0,0,0
0,0,0,0
0,0,0,0
0,0,0,0
0,0,0,0
0,0,0,0
0,0,0,0
0,0,0,0
0,0,0,0
0,0,0,0
0,0,0,0
0,0,0,0
0,0,0,0
0,0,0,0
0,0,0,0
0,0,0,0
0,0,0,0
0,0,0,0
0,0,0,0
0,0,0,0
0,0,0,0
0,0,0,0
0,0,0,0
0,0,0,0
0,0,0,0
0,0,0,0
0,0,0,0
1.5544,1.5544,77.206,77.206
0,0,0,0
13.098,13.098,619.17,619.17
32.355,32.355,1529.5,1529.5
4.0351,4.0351,190.75,190.75
0,0,0,0
0,0,0,0
0,0,0,0
0,0,0,0
0,0,0,0
0,0,0,0
0,0,0,0
0,0,0,0
0,0,0,0
0,0,0,0
0,0,0,0
2.1313,2.1313,103.1,103.1
12.367,12.367,598.23,598.23
3.6231,3.6231,175.26,175.26
9.6791,9.6791,443.26,443.26
109.35,109.35,5007.9,5007.9
62.375,62.375,2856.5,2856.5
1.7962,1.7962,82.258,82.258
0,0,0,0
4.14,4.14,190.11,190.11
6.8632,6.8632,315.17,315.17
24.515,24.515,1171.8,1171.8
113.89,113.89,5443.7,5443.7
103.56,103.56,4883.5,4883.5
56.694,56.694,2673.4,2673.4
16.99,16.99,806.71,806.71
41.099,41.099,1908.2,1908.2
93.72,93.72,4351.3,4351.3
76.427,76.427,3505.4,3505.4
4.0921,4.0921,187.69,187.69
0,0,0,0
14.198,14.198,685.62,685.62
94.374,94.374,4335.9,4335.9
123.73,123.73,5679,5679
60.497,60.497,2778.4,2778.4
2.3589,2.3589,108.34,108.34
2.9457,2.9457,135.23,135.23
70.945,70.945,3257.1,3257.1
86.265,86.265,3960.4,3960.4
117.89,117.89,5502.2,5502.2
115.46,115.46,6367.3,6367.3
46.402,46.402,2179.1,2179.1
78.153,78.153,3670.1,3670.1
46.634,46.634,2206.5,2206.5
4.235,4.235,200.38,200.38
6.3987,6.3987,298.92,298.92
13.543,13.543,623.87,623.87
109.81,109.81,5058.5,5058.5
44.953,44.953,2070.8,2070.8
13.742,13.742,642.7,642.7
93.861,93.861,4389.8,4389.8
32.366,32.366,1513.8,1513.8
65.807,65.807,3034.6,3034.6
86.891,86.891,4006.9,4006.9
88.664,88.664,4769.4,4769.4
79.895,79.895,4297.7,4297.7
33.469,33.469,1680,1680
115.52,115.52,5798.5,5798.5
71.642,71.642,3360.8,3360.8
73.377,73.377,3385.5,3385.5
70.704,70.704,3513.8,3513.8
83.044,83.044,3829.4,3829.4
77.327,77.327,3565.8,3565.8
71.989,71.989,3354.9,3354.9
121.04,121.04,5591.2,5591.2
48.99,48.99,2263.1,2263.1
0,0,0,0
0,0,0,0
0,0,0,0
0,0,0,0
0,0,0,0
0,0,0,0
0,0,0,0
0,0,0,0
0,0,0,0
0,0,0,0
0,0,0,0
0,0,0,0
0,0,0,0
0,0,0,0
0,0,0,0
0,0,0,0
0,0,0,0
0,0,0,0
0,0,0,0
0,0,0,0
0,0,0,0
0,0,0,0
0,0,0,0
0,0,0,0
0,0,0,0
0,0,0,0
0,0,0,0
0,0,0,0
0,0,0,0
0,0,0,0
0,0,0,0
0,0,0,0
0,0,0,0
0,0,0,0
0,0,0,0
0,0,0,0
0,0,0,0
0,0,0,0
0,0,0,0
0,0,0,0
0,0,0,0
0,0,0,0
0,0,0,0
0,0,0,0
0,0,0,0
0,0,0,0
0,0,0,0
0,0,0,0
0,0,0,0
0,0,0,0
0,0,0,0
0,0,0,0
0,0,0,0
0,0,0,0
0,0,0,0
0,0,0,0
0,0,0,0
0,0,0,0
0,0,0,0
0,0,0,0
0,0,0,0
0,0,0,0
0,0,0,0
0,0,0,0
0,0,0,0
0,0,0,0
0,0,0,0
0,0,0,0
0,0,0,0
0,0,0,0
0,0,0,0
0,0,0,0
0,0,0,0
0,0,0,0
0,0,0,0
0,0,0,0
0,0,0,0
0,0,0,0
0,0,0,0
0,0,0,0
0,0,0,0
0,0,0,0
0,0,0,0
0,0,0,0
0,0,0,0
0,0,0,0
0,0,0,0
0,0,0,0
0,0,0,0
0,0,0,0
0,0,0,0
0,0,0,0
0,0,0,0
0,0,0,0
0,0,0,0
0,0,0,0
0,0,0,0
0,0,0,0
0,0,0,0
0,0,0,0
0,0,0,0
0,0,0,0
0,0,0,0
0,0,0,0
0,0,0,0
0,0,0,0
0,0,0,0
0,0,0,0
0,0,0,0
0,0,0,0
0,0,0,0
0,0,0,0
0,0,0,0
0,0,0,0
0,0,0,0
9.6588,9.6588,456.59,456.59
23.86,23.86,1127.9,1127.9
2.9756,2.9756,140.66,140.66
0,0,0,0
0,0,0,0
0,0,0,0
0,0,0,0
0,0,0,0
0,0,0,0
0,0,0,0
0,0,0,0
0,0,0,0
0,0,0,0
0,0,0,0
0,0,0,0
8.2966,8.2966,401.32,401.32
2.4305,2.4305,117.57,117.57
9.2256,9.2256,422.49,422.49
104.23,104.23,4773.3,4773.3
59.452,59.452,2722.7,2722.7
1.712,1.712,78.404,78.404
0,0,0,0
2.6833,2.6833,123.22,123.22
4.4484,4.4484,204.27,204.27
22.113,22.113,1057,1057
102.73,102.73,4910.4,4910.4
94.812,94.812,4470.8,4470.8
69.039,69.039,3278.1,3278.1
20.986,20.986,996.47,996.47
35.761,35.761,1660.4,1660.4
81.548,81.548,3786.2,3786.2
67.716,67.716,3105.9,3105.9
3.6257,3.6257,166.3,166.3
0,0,0,0
10.184,10.184,491.78,491.78
92.53,92.53,4251.1,4251.1
116.78,116.78,5360.1,5360.1
52.657,52.657,2418.4,2418.4
2.0532,2.0532,94.297,94.297
3.1589,3.1589,145.02,145.02
76.081,76.081,3492.8,3492.8
92.51,92.51,4247.1,4247.1
113.12,113.12,5279.7,5279.7
111.35,111.35,5850.6,5850.6
52.864,52.864,2482.5,2482.5
89.037,89.037,4181.2,4181.2
36.289,36.289,1717,1717
3.2955,3.2955,155.93,155.93
4.1528,4.1528,194,194
12.332,12.332,568.09,568.09
99.994,99.994,4606.3,4606.3
40.934,40.934,1885.6,1885.6
11.837,11.837,553.59,553.59
80.847,80.847,3781.2,3781.2
27.879,27.879,1303.9,1303.9
71.235,71.235,3285,3285
96.973,96.973,4515.9,4515.9
82.649,82.649,4445.9,4445.9
74.475,74.475,4006.2,4006.2
30.496,30.496,1530.8,1530.8
105.26,105.26,5283.4,5283.4
83.17,83.17,3901.6,3901.6
83.038,83.038,3831.2,3831.2
73.392,73.392,3375.8,3375.8
88.405,88.405,4076.7,4076.7
82.319,82.319,3796,3796
58.597,58.597,2730.8,2730.8
118.25,118.25,5462.6,5462.6
47.863,47.863,2211,2211
0,0,0,0
0,0,0,0
0,0,0,0
0,0,0,0
0,0,0,0
0,0,0,0
0,0,0,0
0,0,0,0
0,0,0,0
0,0,0,0
0,0,0,0
0,0,0,0
0,0,0,0
0,0,0,0
0,0,0,0
0,0,0,0
0,0,0,0
0,0,0,0
0,0,0,0
0,0,0,0
0,0,0,0
0,0,0,0
0,0,0,0
0,0,0,0
0,0,0,0
0,0,0,0
0,0,0,0
0,0,0,0
0,0,0,0
0,0,0,0
0,0,0,0
0,0,0,0
0,0,0,0
0,0,0,0
0,0,0,0
0,0,0,0
0,0,0,0
0,0,0,0
0,0,0,0
0,0,0,0
0,0,0,0
0,0,0,0
0,0,0,0
0,0,0,0
0,0,0,0
0,0,0,0
0,0,0,0
0,0,0,0
0,0,0,0
0,0,0,0
0,0,0,0
0,0,0,0
0,0,0,0
0,0,0,0
0,0,0,0
0,0,0,0
0,0,0,0
0,0,0,0
0,0,0,0
0,0,0,0
0,0,0,0
0,0,0,0
0,0,0,0
0,0,0,0
0,0,0,0
0,0,0,0
0,0,0,0
0,0,0,0
0,0,0,0
0,0,0,0
0,0,0,0
0,0,0,0
0,0,0,0
0,0,0,0
0,0,0,0
0,0,0,0
0,0,0,0
0,0,0,0
0,0,0,0
0,0,0,0
0,0,0,0
0,0,0,0
0,0,0,0
0,0,0,0
0,0,0,0
0,0,0,0
0,0,0,0
0,0,0,0
0,0,0,0
0,0,0,0
0,0,0,0
0,0,0,0
0,0,0,0
0,0,0,0
0,0,0,0
0,0,0,0
0,0,0,0
0,0,0,0
0,0,0,0
0,0,0,0
0,0,0,0
0,0,0,0
0,0,0,0
0,0,0,0
0,0,0,0
0,0,0,0
0,0,0,0
0,0,0,0
0,0,0,0
0,0,0,0
0,0,0,0
0,0,0,0
0,0,0,0
0,0,0,0
0,0,0,0
6.9015,6.9015,326.24,326.24
17.048,17.048,805.9,805.9
2.1261,2.1261,100.51,100.51
0,0,0,0
0,0,0,0
0,0,0,0
0,0,0,0
0,0,0,0
0,0,0,0
0,0,0,0
0,0,0,0
0,0,0,0
0,0,0,0
0,0,0,0
0,0,0,0
5.393,5.393,260.87,260.87
1.5799,1.5799,76.423,76.423
8.5203,8.5203,390.2,390.2
96.263,96.263,4408.4,4408.4
54.907,54.907,2514.5,2514.5
1.5812,1.5812,72.411,72.411
0,0,0,0
1.6852,1.6852,77.386,77.386
2.7937,2.7937,128.29,128.29
19.327,19.327,923.83,923.83
89.787,89.787,4291.8,4291.8
84.105,84.105,3965.9,3965.9
82.631,82.631,3923.5,3923.5
25.118,25.118,1192.7,1192.7
30.15,30.15,1399.9,1399.9
68.754,68.754,3192.2,3192.2
58.135,58.135,2666.5,2666.5
3.1127,3.1127,142.77,142.77
0,0,0,0
7.0779,7.0779,341.8,341.8
87.905,87.905,4038.7,4038.7
106.8,106.8,4902,4902
44.41,44.41,2039.6,2039.6
1.7317,1.7317,79.528,79.528
3.2824,3.2824,150.69,150.69
79.055,79.055,3629.4,3629.4
96.126,96.126,4413.1,4413.1
105.17,105.17,4908.9,4908.9
109.57,109.57,5208.9,5208.9
58.357,58.357,2740.5,2740.5
98.287,98.287,4615.6,4615.6
27.362,27.362,1294.6,1294.6
2.4848,2.4848,117.57,117.57
2.6116,2.6116,122,122
10.881,10.881,501.24,501.24
88.227,88.227,4064.2,4064.2
36.117,36.117,1663.7,1663.7
9.8789,9.8789,462.03,462.03
67.475,67.475,3155.8,3155.8
23.268,23.268,1088.2,1088.2
74.718,74.718,3445.6,3445.6
108.82,108.82,5067.5,5067.5
74.65,74.65,4015.6,4015.6
67.268,67.268,3618.5,3618.5
26.925,26.925,1351.5,1351.5
92.93,92.93,4664.6,4664.6
93.556,93.556,4388.8,4388.8
91.054,91.054,4201,4201
86.897,86.897,3997,3997
91.19,91.19,4205.1,4205.1
84.912,84.912,3915.6,3915.6
46.216,46.216,2153.8,2153.8
111.94,111.94,5171.2,5171.2
45.31,45.31,2093.1,2093.1
0,0,0,0
0,0,0,0
0,0,0,0
0,0,0,0
0,0,0,0
0,0,0,0
0,0,0,0
0,0,0,0
0,0,0,0
0,0,0,0
0,0,0,0
0,0,0,0
0,0,0,0
0,0,0,0
0,0,0,0
0,0,0,0
0,0,0,0
0,0,0,0
0,0,0,0
0,0,0,0
0,0,0,0
0,0,0,0
0,0,0,0
0,0,0,0
0,0,0,0
0,0,0,0
0,0,0,0
0,0,0,0
0,0,0,0
0,0,0,0
0,0,0,0
0,0,0,0
0,0,0,0
0,0,0,0
0,0,0,0
0,0,0,0
0,0,0,0
0,0,0,0
0,0,0,0
0,0,0,0
0,0,0,0
0,0,0,0
0,0,0,0
0,0,0,0
0,0,0,0
0,0,0,0
0,0,0,0
0,0,0,0
0,0,0,0
0,0,0,0
0,0,0,0
0,0,0,0
0,0,0,0
0,0,0,0
0,0,0,0
0,0,0,0
0,0,0,0
0,0,0,0
0,0,0,0
0,0,0,0
0,0,0,0
0,0,0,0
0,0,0,0
0,0,0,0
0,0,0,0
0,0,0,0
0,0,0,0
0,0,0,0
0,0,0,0
0,0,0,0
0,0,0,0
0,0,0,0
0,0,0,0
0,0,0,0
0,0,0,0
0,0,0,0
0,0,0,0
0,0,0,0
0,0,0,0
0,0,0,0
0,0,0,0
0,0,0,0
0,0,0,0
0,0,0,0
0,0,0,0
0,0,0,0
0,0,0,0
0,0,0,0
0,0,0,0
0,0,0,0
0,0,0,0
0,0,0,0
0,0,0,0
0,0,0,0
0,0,0,0
0,0,0,0
0,0,0,0
0,0,0,0
0,0,0,0
0,0,0,0
0,0,0,0
0,0,0,0
0,0,0,0
0,0,0,0
0,0,0,0
0,0,0,0
0,0,0,0
0,0,0,0
0,0,0,0
0,0,0,0
0,0,0,0
0,0,0,0
0,0,0,0
0,0,0,0
0,0,0,0
4.7781,4.7781,225.87,225.87
11.803,11.803,557.95,557.95
0,0,0,0
0,0,0,0
0,0,0,0
0,0,0,0
0,0,0,0
0,0,0,0
0,0,0,0
0,0,0,0
0,0,0,0
0,0,0,0
0,0,0,0
0,0,0,0
0,0,0,0
3.3967,3.3967,164.3,164.3
0,0,0,0
7.6247,7.6247,349.18,349.18
86.143,86.143,3945,3945
49.135,49.135,2250.2,2250.2
0,0,0,0
0,0,0,0
0,0,0,0
1.7,1.7,78.066,78.066
16.368,16.368,782.38,782.38
76.039,76.039,3634.6,3634.6
72.29,72.29,3408.8,3408.8
95.829,95.829,4550.1,4550.1
29.13,29.13,1383.1,1383.1
24.631,24.631,1143.6,1143.6
56.167,56.167,2607.8,2607.8
48.36,48.36,2218.1,2218.1
2.5893,2.5893,118.76,118.76
0,0,0,0
4.7665,4.7665,230.18,230.18
80.919,80.919,3717.7,3717.7
94.644,94.644,4343.9,4343.9
36.292,36.292,1666.8,1666.8
0,0,0,0
3.3048,3.3048,151.72,151.72
79.595,79.595,3654.2,3654.2
96.783,96.783,4443.3,4443.3
94.753,94.753,4422.5,4422.5
104.47,104.47,4936.1,4936.1
62.419,62.419,2931.2,2931.2
105.13,105.13,4937,4937
19.99,19.99,945.85,945.85
4.0054,4.0054,184.09,184.09
1.5913,1.5913,74.34,74.34
9.3025,9.3025,428.52,428.52
75.428,75.428,3474.6,3474.6
30.877,30.877,1422.4,1422.4
12.33,12.33,566.83,566.83
54.567,54.567,2552.1,2552.1
18.816,18.816,880.03,880.03
75.938,75.938,3501.8,3501.8
118.32,118.32,5510,5510
65.333,65.333,3514.4,3514.4
58.871,58.871,3166.8,3166.8
23.033,23.033,1156.2,1156.2
79.5,79.5,3990.5,3990.5
101.97,101.97,4783.6,4783.6
96.743,96.743,4463.5,4463.5
99.693,99.693,4585.6,4585.6
91.142,91.142,4202.9,4202.9
84.868,84.868,3913.6,3913.6
35.319,35.319,1646,1646
102.68,102.68,4743.4,4743.4
41.561,41.561,1919.9,1919.9
0,0,0,0
0,0,0,0
0,0,0,0
0,0,0,0
0,0,0,0
0,0,0,0
0,0,0,0
0,0,0,0
0,0,0,0
0,0,0,0
0,0,0,0
0,0,0,0
0,0,0,0
0,0,0,0
0,0,0,0
0,0,0,0
0,0,0,0
0,0,0,0
0,0,0,0
0,0,0,0
0,0,0,0
0,0,0,0
0,0,0,0
0,0,0,0
0,0,0,0
0,0,0,0
0,0,0,0
0,0,0,0
0,0,0,0
0,0,0,0
0,0,0,0
0,0,0,0
0,0,0,0
0,0,0,0
0,0,0,0
0,0,0,0
0,0,0,0
0,0,0,0
0,0,0,0
0,0,0,0
0,0,0,0
0,0,0,0
0,0,0,0
0,0,0,0
0,0,0,0
0,0,0,0
0,0,0,0
0,0,0,0
0,0,0,0
0,0,0,0
0,0,0,0
0,0,0,0
0,0,0,0
0,0,0,0
0,0,0,0
0,0,0,0
0,0,0,0
0,0,0,0
0,0,0,0
0,0,0,0
0,0,0,0
0,0,0,0
0,0,0,0
0,0,0,0
0,0,0,0
0,0,0,0
0,0,0,0
0,0,0,0
0,0,0,0
0,0,0,0
0,0,0,0
0,0,0,0
0,0,0,0
0,0,0,0
0,0,0,0
0,0,0,0
0,0,0,0
0,0,0,0
0,0,0,0
0,0,0,0
0,0,0,0
0,0,0,0
0,0,0,0
0,0,0,0
0,0,0,0
0,0,0,0
0,0,0,0
0,0,0,0
0,0,0,0
0,0,0,0
0,0,0,0
0,0,0,0
0,0,0,0
0,0,0,0
0,0,0,0
0,0,0,0
0,0,0,0
0,0,0,0
0,0,0,0
0,0,0,0
0,0,0,0
0,0,0,0
0,0,0,0
0,0,0,0
0,0,0,0
0,0,0,0
0,0,0,0
0,0,0,0
0,0,0,0
0,0,0,0
0,0,0,0
0,0,0,0
0,0,0,0
0,0,0,0
0,0,0,0
3.2054,3.2054,151.52,151.52
7.9181,7.9181,374.3,374.3
0,0,0,0
0,0,0,0
0,0,0,0
0,0,0,0
0,0,0,0
0,0,0,0
0,0,0,0
0,0,0,0
0,0,0,0
0,0,0,0
0,0,0,0
0,0,0,0
0,0,0,0
2.0729,2.0729,100.27,100.27
0,0,0,0
6.6113,6.6113,302.77,302.77
74.694,74.694,3420.7,3420.7
42.605,42.605,1951.1,1951.1
0,0,0,0
0,0,0,0
0,0,0,0
0,0,0,0
13.431,13.431,642.01,642.01
62.397,62.397,2982.5,2982.5
60.206,60.206,2838.9,2838.9
107.68,107.68,5113,5113
32.734,32.734,1554.3,1554.3
19.497,19.497,905.22,905.22
44.46,44.46,2064.2,2064.2
38.98,38.98,1787.9,1787.9
2.0871,2.0871,95.728,95.728
0,0,0,0
4.1739,4.1739,191.76,191.76
72.175,72.175,3316,3316
81.264,81.264,3729.8,3729.8
28.737,28.737,1319.8,1319.8
0,0,0,0
3.4268,3.4268,161.5,161.5
77.65,77.65,3564.9,3564.9
94.418,94.418,4334.7,4334.7
82.713,82.713,3860.5,3860.5
96.516,96.516,4560.3,4560.3
64.692,64.692,3038,3038
108.96,108.96,5116.7,5116.7
14.151,14.151,669.58,669.58
6.2786,6.2786,288.57,288.57
2.2401,2.2401,102.96,102.96
7.706,7.706,354.98,354.98
62.483,62.483,2878.3,2878.3
25.578,25.578,1178.3,1178.3
16.339,16.339,751.15,751.15
42.758,42.758,1999.7,1999.7
14.744,14.744,689.58,689.58
74.781,74.781,3448.5,3448.5
124.66,124.66,5805.1,5805.1
55.402,55.402,2980.2,2980.2
49.923,49.923,2685.5,2685.5
19.093,19.093,958.35,958.35
65.898,65.898,3307.8,3307.8
107.69,107.69,5052,5052
99.596,99.596,4595.2,4595.2
110.82,110.82,5097.5,5097.5
88.266,88.266,4070.3,4070.3
82.19,82.19,3790.1,3790.1
26.153,26.153,1218.8,1218.8
91.263,91.263,4215.9,4215.9
36.939,36.939,1706.4,1706.4
0,0,0,0
0,0,0,0
0,0,0,0
0,0,0,0
0,0,0,0
0,0,0,0
0,0,0,0
0,0,0,0
0,0,0,0
0,0,0,0
0,0,0,0
0,0,0,0
0,0,0,0
0,0,0,0
0,0,0,0
0,0,0,0
0,0,0,0
0,0,0,0
0,0,0,0
0,0,0,0
0,0,0,0
0,0,0,0
0,0,0,0
0,0,0,0
0,0,0,0
0,0,0,0
0,0,0,0
0,0,0,0
0,0,0,0
0,0,0,0
0,0,0,0
0,0,0,0
0,0,0,0
0,0,0,0
0,0,0,0
0,0,0,0
0,0,0,0
0,0,0,0
0,0,0,0
0,0,0,0
0,0,0,0
0,0,0,0
0,0,0,0
0,0,0,0
0,0,0,0
0,0,0,0
0,0,0,0
0,0,0,0
0,0,0,0
0,0,0,0
0,0,0,0
0,0,0,0
0,0,0,0
0,0,0,0
0,0,0,0
0,0,0,0
0,0,0,0
0,0,0,0
0,0,0,0
0,0,0,0
0,0,0,0
0,0,0,0
0,0,0,0
0,0,0,0
0,0,0,0
0,0,0,0
0,0,0,0
0,0,0,0
0,0,0,0
0,0,0,0
0,0,0,0
0,0,0,0
0,0,0,0
0,0,0,0
0,0,0,0
0,0,0,0
0,0,0,0
0,0,0,0
0,0,0,0
0,0,0,0
0,0,0,0
0,0,0,0
0,0,0,0
0,0,0,0
0,0,0,0
0,0,0,0
0,0,0,0
0,0,0,0
0,0,0,0
0,0,0,0
0,0,0,0
0,0,0,0
0,0,0,0
0,0,0,0
0,0,0,0
0,0,0,0
0,0,0,0
0,0,0,0
0,0,0,0
0,0,0,0
0,0,0,0
0,0,0,0
0,0,0,0
0,0,0,0
0,0,0,0
0,0,0,0
0,0,0,0
0,0,0,0
0,0,0,0
0,0,0,0
0,0,0,0
0,0,0,0
0,0,0,0
0,0,0,0
0,0,0,0
2.0836,2.0836,98.493,98.493
5.1469,5.1469,243.3,243.3
0,0,0,0
0,0,0,0
0,0,0,0
0,0,0,0
0,0,0,0
0,0,0,0
0,0,0,0
0,0,0,0
0,0,0,0
0,0,0,0
0,0,0,0
0,0,0,0
0,0,0,0
0,0,0,0
0,0,0,0
5.5547,5.5547,254.38,254.38
62.756,62.756,2874,2874
35.796,35.796,1639.3,1639.3
0,0,0,0
0,0,0,0
0,0,0,0
0,0,0,0
10.68,10.68,510.47,510.47
49.613,49.613,2371.5,2371.5
48.585,48.585,2291,2291
117.25,117.25,5567.2,5567.2
35.641,35.641,1692.3,1692.3
14.954,14.954,694.29,694.29
34.1,34.1,1583.2,1583.2
30.444,30.444,1396.4,1396.4
1.63,1.63,74.765,74.765
0,0,0,0
3.6073,3.6073,165.73,165.73
62.377,62.377,2865.8,2865.8
67.61,67.61,3103.1,3103.1
22.048,22.048,1012.6,1012.6
0,0,0,0
5.4346,5.4346,256.13,256.13
73.401,73.401,3369.8,3369.8
89.251,89.251,4097.5,4097.5
69.961,69.961,3265.3,3265.3
86.399,86.399,4082.3,4082.3
64.966,64.966,3050.8,3050.8
109.42,109.42,5138.4,5138.4
9.7067,9.7067,459.28,459.28
9.5364,9.5364,438.29,438.29
3.4025,3.4025,156.38,156.38
7.6165,7.6165,358.46,358.46
50.153,50.153,2310.3,2310.3
20.53,20.53,945.74,945.74
20.98,20.98,964.51,964.51
50.515,50.515,2322.3,2322.3
11.195,11.195,523.57,523.57
71.355,71.355,3290.5,3290.5
127.26,127.26,5926.1,5926.1
45.523,45.523,2448.8,2448.8
41.021,41.021,2206.6,2206.6
15.335,15.335,769.73,769.73
52.928,52.928,2656.7,2656.7
110.2,110.2,5169.8,5169.8
99.35,99.35,4583.8,4583.8
119.37,119.37,5490.6,5490.6
82.827,82.827,3819.5,3819.5
77.125,77.125,3556.5,3556.5
18.838,18.838,874.5,874.5
78.595,78.595,3630.7,3630.7
31.812,31.812,1469.5,1469.5
0,0,0,0
0,0,0,0
0,0,0,0
0,0,0,0
0,0,0,0
0,0,0,0
0,0,0,0
0,0,0,0
0,0,0,0
0,0,0,0
0,0,0,0
0,0,0,0
0,0,0,0
0,0,0,0
0,0,0,0
0,0,0,0
0,0,0,0
0,0,0,0
0,0,0,0
0,0,0,0
0,0,0,0
0,0,0,0
0,0,0,0
0,0,0,0
0,0,0,0
0,0,0,0
0,0,0,0
0,0,0,0
0,0,0,0
0,0,0,0
0,0,0,0
0,0,0,0
0,0,0,0
0,0,0,0
0,0,0,0
0,0,0,0
0,0,0,0
0,0,0,0
0,0,0,0
0,0,0,0
0,0,0,0
0,0,0,0
0,0,0,0
0,0,0,0
0,0,0,0
0,0,0,0
0,0,0,0
0,0,0,0
0,0,0,0
0,0,0,0
0,0,0,0
0,0,0,0
0,0,0,0
0,0,0,0
0,0,0,0
0,0,0,0
0,0,0,0
0,0,0,0
0,0,0,0
0,0,0,0
0,0,0,0
0,0,0,0
0,0,0,0
0,0,0,0
0,0,0,0
0,0,0,0
0,0,0,0
0,0,0,0
0,0,0,0
0,0,0,0
0,0,0,0
0,0,0,0
0,0,0,0
0,0,0,0
0,0,0,0
0,0,0,0
0,0,0,0
0,0,0,0
0,0,0,0
0,0,0,0
0,0,0,0
0,0,0,0
0,0,0,0
0,0,0,0
0,0,0,0
0,0,0,0
0,0,0,0
0,0,0,0
0,0,0,0
0,0,0,0
0,0,0,0
0,0,0,0
0,0,0,0
0,0,0,0
0,0,0,0
0,0,0,0
0,0,0,0
0,0,0,0
0,0,0,0
0,0,0,0
0,0,0,0
0,0,0,0
0,0,0,0
0,0,0,0
0,0,0,0
0,0,0,0
0,0,0,0
0,0,0,0
0,0,0,0
0,0,0,0
0,0,0,0
0,0,0,0
0,0,0,0
0,0,0,0
0,0,0,0
0,0,0,0
3.2417,3.2417,153.24,153.24
0,0,0,0
0,0,0,0
0,0,0,0
0,0,0,0
0,0,0,0
0,0,0,0
0,0,0,0
0,0,0,0
0,0,0,0
0,0,0,0
0,0,0,0
0,0,0,0
0,0,0,0
0,0,0,0
0,0,0,0
4.522,4.522,207.09,207.09
51.089,51.089,2339.7,2339.7
29.141,29.141,1334.5,1334.5
0,0,0,0
0,0,0,0
0,0,0,0
0,0,0,0
8.2278,8.2278,393.28,393.28
38.223,38.223,1827,1827
37.99,37.99,1791.4,1791.4
123.7,123.7,5873.4,5873.4
37.602,37.602,1785.4,1785.4
11.113,11.113,515.98,515.98
25.342,25.342,1176.6,1176.6
23.038,23.038,1056.7,1056.7
0,0,0,0
0,0,0,0
3.0208,3.0208,138.78,138.78
52.235,52.235,2399.9,2399.9
54.503,54.503,2501.6,2501.6
16.391,16.391,752.79,752.79
0,0,0,0
8.3511,8.3511,393.59,393.59
67.23,67.23,3086.5,3086.5
81.748,81.748,3753,3753
57.338,57.338,2676.2,2676.2
74.942,74.942,3541,3541
63.215,63.215,2968.6,2968.6
106.47,106.47,4999.9,4999.9
9.0534,9.0534,425.15,425.15
14.035,14.035,645.03,645.03
5.0074,5.0074,230.14,230.14
10.783,10.783,507.5,507.5
39.006,39.006,1796.8,1796.8
15.967,15.967,735.54,735.54
26.102,26.102,1200,1200
62.849,62.849,2889.4,2889.4
8.2357,8.2357,385.18,385.18
65.972,65.972,3042.3,3042.3
125.88,125.88,5861.8,5861.8
36.244,36.244,1949.6,1949.6
32.659,32.659,1756.8,1756.8
11.934,11.934,599.03,599.03
41.19,41.19,2067.6,2067.6
109.27,109.27,5126,5126
96.028,96.028,4430.5,4430.5
124.58,124.58,5730.4,5730.4
75.31,75.31,3472.8,3472.8
70.125,70.125,3233.7,3233.7
26.254,26.254,1206.9,1206.9
65.584,65.584,3029.6,3029.6
26.546,26.546,1226.3,1226.3
0,0,0,0
0,0,0,0
0,0,0,0
0,0,0,0
0,0,0,0
0,0,0,0
0,0,0,0
0,0,0,0
0,0,0,0
0,0,0,0
0,0,0,0
0,0,0,0
0,0,0,0
0,0,0,0
0,0,0,0
0,0,0,0
0,0,0,0
0,0,0,0
0,0,0,0
0,0,0,0
0,0,0,0
0,0,0,0
0,0,0,0
0,0,0,0
0,0,0,0
0,0,0,0
0,0,0,0
0,0,0,0
0,0,0,0
0,0,0,0
0,0,0,0
0,0,0,0
0,0,0,0
0,0,0,0
0,0,0,0
0,0,0,0
0,0,0,0
0,0,0,0
0,0,0,0
0,0,0,0
0,0,0,0
0,0,0,0
0,0,0,0
0,0,0,0
0,0,0,0
0,0,0,0
0,0,0,0
0,0,0,0
0,0,0,0
0,0,0,0
0,0,0,0
0,0,0,0
0,0,0,0
0,0,0,0
0,0,0,0
0,0,0,0
0,0,0,0
0,0,0,0
0,0,0,0
0,0,0,0
0,0,0,0
0,0,0,0
0,0,0,0
0,0,0,0
0,0,0,0
0,0,0,0
0,0,0,0
0,0,0,0
0,0,0,0
0,0,0,0
0,0,0,0
0,0,0,0
0,0,0,0
0,0,0,0
0,0,0,0
0,0,0,0
0,0,0,0
0,0,0,0
0,0,0,0
0,0,0,0
0,0,0,0
0,0,0,0
0,0,0,0
0,0,0,0
0,0,0,0
0,0,0,0
0,0,0,0
0,0,0,0
0,0,0,0
0,0,0,0
0,0,0,0
0,0,0,0
0,0,0,0
0,0,0,0
0,0,0,0
0,0,0,0
0,0,0,0
0,0,0,0
0,0,0,0
0,0,0,0
0,0,0,0
0,0,0,0
0,0,0,0
0,0,0,0
0,0,0,0
0,0,0,0
0,0,0,0
0,0,0,0
0,0,0,0
0,0,0,0
0,0,0,0
0,0,0,0
0,0,0,0
0,0,0,0
0,0,0,0
0,0,0,0
1.9783,1.9783,93.518,93.518
0,0,0,0
0,0,0,0
0,0,0,0
0,0,0,0
0,0,0,0
0,0,0,0
0,0,0,0
0,0,0,0
0,0,0,0
0,0,0,0
0,0,0,0
0,0,0,0
0,0,0,0
0,0,0,0
0,0,0,0
3.567,3.567,163.35,163.35
40.3,40.3,1845.6,1845.6
22.987,22.987,1052.7,1052.7
0,0,0,0
0,0,0,0
0,0,0,0
0,0,0,0
6.1421,6.1421,293.59,293.59
28.534,28.534,1363.9,1363.9
28.783,28.783,1357.2,1357.2
126.45,126.45,6004.2,6004.2
38.439,38.439,1825.1,1825.1
8.0027,8.0027,371.56,371.56
18.249,18.249,847.28,847.28
16.893,16.893,774.84,774.84
0,0,0,0
0,0,0,0
2.4511,2.4511,112.61,112.61
42.385,42.385,1947.3,1947.3
42.573,42.573,1954,1954
11.807,11.807,542.26,542.26
2.0167,2.0167,95.048,95.048
12.434,12.434,586.03,586.03
59.666,59.666,2739.3,2739.3
72.551,72.551,3330.8,3330.8
45.533,45.533,2125.2,2125.2
62.985,62.985,2976,2976
59.602,59.602,2798.9,2798.9
100.38,100.38,4714.1,4714.1
8.5359,8.5359,400.85,400.85
20.014,20.014,919.82,919.82
7.1406,7.1406,328.18,328.18
14.793,14.793,696.2,696.2
29.394,29.394,1354.1,1354.1
12.033,12.033,554.3,554.3
31.467,31.467,1446.7,1446.7
75.766,75.766,3483.2,3483.2
10.098,10.098,464.19,464.19
59.102,59.102,2725.5,2725.5
120.64,120.64,5618.2,5618.2
33.966,33.966,1581.7,1581.7
25.195,25.195,1355.3,1355.3
8.9992,8.9992,451.71,451.71
31.061,31.061,1559.1,1559.1
104.98,104.98,4924.9,4924.9
98.804,98.804,4588,4588
125.99,125.99,5795,5795
66.349,66.349,3059.6,3059.6
66.791,66.791,3095.6,3095.6
35.454,35.454,1629.8,1629.8
53.028,53.028,2449.6,2449.6
21.463,21.463,991.49,991.49
0,0,0,0
0,0,0,0
0,0,0,0
0,0,0,0
0,0,0,0
0,0,0,0
0,0,0,0
0,0,0,0
0,0,0,0
0,0,0,0
0,0,0,0
0,0,0,0
0,0,0,0
0,0,0,0
0,0,0,0
0,0,0,0
0,0,0,0
0,0,0,0
0,0,0,0
0,0,0,0
0,0,0,0
0,0,0,0
0,0,0,0
0,0,0,0
0,0,0,0
0,0,0,0
0,0,0,0
0,0,0,0
0,0,0,0
0,0,0,0
0,0,0,0
0,0,0,0
0,0,0,0
0,0,0,0
0,0,0,0
0,0,0,0
0,0,0,0
0,0,0,0
0,0,0,0
0,0,0,0
0,0,0,0
0,0,0,0
0,0,0,0
0,0,0,0
0,0,0,0
0,0,0,0
0,0,0,0
0,0,0,0
0,0,0,0
0,0,0,0
0,0,0,0
0,0,0,0
0,0,0,0
0,0,0,0
0,0,0,0
0,0,0,0
0,0,0,0
0,0,0,0
0,0,0,0
0,0,0,0
0,0,0,0
0,0,0,0
0,0,0,0
0,0,0,0
0,0,0,0
0,0,0,0
0,0,0,0
0,0,0,0
0,0,0,0
0,0,0,0
0,0,0,0
0,0,0,0
0,0,0,0
0,0,0,0
0,0,0,0
0,0,0,0
0,0,0,0
0,0,0,0
0,0,0,0
0,0,0,0
0,0,0,0
0,0,0,0
0,0,0,0
0,0,0,0
0,0,0,0
0,0,0,0
0,0,0,0
0,0,0,0
0,0,0,0
0,0,0,0
0,0,0,0
0,0,0,0
0,0,0,0
0,0,0,0
0,0,0,0
0,0,0,0
0,0,0,0
0,0,0,0
0,0,0,0
0,0,0,0
0,0,0,0
0,0,0,0
0,0,0,0
0,0,0,0
0,0,0,0
0,0,0,0
0,0,0,0
0,0,0,0
0,0,0,0
0,0,0,0
0,0,0,0
0,0,0,0
0,0,0,0
0,0,0,0
0,0,0,0
0,0,0,0
0,0,0,0
0,0,0,0
0,0,0,0
0,0,0,0
0,0,0,0
0,0,0,0
0,0,0,0
0,0,0,0
0,0,0,0
0,0,0,0
0,0,0,0
0,0,0,0
0,0,0,0
0,0,0,0
0,0,0,0
0,0,0,0
2.7263,2.7263,124.85,124.85
30.802,30.802,1410.6,1410.6
17.569,17.569,804.59,804.59
0,0,0,0
0,0,0,0
0,0,0,0
0,0,0,0
4.4427,4.4427,212.36,212.36
20.639,20.639,986.53,986.53
21.13,21.13,996.37,996.37
125.25,125.25,5947.3,5947.3
38.074,38.074,1807.8,1807.8
5.5838,5.5838,259.25,259.25
12.733,12.733,591.18,591.18
12.003,12.003,550.52,550.52
0,0,0,0
0,0,0,0
1.9271,1.9271,88.538,88.538
33.324,33.324,1531,1531
32.222,32.222,1478.9,1478.9
8.2411,8.2411,378.48,378.48
2.9096,2.9096,137.13,137.13
17.939,17.939,845.49,845.49
51.309,51.309,2355.6,2355.6
62.389,62.389,2864.3,2864.3
35.036,35.036,1635.3,1635.3
51.293,51.293,2423.6,2423.6
54.45,54.45,2557,2557
91.708,91.708,4306.7,4306.7
7.7981,7.7981,366.2,366.2
27.654,27.654,1270.9,1270.9
9.8664,9.8664,453.46,453.46
19.663,19.663,925.41,925.41
35.691,35.691,1679.8,1679.8
8.7864,8.7864,404.75,404.75
36.757,36.757,1689.8,1689.8
88.503,88.503,4068.8,4068.8
13.732,13.732,631.25,631.25
51.303,51.303,2365.8,2365.8
112.04,112.04,5217.5,5217.5
31.544,31.544,1468.9,1468.9
24.827,24.827,1148.5,1148.5
7.7132,7.7132,356.84,356.84
22.695,22.695,1139.2,1139.2
97.731,97.731,4584.7,4584.7
110.51,110.51,5131.5,5131.5
123.45,123.45,5678.4,5678.4
56.639,56.639,2611.8,2611.8
80.526,80.526,3732.3,3732.3
46.391,46.391,2132.6,2132.6
41.544,41.544,1919.1,1919.1
16.815,16.815,776.77,776.77
0,0,0,0
0,0,0,0
0,0,0,0
0,0,0,0
0,0,0,0
0,0,0,0
0,0,0,0
0,0,0,0
0,0,0,0
0,0,0,0
0,0,0,0
0,0,0,0
0,0,0,0
0,0,0,0
0,0,0,0
0,0,0,0
0,0,0,0
0,0,0,0
0,0,0,0
0,0,0,0
0,0,0,0
0,0,0,0
0,0,0,0
0,0,0,0
0,0,0,0
0,0,0,0
0,0,0,0
0,0,0,0
0,0,0,0
0,0,0,0
0,0,0,0
0,0,0,0
0,0,0,0
0,0,0,0
0,0,0,0
0,0,0,0
0,0,0,0
0,0,0,0
0,0,0,0
0,0,0,0
0,0,0,0
0,0,0,0
0,0,0,0
0,0,0,0
0,0,0,0
0,0,0,0
0,0,0,0
0,0,0,0
0,0,0,0
0,0,0,0
0,0,0,0
0,0,0,0
0,0,0,0
0,0,0,0
0,0,0,0
0,0,0,0
0,0,0,0
0,0,0,0
0,0,0,0
0,0,0,0
0,0,0,0
0,0,0,0
0,0,0,0
0,0,0,0
0,0,0,0
0,0,0,0
0,0,0,0
0,0,0,0
0,0,0,0
0,0,0,0
0,0,0,0
0,0,0,0
0,0,0,0
0,0,0,0
0,0,0,0
0,0,0,0
0,0,0,0
0,0,0,0
0,0,0,0
0,0,0,0
0,0,0,0
0,0,0,0
0,0,0,0
0,0,0,0
0,0,0,0
0,0,0,0
0,0,0,0
0,0,0,0
0,0,0,0
0,0,0,0
0,0,0,0
0,0,0,0
0,0,0,0
0,0,0,0
0,0,0,0
0,0,0,0
0,0,0,0
0,0,0,0
0,0,0,0
0,0,0,0
0,0,0,0
0,0,0,0
0,0,0,0
0,0,0,0
0,0,0,0
0,0,0,0
0,0,0,0
0,0,0,0
0,0,0,0
0,0,0,0
0,0,0,0
0,0,0,0
0,0,0,0
0,0,0,0
0,0,0,0
0,0,0,0
0,0,0,0
0,0,0,0
0,0,0,0
0,0,0,0
0,0,0,0
0,0,0,0
0,0,0,0
0,0,0,0
0,0,0,0
0,0,0,0
0,0,0,0
0,0,0,0
0,0,0,0
0,0,0,0
0,0,0,0
0,0,0,0
2.0191,2.0191,92.465,92.465
22.811,22.811,1044.7,1044.7
13.011,13.011,595.87,595.87
0,0,0,0
0,0,0,0
0,0,0,0
0,0,0,0
3.1138,3.1138,148.84,148.84
14.465,14.465,691.43,691.43
19.966,19.966,948,948
120.21,120.21,5708,5708
36.542,36.542,1735.1,1735.1
3.7751,3.7751,175.27,175.27
8.6085,8.6085,399.69,399.69
8.263,8.263,379,379
0,0,0,0
0,0,0,0
0,0,0,0
25.386,25.386,1166.3,1166.3
23.63,23.63,1084.6,1084.6
5.5735,5.5735,255.97,255.97
4.0674,4.0674,191.7,191.7
25.078,25.078,1181.9,1181.9
42.753,42.753,1962.8,1962.8
51.985,51.985,2386.6,2386.6
26.122,26.122,1219.2,1219.2
40.474,40.474,1912.4,1912.4
48.2,48.2,2263.5,2263.5
81.18,81.18,3812.3,3812.3
6.9029,6.9029,324.16,324.16
37.023,37.023,1701.6,1701.6
13.209,13.209,607.11,607.11
25.325,25.325,1191.9,1191.9
45.969,45.969,2163.5,2163.5
6.2166,6.2166,286.37,286.37
41.603,41.603,1912.6,1912.6
100.17,100.17,4605.2,4605.2
18.094,18.094,831.76,831.76
43.151,43.151,1989.9,1989.9
100.82,100.82,4695,4695
28.385,28.385,1321.8,1321.8
33.663,33.663,1557.3,1557.3
10.458,10.458,483.84,483.84
16.067,16.067,806.51,806.51
88.156,88.156,4135.5,4135.5
119.77,119.77,5561.3,5561.3
117.21,117.21,5391.3,5391.3
46.849,46.849,2160.4,2160.4
94.073,94.073,4360.1,4360.1
58.818,58.818,2703.8,2703.8
31.537,31.537,1456.8,1456.8
12.765,12.765,589.66,589.66
0,0,0,0
0,0,0,0
0,0,0,0
0,0,0,0
0,0,0,0
0,0,0,0
0,0,0,0
0,0,0,0
0,0,0,0
0,0,0,0
0,0,0,0
0,0,0,0
0,0,0,0
0,0,0,0
0,0,0,0
0,0,0,0
0,0,0,0
0,0,0,0
0,0,0,0
0,0,0,0
0,0,0,0
0,0,0,0
0,0,0,0
0,0,0,0
0,0,0,0
0,0,0,0
0,0,0,0
0,0,0,0
0,0,0,0
0,0,0,0
0,0,0,0
0,0,0,0
0,0,0,0
0,0,0,0
0,0,0,0
0,0,0,0
0,0,0,0
0,0,0,0
0,0,0,0
0,0,0,0
0,0,0,0
0,0,0,0
0,0,0,0
0,0,0,0
0,0,0,0
0,0,0,0
0,0,0,0
0,0,0,0
0,0,0,0
0,0,0,0
0,0,0,0
0,0,0,0
0,0,0,0
0,0,0,0
0,0,0,0
0,0,0,0
0,0,0,0
0,0,0,0
0,0,0,0
0,0,0,0
0,0,0,0
0,0,0,0
0,0,0,0
0,0,0,0
0,0,0,0
0,0,0,0
0,0,0,0
0,0,0,0
0,0,0,0
0,0,0,0
0,0,0,0
0,0,0,0
0,0,0,0
0,0,0,0
0,0,0,0
0,0,0,0
0,0,0,0
0,0,0,0
0,0,0,0
0,0,0,0
0,0,0,0
0,0,0,0
0,0,0,0
0,0,0,0
0,0,0,0
0,0,0,0
0,0,0,0
0,0,0,0
0,0,0,0
0,0,0,0
0,0,0,0
0,0,0,0
0,0,0,0
0,0,0,0
0,0,0,0
0,0,0,0
0,0,0,0
0,0,0,0
0,0,0,0
0,0,0,0
0,0,0,0
0,0,0,0
0,0,0,0
0,0,0,0
0,0,0,0
0,0,0,0
0,0,0,0
0,0,0,0
0,0,0,0
0,0,0,0
0,0,0,0
0,0,0,0
0,0,0,0
0,0,0,0
0,0,0,0
0,0,0,0
0,0,0,0
0,0,0,0
0,0,0,0
0,0,0,0
0,0,0,0
0,0,0,0
0,0,0,0
0,0,0,0
0,0,0,0
0,0,0,0
0,0,0,0
0,0,0,0
0,0,0,0
0,0,0,0
0,0,0,0
0,0,0,0
0,0,0,0
16.369,16.369,749.65,749.65
9.337,9.337,427.59,427.59
0,0,0,0
0,0,0,0
0,0,0,0
0,0,0,0
2.1146,2.1146,101.08,101.08
9.8235,9.8235,469.56,469.56
18.567,18.567,881.61,881.61
111.79,111.79,5308.2,5308.2
33.983,33.983,1613.6,1613.6
2.473,2.473,114.82,114.82
5.6393,5.6393,261.83,261.83
5.5119,5.5119,252.81,252.81
0,0,0,0
0,0,0,0
0,0,0,0
18.739,18.739,860.94,860.94
16.791,16.791,770.68,770.68
3.6523,3.6523,167.74,167.74
5.5094,5.5094,259.66,259.66
33.969,33.969,1601,1601
34.517,34.517,1584.7,1584.7
41.971,41.971,1926.9,1926.9
18.871,18.871,880.8,880.8
30.946,30.946,1462.2,1462.2
41.342,41.342,1941.4,1941.4
69.63,69.63,3269.9,3269.9
6.7962,6.7962,312.35,312.35
48.029,48.029,2207.4,2207.4
17.136,17.136,787.58,787.58
31.604,31.604,1487.4,1487.4
57.367,57.367,2699.9,2699.9
5.2572,5.2572,247.43,247.43
45.626,45.626,2097.6,2097.6
109.86,109.86,5050.5,5050.5
23.101,23.101,1061.9,1061.9
35.167,35.167,1621.7,1621.7
87.905,87.905,4093.6,4093.6
24.749,24.749,1152.5,1152.5
44.226,44.226,2046,2046
13.74,13.74,635.67,635.67
11.022,11.022,553.26,553.26
77.05,77.05,3614.5,3614.5
125.77,125.77,5839.9,5839.9
107.83,107.83,4959.9,4959.9
37.548,37.548,1731.5,1731.5
106.49,106.49,4935.4,4935.4
72.257,72.257,3321.7,3321.7
23.197,23.197,1071.6,1071.6
9.3891,9.3891,433.73,433.73
0,0,0,0
0,0,0,0
0,0,0,0
0,0,0,0
0,0,0,0
0,0,0,0
0,0,0,0
0,0,0,0
0,0,0,0
0,0,0,0
0,0,0,0
0,0,0,0
0,0,0,0
0,0,0,0
0,0,0,0
0,0,0,0
0,0,0,0
0,0,0,0
0,0,0,0
0,0,0,0
0,0,0,0
0,0,0,0
0,0,0,0
0,0,0,0
0,0,0,0
0,0,0,0
0,0,0,0
0,0,0,0
0,0,0,0
0,0,0,0
0,0,0,0
0,0,0,0
0,0,0,0
0,0,0,0
0,0,0,0
0,0,0,0
0,0,0,0
0,0,0,0
0,0,0,0
0,0,0,0
0,0,0,0
0,0,0,0
0,0,0,0
0,0,0,0
0,0,0,0
0,0,0,0
0,0,0,0
0,0,0,0
0,0,0,0
0,0,0,0
0,0,0,0
0,0,0,0
0,0,0,0
0,0,0,0
0,0,0,0
0,0,0,0
0,0,0,0
0,0,0,0
0,0,0,0
0,0,0,0
0,0,0,0
0,0,0,0
0,0,0,0
0,0,0,0
0,0,0,0
0,0,0,0
0,0,0,0
0,0,0,0
0,0,0,0
0,0,0,0
0,0,0,0
0,0,0,0
0,0,0,0
0,0,0,0
0,0,0,0
0,0,0,0
0,0,0,0
0,0,0,0
0,0,0,0
0,0,0,0
0,0,0,0
0,0,0,0
0,0,0,0
0,0,0,0
0,0,0,0
0,0,0,0
0,0,0,0
0,0,0,0
0,0,0,0
0,0,0,0
0,0,0,0
0,0,0,0
0,0,0,0
0,0,0,0
0,0,0,0
0,0,0,0
0,0,0,0
0,0,0,0
0,0,0,0
0,0,0,0
0,0,0,0
0,0,0,0
0,0,0,0
0,0,0,0
0,0,0,0
0,0,0,0
0,0,0,0
0,0,0,0
0,0,0,0
0,0,0,0
0,0,0,0
0,0,0,0
0,0,0,0
0,0,0,0
0,0,0,0
0,0,0,0
0,0,0,0
0,0,0,0
0,0,0,0
0,0,0,0
0,0,0,0
0,0,0,0
0,0,0,0
0,0,0,0
0,0,0,0
0,0,0,0
0,0,0,0
0,0,0,0
0,0,0,0
0,0,0,0
0,0,0,0
0,0,0,0
0,0,0,0
11.382,11.382,521.24,521.24
6.4921,6.4921,297.31,297.31
0,0,0,0
0,0,0,0
0,0,0,0
0,0,0,0
0,0,0,0
6.4641,6.4641,308.98,308.98
16.731,16.731,794.41,794.41
100.74,100.74,4783.2,4783.2
30.622,30.622,1454,1454
1.5697,1.5697,72.881,72.881
3.5796,3.5796,166.2,166.2
3.5626,3.5626,163.41,163.41
0,0,0,0
0,0,0,0
0,0,0,0
13.403,13.403,615.78,615.78
11.701,11.701,537.58,537.58
2.3191,2.3191,106.51,106.51
7.231,7.231,340.8,340.8
44.584,44.584,2101.2,2101.2
27.003,27.003,1239.7,1239.7
32.834,32.834,1507.4,1507.4
13.21,13.21,616.56,616.56
22.926,22.926,1083.2,1083.2
34.359,34.359,1613.5,1613.5
57.869,57.869,2717.5,2717.5
8.5428,8.5428,392.62,392.62
60.372,60.372,2774.7,2774.7
21.54,21.54,989.97,989.97
38.216,38.216,1798.6,1798.6
69.369,69.369,3264.8,3264.8
6.3571,6.3571,299.19,299.19
48.484,48.484,2229,2229
116.74,116.74,5366.9,5366.9
28.579,28.579,1313.7,1313.7
27.77,27.77,1280.6,1280.6
74.265,74.265,3458.4,3458.4
20.909,20.909,973.68,973.68
56.301,56.301,2604.6,2604.6
17.492,17.492,809.22,809.22
7.3264,7.3264,367.75,367.75
65.252,65.252,3061.1,3061.1
127.97,127.97,5942.1,5942.1
96.122,96.122,4421.3,4421.3
30.155,30.155,1387,1387
116.79,116.79,5413.2,5413.2
86.012,86.012,3954,3954
22.039,22.039,1013.1,1013.1
6.6917,6.6917,309.12,309.12
0,0,0,0
0,0,0,0
0,0,0,0
0,0,0,0
0,0,0,0
0,0,0,0
0,0,0,0
0,0,0,0
0,0,0,0
0,0,0,0
0,0,0,0
0,0,0,0
0,0,0,0
0,0,0,0
0,0,0,0
0,0,0,0
0,0,0,0
0,0,0,0
0,0,0,0
0,0,0,0
0,0,0,0
0,0,0,0
0,0,0,0
0,0,0,0
0,0,0,0
0,0,0,0
0,0,0,0
0,0,0,0
0,0,0,0
0,0,0,0
0,0,0,0
0,0,0,0
0,0,0,0
0,0,0,0
0,0,0,0
0,0,0,0
0,0,0,0
0,0,0,0
0,0,0,0
0,0,0,0
0,0,0,0
0,0,0,0
0,0,0,0
0,0,0,0
0,0,0,0
0,0,0,0
0,0,0,0
0,0,0,0
0,0,0,0
0,0,0,0
0,0,0,0
0,0,0,0
0,0,0,0
0,0,0,0
0,0,0,0
0,0,0,0
0,0,0,0
0,0,0,0
0,0,0,0
0,0,0,0
0,0,0,0
0,0,0,0
0,0,0,0
0,0,0,0
0,0,0,0
0,0,0,0
0,0,0,0
0,0,0,0
0,0,0,0
0,0,0,0
0,0,0,0
0,0,0,0
0,0,0,0
0,0,0,0
0,0,0,0
0,0,0,0
0,0,0,0
0,0,0,0
0,0,0,0
0,0,0,0
0,0,0,0
0,0,0,0
0,0,0,0
0,0,0,0
0,0,0,0
0,0,0,0
0,0,0,0
0,0,0,0
0,0,0,0
0,0,0,0
0,0,0,0
0,0,0,0
0,0,0,0
0,0,0,0
0,0,0,0
0,0,0,0
0,0,0,0
0,0,0,0
0,0,0,0
0,0,0,0
0,0,0,0
0,0,0,0
0,0,0,0
0,0,0,0
0,0,0,0
0,0,0,0
0,0,0,0
0,0,0,0
0,0,0,0
0,0,0,0
0,0,0,0
0,0,0,0
0,0,0,0
0,0,0,0
0,0,0,0
0,0,0,0
0,0,0,0
0,0,0,0
0,0,0,0
0,0,0,0
0,0,0,0
0,0,0,0
0,0,0,0
0,0,0,0
0,0,0,0
0,0,0,0
0,0,0,0
0,0,0,0
0,0,0,0
0,0,0,0
0,0,0,0
0,0,0,0
0,0,0,0
7.6683,7.6683,351.17,351.17
4.3739,4.3739,200.31,200.31
0,0,0,0
0,0,0,0
0,0,0,0
0,0,0,0
0,0,0,0
4.1215,4.1215,197,197
14.608,14.608,693.61,693.61
87.955,87.955,4176.3,4176.3
26.737,26.737,1269.5,1269.5
0,0,0,0
2.2016,2.2016,102.22,102.22
2.2312,2.2312,102.34,102.34
0,0,0,0
0,0,0,0
0,0,0,0
9.2887,9.2887,426.75,426.75
8.1091,8.1091,372.56,372.56
0,0,0,0
9.1958,9.1958,433.4,433.4
56.698,56.698,2672.2,2672.2
20.468,20.468,939.69,939.69
24.888,24.888,1142.6,1142.6
9.3153,9.3153,440.14,440.14
16.457,16.457,777.58,777.58
27.668,27.668,1299.3,1299.3
46.601,46.601,2188.4,2188.4
10.405,10.405,478.2,478.2
73.531,73.531,3379.5,3379.5
26.235,26.235,1205.7,1205.7
44.777,44.777,2107.4,2107.4
81.278,81.278,3825.3,3825.3
7.4485,7.4485,350.56,350.56
49.922,49.922,2295.1,2295.1
120.2,120.2,5526.1,5526.1
34.257,34.257,1574.8,1574.8
21.249,21.249,979.88,979.88
60.794,60.794,2831.1,2831.1
17.116,17.116,797.06,797.06
69.447,69.447,3212.8,3212.8
21.576,21.576,998.17,998.17
4.7187,4.7187,236.85,236.85
53.545,53.545,2511.9,2511.9
126.16,126.16,5858.4,5858.4
83.023,83.023,3818.8,3818.8
26.046,26.046,1198,1198
124.12,124.12,5752.9,5752.9
99.205,99.205,4560.5,4560.5
25.42,25.42,1168.5,1168.5
4.6212,4.6212,213.47,213.47
0,0,0,0
0,0,0,0
0,0,0,0
0,0,0,0
0,0,0,0
0,0,0,0
0,0,0,0
0,0,0,0
0,0,0,0
0,0,0,0
0,0,0,0
0,0,0,0
0,0,0,0
0,0,0,0
0,0,0,0
0,0,0,0
0,0,0,0
0,0,0,0
0,0,0,0
0,0,0,0
0,0,0,0
0,0,0,0
0,0,0,0
0,0,0,0
0,0,0,0
0,0,0,0
0,0,0,0
0,0,0,0
0,0,0,0
0,0,0,0
0,0,0,0
0,0,0,0
0,0,0,0
0,0,0,0
0,0,0,0
0,0,0,0
0,0,0,0
0,0,0,0
0,0,0,0
0,0,0,0
0,0,0,0
0,0,0,0
0,0,0,0
0,0,0,0
0,0,0,0
0,0,0,0
0,0,0,0
0,0,0,0
0,0,0,0
0,0,0,0
0,0,0,0
0,0,0,0
0,0,0,0
0,0,0,0
0,0,0,0
0,0,0,0
0,0,0,0
0,0,0,0
0,0,0,0
0,0,0,0
0,0,0,0
0,0,0,0
0,0,0,0
0,0,0,0
0,0,0,0
0,0,0,0
0,0,0,0
0,0,0,0
0,0,0,0
0,0,0,0
0,0,0,0
0,0,0,0
0,0,0,0
0,0,0,0
0,0,0,0
0,0,0,0
0,0,0,0
0,0,0,0
0,0,0,0
0,0,0,0
0,0,0,0
0,0,0,0
0,0,0,0
0,0,0,0
0,0,0,0
0,0,0,0
0,0,0,0
0,0,0,0
0,0,0,0
0,0,0,0
0,0,0,0
0,0,0,0
0,0,0,0
0,0,0,0
0,0,0,0
0,0,0,0
0,0,0,0
0,0,0,0
0,0,0,0
0,0,0,0
0,0,0,0
0,0,0,0
0,0,0,0
0,0,0,0
0,0,0,0
0,0,0,0
0,0,0,0
0,0,0,0
0,0,0,0
0,0,0,0
0,0,0,0
0,0,0,0
0,0,0,0
0,0,0,0
0,0,0,0
0,0,0,0
0,0,0,0
0,0,0,0
0,0,0,0
0,0,0,0
0,0,0,0
0,0,0,0
0,0,0,0
0,0,0,0
0,0,0,0
0,0,0,0
0,0,0,0
0,0,0,0
0,0,0,0
0,0,0,0
0,0,0,0
0,0,0,0
0,0,0,0
5.0059,5.0059,229.25,229.25
2.8553,2.8553,130.76,130.76
0,0,0,0
0,0,0,0
0,0,0,0
0,0,0,0
0,0,0,0
2.5462,2.5462,121.71,121.71
12.358,12.358,586.8,586.8
74.41,74.41,3533.2,3533.2
22.619,22.619,1074,1074
0,0,0,0
0,0,0,0
0,0,0,0
0,0,0,0
0,0,0,0
0,0,0,0
6.2375,6.2375,286.57,286.57
5.4454,5.4454,250.18,250.18
0,0,0,0
11.331,11.331,534.05,534.05
69.865,69.865,3292.7,3292.7
21.748,21.748,1025,1025
18.28,18.28,839.22,839.22
6.4793,6.4793,306.14,306.14
11.447,11.447,540.85,540.85
21.589,21.589,1013.8,1013.8
36.362,36.362,1707.6,1707.6
12.279,12.279,564.35,564.35
86.777,86.777,3988.2,3988.2
30.961,30.961,1423,1423
50.835,50.835,2392.5,2392.5
92.275,92.275,4342.9,4342.9
8.4562,8.4562,397.98,397.98
49.806,49.806,2289.8,2289.8
119.92,119.92,5513.3,5513.3
39.789,39.789,1829.1,1829.1
15.754,15.754,726.48,726.48
48.221,48.221,2245.6,2245.6
13.576,13.576,632.22,632.22
83.003,83.003,3839.9,3839.9
25.788,25.788,1193,1193
3.6901,3.6901,173.11,173.11
42.574,42.574,1997.2,1997.2
120.52,120.52,5596.5,5596.5
69.483,69.483,3196,3196
25.787,25.787,1195.2,1195.2
127.82,127.82,5924,5924
110.87,110.87,5096.7,5096.7
28.409,28.409,1305.9,1305.9
3.0922,3.0922,142.84,142.84
0,0,0,0
0,0,0,0
0,0,0,0
0,0,0,0
0,0,0,0
0,0,0,0
0,0,0,0
0,0,0,0
0,0,0,0
0,0,0,0
0,0,0,0
0,0,0,0
0,0,0,0
0,0,0,0
0,0,0,0
0,0,0,0
0,0,0,0
0,0,0,0
0,0,0,0
0,0,0,0
0,0,0,0
0,0,0,0
0,0,0,0
0,0,0,0
0,0,0,0
0,0,0,0
0,0,0,0
0,0,0,0
0,0,0,0
0,0,0,0
0,0,0,0
0,0,0,0
0,0,0,0
0,0,0,0
0,0,0,0
0,0,0,0
0,0,0,0
0,0,0,0
0,0,0,0
0,0,0,0
0,0,0,0
0,0,0,0
0,0,0,0
0,0,0,0
0,0,0,0
0,0,0,0
0,0,0,0
0,0,0,0
0,0,0,0
0,0,0,0
0,0,0,0
0,0,0,0
0,0,0,0
0,0,0,0
0,0,0,0
0,0,0,0
0,0,0,0
0,0,0,0
0,0,0,0
0,0,0,0
0,0,0,0
0,0,0,0
0,0,0,0
0,0,0,0
0,0,0,0
0,0,0,0
0,0,0,0
0,0,0,0
0,0,0,0
0,0,0,0
0,0,0,0
0,0,0,0
0,0,0,0
0,0,0,0
0,0,0,0
0,0,0,0
0,0,0,0
0,0,0,0
0,0,0,0
0,0,0,0
0,0,0,0
0,0,0,0
0,0,0,0
0,0,0,0
0,0,0,0
0,0,0,0
0,0,0,0
0,0,0,0
0,0,0,0
0,0,0,0
0,0,0,0
0,0,0,0
0,0,0,0
0,0,0,0
0,0,0,0
0,0,0,0
0,0,0,0
0,0,0,0
0,0,0,0
0,0,0,0
0,0,0,0
0,0,0,0
0,0,0,0
0,0,0,0
0,0,0,0
0,0,0,0
0,0,0,0
0,0,0,0
0,0,0,0
0,0,0,0
0,0,0,0
0,0,0,0
0,0,0,0
0,0,0,0
0,0,0,0
0,0,0,0
0,0,0,0
0,0,0,0
0,0,0,0
0,0,0,0
0,0,0,0
0,0,0,0
0,0,0,0
0,0,0,0
0,0,0,0
0,0,0,0
0,0,0,0
0,0,0,0
0,0,0,0
0,0,0,0
0,0,0,0
0,0,0,0
0,0,0,0
3.1664,3.1664,145.01,145.01
1.8061,1.8061,82.712,82.712
0,0,0,0
0,0,0,0
0,0,0,0
0,0,0,0
0,0,0,0
1.5242,1.5242,72.856,72.856
10.131,10.131,481.02,481.02
60.997,60.997,2896.3,2896.3
18.542,18.542,880.4,880.4
0,0,0,0
0,0,0,0
0,0,0,0
0,0,0,0
0,0,0,0
0,0,0,0
4.0585,4.0585,186.46,186.46
3.5431,3.5431,162.78,162.78
0,0,0,0
13.529,13.529,637.64,637.64
83.418,83.418,3931.5,3931.5
25.966,25.966,1223.8,1223.8
13.009,13.009,597.25,597.25
4.3667,4.3667,206.33,206.33
7.7145,7.7145,364.51,364.51
16.323,16.323,766.52,766.52
27.491,27.491,1291,1291
14.041,14.041,645.33,645.33
99.229,99.229,4560.6,4560.6
35.404,35.404,1627.2,1627.2
55.921,55.921,2631.9,2631.9
101.51,101.51,4777.3,4777.3
9.3022,9.3022,437.8,437.8
48.148,48.148,2213.5,2213.5
115.93,115.93,5329.8,5329.8
44.779,44.779,2058.4,2058.4
11.317,11.317,521.89,521.89
37.061,37.061,1725.9,1725.9
15.62,15.62,722.64,722.64
96.125,96.125,4447,4447
29.864,29.864,1381.6,1381.6
2.8429,2.8429,133.37,133.37
32.8,32.8,1538.7,1538.7
111.56,111.56,5180.3,5180.3
56.346,56.346,2591.7,2591.7
25.73,25.73,1192.5,1192.5
127.53,127.53,5910.9,5910.9
120.06,120.06,5519.1,5519.1
30.763,30.763,1414.2,1414.2
2.0049,2.0049,92.616,92.616
0,0,0,0
0,0,0,0
0,0,0,0
0,0,0,0
0,0,0,0
0,0,0,0
0,0,0,0
0,0,0,0
0,0,0,0
0,0,0,0
0,0,0,0
0,0,0,0
0,0,0,0
0,0,0,0
0,0,0,0
0,0,0,0
0,0,0,0
0,0,0,0
0,0,0,0
0,0,0,0
0,0,0,0
0,0,0,0
0,0,0,0
0,0,0,0
0,0,0,0
0,0,0,0
0,0,0,0
0,0,0,0
0,0,0,0
0,0,0,0
0,0,0,0
0,0,0,0
0,0,0,0
0,0,0,0
0,0,0,0
0,0,0,0
0,0,0,0
0,0,0,0
0,0,0,0
0,0,0,0
0,0,0,0
0,0,0,0
0,0,0,0
0,0,0,0
0,0,0,0
0,0,0,0
0,0,0,0
0,0,0,0
0,0,0,0
0,0,0,0
0,0,0,0
0,0,0,0
0,0,0,0
0,0,0,0
0,0,0,0
0,0,0,0
0,0,0,0
0,0,0,0
0,0,0,0
0,0,0,0
0,0,0,0
0,0,0,0
0,0,0,0
0,0,0,0
0,0,0,0
0,0,0,0
0,0,0,0
0,0,0,0
0,0,0,0
0,0,0,0
0,0,0,0
0,0,0,0
0,0,0,0
0,0,0,0
0,0,0,0
0,0,0,0
0,0,0,0
0,0,0,0
0,0,0,0
0,0,0,0
0,0,0,0
0,0,0,0
0,0,0,0
0,0,0,0
0,0,0,0
0,0,0,0
0,0,0,0
0,0,0,0
0,0,0,0
0,0,0,0
0,0,0,0
0,0,0,0
0,0,0,0
0,0,0,0
0,0,0,0
0,0,0,0
0,0,0,0
0,0,0,0
0,0,0,0
0,0,0,0
0,0,0,0
0,0,0,0
0,0,0,0
0,0,0,0
0,0,0,0
0,0,0,0
0,0,0,0
0,0,0,0
0,0,0,0
0,0,0,0
0,0,0,0
0,0,0,0
0,0,0,0
0,0,0,0
0,0,0,0
0,0,0,0
0,0,0,0
0,0,0,0
0,0,0,0
0,0,0,0
0,0,0,0
0,0,0,0
0,0,0,0
0,0,0,0
0,0,0,0
0,0,0,0
0,0,0,0
0,0,0,0
0,0,0,0
0,0,0,0
0,0,0,0
0,0,0,0
0,0,0,0
1.9407,1.9407,88.877,88.877
0,0,0,0
0,0,0,0
0,0,0,0
0,0,0,0
0,0,0,0
0,0,0,0
0,0,0,0
8.0467,8.0467,382.07,382.07
48.449,48.449,2300.5,2300.5
14.728,14.728,699.29,699.29
0,0,0,0
0,0,0,0
0,0,0,0
0,0,0,0
0,0,0,0
0,0,0,0
2.5587,2.5587,117.56,117.56
2.2338,2.2338,102.63,102.63
0,0,0,0
15.652,15.652,737.69,737.69
96.507,96.507,4548.4,4548.4
30.041,30.041,1415.8,1415.8
8.9708,8.9708,411.85,411.85
2.8516,2.8516,134.74,134.74
5.0378,5.0378,238.03,238.03
11.958,11.958,561.54,561.54
20.14,20.14,945.77,945.77
15.558,15.558,715.03,715.03
109.95,109.95,5053.1,5053.1
39.227,39.227,1802.9,1802.9
59.606,59.606,2805.3,2805.3
108.2,108.2,5092.1,5092.1
9.9152,9.9152,466.65,466.65
45.1,45.1,2073.4,2073.4
109.66,109.66,5040.8,5040.8
48.83,48.83,2244.7,2244.7
7.8776,7.8776,363.27,363.27
27.599,27.599,1285.3,1285.3
17.528,17.528,810.89,810.89
107.86,107.86,4990.1,4990.1
33.512,33.512,1550.3,1550.3
2.1222,2.1222,99.557,99.557
25.985,25.985,1206.6,1206.6
100.06,100.06,4646.2,4646.2
44.274,44.274,2036.5,2036.5
24.875,24.875,1152.9,1152.9
123.3,123.3,5714.6,5714.6
125.97,125.97,5791,5791
32.279,32.279,1483.9,1483.9
0,0,0,0
0,0,0,0
0,0,0,0
0,0,0,0
0,0,0,0
0,0,0,0
0,0,0,0
0,0,0,0
0,0,0,0
0,0,0,0
0,0,0,0
0,0,0,0
0,0,0,0
0,0,0,0
0,0,0,0
0,0,0,0
0,0,0,0
0,0,0,0
0,0,0,0
0,0,0,0
0,0,0,0
0,0,0,0
0,0,0,0
0,0,0,0
0,0,0,0
0,0,0,0
0,0,0,0
0,0,0,0
0,0,0,0
0,0,0,0
0,0,0,0
0,0,0,0
0,0,0,0
0,0,0,0
0,0,0,0
0,0,0,0
0,0,0,0
0,0,0,0
0,0,0,0
0,0,0,0
0,0,0,0
0,0,0,0
0,0,0,0
0,0,0,0
0,0,0,0
0,0,0,0
0,0,0,0
0,0,0,0
0,0,0,0
0,0,0,0
0,0,0,0
0,0,0,0
0,0,0,0
0,0,0,0
0,0,0,0
0,0,0,0
0,0,0,0
0,0,0,0
0,0,0,0
0,0,0,0
0,0,0,0
0,0,0,0
0,0,0,0
0,0,0,0
0,0,0,0
0,0,0,0
0,0,0,0
0,0,0,0
0,0,0,0
0,0,0,0
0,0,0,0
0,0,0,0
0,0,0,0
0,0,0,0
0,0,0,0
0,0,0,0
0,0,0,0
0,0,0,0
0,0,0,0
0,0,0,0
0,0,0,0
0,0,0,0
0,0,0,0
0,0,0,0
0,0,0,0
0,0,0,0
0,0,0,0
0,0,0,0
0,0,0,0
0,0,0,0
0,0,0,0
0,0,0,0
0,0,0,0
0,0,0,0
0,0,0,0
0,0,0,0
0,0,0,0
0,0,0,0
0,0,0,0
0,0,0,0
0,0,0,0
0,0,0,0
0,0,0,0
0,0,0,0
0,0,0,0
0,0,0,0
0,0,0,0
0,0,0,0
0,0,0,0
0,0,0,0
0,0,0,0
0,0,0,0
0,0,0,0
0,0,0,0
0,0,0,0
0,0,0,0
0,0,0,0
0,0,0,0
0,0,0,0
0,0,0,0
0,0,0,0
0,0,0,0
0,0,0,0
0,0,0,0
0,0,0,0
0,0,0,0
0,0,0,0
0,0,0,0
0,0,0,0
0,0,0,0
0,0,0,0
0,0,0,0
0,0,0,0
0,0,0,0
0,0,0,0
0,0,0,0
0,0,0,0
0,0,0,0
0,0,0,0
0,0,0,0
0,0,0,0
0,0,0,0
6.1929,6.1929,294.05,294.05
37.288,37.288,1770.5,1770.5
11.335,11.335,538.19,538.19
0,0,0,0
0,0,0,0
0,0,0,0
0,0,0,0
0,0,0,0
0,0,0,0
1.5631,1.5631,71.815,71.815
0,0,0,0
0,0,0,0
17.546,17.546,826.95,826.95
108.18,108.18,5098.7,5098.7
33.675,33.675,1587.1,1587.1
5.994,5.994,275.18,275.18
1.8044,1.8044,85.255,85.255
3.1877,3.1877,150.62,150.62
8.4879,8.4879,398.6,398.6
14.296,14.296,671.34,671.34
16.703,16.703,767.65,767.65
118.04,118.04,5425,5425
42.114,42.114,1935.6,1935.6
61.561,61.561,2897.3,2897.3
111.74,111.74,5259.1,5259.1
10.24,10.24,481.95,481.95
40.934,40.934,1881.9,1881.9
115.86,115.86,5326.2,5326.2
51.595,51.595,2371.8,2371.8
5.3132,5.3132,245.02,245.02
19.915,19.915,927.42,927.42
19.058,19.058,881.67,881.67
117.28,117.28,5425.7,5425.7
36.437,36.437,1685.7,1685.7
1.5351,1.5351,72.012,72.012
22.582,22.582,1048.6,1048.6
86.955,86.955,4037.7,4037.7
33.708,33.708,1550.5,1550.5
23.303,23.303,1080.1,1080.1
115.5,115.5,5353.4,5353.4
128.08,128.08,5887.6,5887.6
32.817,32.817,1508.6,1508.6
0,0,0,0
0,0,0,0
0,0,0,0
0,0,0,0
0,0,0,0
0,0,0,0
0,0,0,0
0,0,0,0
0,0,0,0
0,0,0,0
0,0,0,0
0,0,0,0
0,0,0,0
0,0,0,0
0,0,0,0
0,0,0,0
0,0,0,0
0,0,0,0
0,0,0,0
0,0,0,0
0,0,0,0
0,0,0,0
0,0,0,0
0,0,0,0
0,0,0,0
0,0,0,0
0,0,0,0
0,0,0,0
0,0,0,0
0,0,0,0
0,0,0,0
0,0,0,0
0,0,0,0
0,0,0,0
0,0,0,0
0,0,0,0
0,0,0,0
0,0,0,0
0,0,0,0
0,0,0,0
0,0,0,0
0,0,0,0
0,0,0,0
0,0,0,0
0,0,0,0
0,0,0,0
0,0,0,0
0,0,0,0
0,0,0,0
0,0,0,0
0,0,0,0
0,0,0,0
0,0,0,0
0,0,0,0
0,0,0,0
0,0,0,0
0,0,0,0
0,0,0,0
0,0,0,0
0,0,0,0
0,0,0,0
0,0,0,0
0,0,0,0
0,0,0,0
0,0,0,0
0,0,0,0
0,0,0,0
0,0,0,0
0,0,0,0
0,0,0,0
0,0,0,0
0,0,0,0
0,0,0,0
0,0,0,0
0,0,0,0
0,0,0,0
0,0,0,0
0,0,0,0
0,0,0,0
0,0,0,0
0,0,0,0
0,0,0,0
0,0,0,0
0,0,0,0
0,0,0,0
0,0,0,0
0,0,0,0
0,0,0,0
0,0,0,0
0,0,0,0
0,0,0,0
0,0,0,0
0,0,0,0
0,0,0,0
0,0,0,0
0,0,0,0
0,0,0,0
0,0,0,0
0,0,0,0
0,0,0,0
0,0,0,0
0,0,0,0
0,0,0,0
0,0,0,0
0,0,0,0
0,0,0,0
0,0,0,0
0,0,0,0
0,0,0,0
0,0,0,0
0,0,0,0
0,0,0,0
0,0,0,0
0,0,0,0
0,0,0,0
0,0,0,0
0,0,0,0
0,0,0,0
0,0,0,0
0,0,0,0
0,0,0,0
0,0,0,0
0,0,0,0
0,0,0,0
0,0,0,0
0,0,0,0
0,0,0,0
0,0,0,0
0,0,0,0
0,0,0,0
0,0,0,0
0,0,0,0
0,0,0,0
0,0,0,0
0,0,0,0
0,0,0,0
0,0,0,0
0,0,0,0
0,0,0,0
0,0,0,0
0,0,0,0
0,0,0,0
4.6182,4.6182,219.28,219.28
27.807,27.807,1320.3,1320.3
8.4527,8.4527,401.35,401.35
0,0,0,0
0,0,0,0
0,0,0,0
0,0,0,0
0,0,0,0
0,0,0,0
0,0,0,0
0,0,0,0
0,0,0,0
19.058,19.058,898.22,898.22
117.51,117.51,5538.1,5538.1
36.577,36.577,1723.9,1723.9
3.8806,3.8806,178.16,178.16
0,0,0,0
1.9544,1.9544,92.345,92.345
5.838,5.838,274.15,274.15
9.8326,9.8326,461.74,461.74
17.375,17.375,798.56,798.56
122.79,122.79,5643.4,5643.4
43.81,43.81,2013.5,2013.5
61.606,61.606,2899.4,2899.4
111.83,111.83,5263,5263
10.248,10.248,482.31,482.31
35.998,35.998,1655,1655
118.62,118.62,5453,5453
52.823,52.823,2428.2,2428.2
3.4723,3.4723,160.12,160.12
13.924,13.924,648.43,648.43
20.078,20.078,928.87,928.87
123.56,123.56,5716.1,5716.1
38.388,38.388,1775.9,1775.9
0,0,0,0
19.016,19.016,882.99,882.99
73.221,73.221,3400,3400
24.867,24.867,1143.8,1143.8
21.152,21.152,980.36,980.36
104.84,104.84,4859.3,4859.3
126.17,126.17,5800,5800
32.329,32.329,1486.2,1486.2
0,0,0,0
0,0,0,0
0,0,0,0
0,0,0,0
0,0,0,0
0,0,0,0
0,0,0,0
0,0,0,0
0,0,0,0
0,0,0,0
0,0,0,0
0,0,0,0
0,0,0,0
0,0,0,0
0,0,0,0
0,0,0,0
0,0,0,0
0,0,0,0
0,0,0,0
0,0,0,0
0,0,0,0
0,0,0,0
0,0,0,0
0,0,0,0
0,0,0,0
0,0,0,0
0,0,0,0
0,0,0,0
0,0,0,0
0,0,0,0
0,0,0,0
0,0,0,0
0,0,0,0
0,0,0,0
0,0,0,0
0,0,0,0
0,0,0,0
0,0,0,0
0,0,0,0
0,0,0,0
0,0,0,0
0,0,0,0
0,0,0,0
0,0,0,0
0,0,0,0
0,0,0,0
0,0,0,0
0,0,0,0
0,0,0,0
0,0,0,0
0,0,0,0
0,0,0,0
0,0,0,0
0,0,0,0
0,0,0,0
0,0,0,0
0,0,0,0
0,0,0,0
0,0,0,0
0,0,0,0
0,0,0,0
0,0,0,0
0,0,0,0
0,0,0,0
0,0,0,0
0,0,0,0
0,0,0,0
0,0,0,0
0,0,0,0
0,0,0,0
0,0,0,0
0,0,0,0
0,0,0,0
0,0,0,0
0,0,0,0
0,0,0,0
0,0,0,0
0,0,0,0
0,0,0,0
0,0,0,0
0,0,0,0
0,0,0,0
0,0,0,0
0,0,0,0
0,0,0,0
0,0,0,0
0,0,0,0
0,0,0,0
0,0,0,0
0,0,0,0
0,0,0,0
0,0,0,0
0,0,0,0
0,0,0,0
0,0,0,0
0,0,0,0
0,0,0,0
0,0,0,0
0,0,0,0
0,0,0,0
0,0,0,0
0,0,0,0
0,0,0,0
0,0,0,0
0,0,0,0
0,0,0,0
0,0,0,0
0,0,0,0
0,0,0,0
0,0,0,0
0,0,0,0
0,0,0,0
0,0,0,0
0,0,0,0
0,0,0,0
0,0,0,0
0,0,0,0
0,0,0,0
0,0,0,0
0,0,0,0
0,0,0,0
0,0,0,0
0,0,0,0
0,0,0,0
0,0,0,0
0,0,0,0
0,0,0,0
0,0,0,0
0,0,0,0
0,0,0,0
0,0,0,0
0,0,0,0
0,0,0,0
0,0,0,0
0,0,0,0
0,0,0,0
0,0,0,0
0,0,0,0
0,0,0,0
0,0,0,0
0,0,0,0
0,0,0,0
3.337,3.337,158.45,158.45
20.092,20.092,954.03,954.03
6.1077,6.1077,290,290
0,0,0,0
0,0,0,0
0,0,0,0
0,0,0,0
0,0,0,0
0,0,0,0
0,0,0,0
0,0,0,0
0,0,0,0
20.058,20.058,945.34,945.34
123.67,123.67,5828.6,5828.6
38.496,38.496,1814.3,1814.3
2.4344,2.4344,111.76,111.76
0,0,0,0
0,0,0,0
3.8907,3.8907,182.71,182.71
6.5529,6.5529,307.73,307.73
17.514,17.514,804.92,804.92
123.77,123.77,5688.4,5688.4
44.159,44.159,2029.5,2029.5
59.737,59.737,2811.5,2811.5
108.43,108.43,5103.3,5103.3
9.9369,9.9369,467.67,467.67
30.675,30.675,1410.2,1410.2
117.68,117.68,5409.5,5409.5
52.401,52.401,2408.9,2408.9
2.1988,2.1988,101.4,101.4
9.4332,9.4332,439.29,439.29
20.496,20.496,948.21,948.21
126.13,126.13,5835.2,5835.2
39.187,39.187,1812.9,1812.9
0,0,0,0
15.515,15.515,720.45,720.45
59.743,59.743,2774.2,2774.2
17.775,17.775,817.61,817.61
18.604,18.604,862.24,862.24
92.21,92.21,4273.8,4273.8
120.43,120.43,5536.3,5536.3
30.859,30.859,1418.6,1418.6
0,0,0,0
0,0,0,0
0,0,0,0
0,0,0,0
0,0,0,0
0,0,0,0
0,0,0,0
0,0,0,0
0,0,0,0
0,0,0,0
0,0,0,0
0,0,0,0
0,0,0,0
0,0,0,0
0,0,0,0
0,0,0,0
0,0,0,0
0,0,0,0
0,0,0,0
0,0,0,0
0,0,0,0
0,0,0,0
0,0,0,0
0,0,0,0
0,0,0,0
0,0,0,0
0,0,0,0
0,0,0,0
0,0,0,0
0,0,0,0
0,0,0,0
0,0,0,0
0,0,0,0
0,0,0,0
0,0,0,0
0,0,0,0
0,0,0,0
0,0,0,0
0,0,0,0
0,0,0,0
0,0,0,0
0,0,0,0
0,0,0,0
0,0,0,0
0,0,0,0
0,0,0,0
0,0,0,0
0,0,0,0
0,0,0,0
0,0,0,0
0,0,0,0
0,0,0,0
0,0,0,0
0,0,0,0
0,0,0,0
0,0,0,0
0,0,0,0
0,0,0,0
0,0,0,0
0,0,0,0
0,0,0,0
0,0,0,0
0,0,0,0
0,0,0,0
0,0,0,0
0,0,0,0
0,0,0,0
0,0,0,0
0,0,0,0
0,0,0,0
0,0,0,0
0,0,0,0
0,0,0,0
0,0,0,0
0,0,0,0
0,0,0,0
0,0,0,0
0,0,0,0
0,0,0,0
0,0,0,0
0,0,0,0
0,0,0,0
0,0,0,0
0,0,0,0
0,0,0,0
0,0,0,0
0,0,0,0
0,0,0,0
0,0,0,0
0,0,0,0
0,0,0,0
0,0,0,0
0,0,0,0
0,0,0,0
0,0,0,0
0,0,0,0
0,0,0,0
0,0,0,0
0,0,0,0
0,0,0,0
0,0,0,0
0,0,0,0
0,0,0,0
0,0,0,0
0,0,0,0
0,0,0,0
0,0,0,0
0,0,0,0
0,0,0,0
0,0,0,0
0,0,0,0
0,0,0,0
0,0,0,0
0,0,0,0
0,0,0,0
0,0,0,0
0,0,0,0
0,0,0,0
0,0,0,0
0,0,0,0
0,0,0,0
0,0,0,0
0,0,0,0
0,0,0,0
0,0,0,0
0,0,0,0
0,0,0,0
0,0,0,0
0,0,0,0
0,0,0,0
0,0,0,0
0,0,0,0
0,0,0,0
0,0,0,0
0,0,0,0
0,0,0,0
0,0,0,0
0,0,0,0
0,0,0,0
0,0,0,0
0,0,0,0
0,0,0,0
2.3364,2.3364,110.94,110.94
14.068,14.068,667.95,667.95
4.2763,4.2763,203.04,203.04
0,0,0,0
0,0,0,0
0,0,0,0
0,0,0,0
0,0,0,0
0,0,0,0
0,0,0,0
0,0,0,0
0,0,0,0
20.455,20.455,964.04,964.04
126.12,126.12,5943.9,5943.9
39.258,39.258,1850.2,1850.2
1.4797,1.4797,67.933,67.933
0,0,0,0
0,0,0,0
2.5124,2.5124,117.98,117.98
4.2315,4.2315,198.71,198.71
17.105,17.105,786.14,786.14
120.88,120.88,5555.7,5555.7
43.129,43.129,1982.2,1982.2
56.126,56.126,2641.5,2641.5
101.88,101.88,4794.8,4794.8
9.3363,9.3363,439.41,439.41
25.327,25.327,1164.4,1164.4
113.11,113.11,5199.7,5199.7
50.369,50.369,2315.4,2315.4
0,0,0,0
6.1923,6.1923,288.36,288.36
20.273,20.273,937.9,937.9
124.76,124.76,5771.7,5771.7
38.761,38.761,1793.2,1793.2
0,0,0,0
12.266,12.266,569.58,569.58
47.232,47.232,2193.2,2193.2
12.312,12.312,566.29,566.29
15.854,15.854,734.81,734.81
78.582,78.582,3642.2,3642.2
111.39,111.39,5120.5,5120.5
28.541,28.541,1312,1312
0,0,0,0
0,0,0,0
0,0,0,0
0,0,0,0
0,0,0,0
0,0,0,0
0,0,0,0
0,0,0,0
0,0,0,0
0,0,0,0
0,0,0,0
0,0,0,0
0,0,0,0
0,0,0,0
0,0,0,0
0,0,0,0
0,0,0,0
0,0,0,0
0,0,0,0
0,0,0,0
0,0,0,0
0,0,0,0
0,0,0,0
0,0,0,0
0,0,0,0
0,0,0,0
0,0,0,0
0,0,0,0
0,0,0,0
0,0,0,0
0,0,0,0
0,0,0,0
0,0,0,0
0,0,0,0
0,0,0,0
0,0,0,0
0,0,0,0
0,0,0,0
0,0,0,0
0,0,0,0
0,0,0,0
0,0,0,0
0,0,0,0
0,0,0,0
0,0,0,0
0,0,0,0
0,0,0,0
0,0,0,0
0,0,0,0
0,0,0,0
0,0,0,0
0,0,0,0
0,0,0,0
0,0,0,0
0,0,0,0
0,0,0,0
0,0,0,0
0,0,0,0
0,0,0,0
0,0,0,0
0,0,0,0
0,0,0,0
0,0,0,0
0,0,0,0
0,0,0,0
0,0,0,0
0,0,0,0
0,0,0,0
0,0,0,0
0,0,0,0
0,0,0,0
0,0,0,0
0,0,0,0
0,0,0,0
0,0,0,0
0,0,0,0
0,0,0,0
0,0,0,0
0,0,0,0
0,0,0,0
0,0,0,0
0,0,0,0
0,0,0,0
0,0,0,0
0,0,0,0
0,0,0,0
0,0,0,0
0,0,0,0
0,0,0,0
0,0,0,0
0,0,0,0
0,0,0,0
0,0,0,0
0,0,0,0
0,0,0,0
0,0,0,0
0,0,0,0
0,0,0,0
0,0,0,0
0,0,0,0
0,0,0,0
0,0,0,0
0,0,0,0
0,0,0,0
0,0,0,0
0,0,0,0
0,0,0,0
0,0,0,0
0,0,0,0
0,0,0,0
0,0,0,0
0,0,0,0
0,0,0,0
0,0,0,0
0,0,0,0
0,0,0,0
0,0,0,0
0,0,0,0
0,0,0,0
0,0,0,0
0,0,0,0
0,0,0,0
0,0,0,0
0,0,0,0
0,0,0,0
0,0,0,0
0,0,0,0
0,0,0,0
0,0,0,0
0,0,0,0
0,0,0,0
0,0,0,0
0,0,0,0
0,0,0,0
0,0,0,0
0,0,0,0
0,0,0,0
0,0,0,0
0,0,0,0
0,0,0,0
0,0,0,0
0,0,0,0
1.585,1.585,75.26,75.26
9.5435,9.5435,453.14,453.14
2.901,2.901,137.75,137.75
0,0,0,0
0,0,0,0
0,0,0,0
0,0,0,0
0,0,0,0
0,0,0,0
0,0,0,0
0,0,0,0
0,0,0,0
20.212,20.212,952.58,952.58
124.62,124.62,5873.3,5873.3
38.791,38.791,1828.2,1828.2
0,0,0,0
0,0,0,0
0,0,0,0
1.572,1.572,73.822,73.822
2.6477,2.6477,124.33,124.33
16.187,16.187,743.96,743.96
114.4,114.4,5257.6,5257.6
40.815,40.815,1875.8,1875.8
51.096,51.096,2404.8,2404.8
92.749,92.749,4365.1,4365.1
8.4996,8.4996,400.03,400.03
20.263,20.263,931.55,931.55
105.35,105.35,4842.9,4842.9
46.913,46.913,2156.5,2156.5
0,0,0,0
3.9386,3.9386,183.41,183.41
19.43,19.43,898.9,898.9
119.57,119.57,5531.7,5531.7
37.149,37.149,1718.6,1718.6
0,0,0,0
9.3964,9.3964,436.32,436.32
36.182,36.182,1680.1,1680.1
8.2625,8.2625,380.05,380.05
13.092,13.092,606.77,606.77
64.889,64.889,3068.1,3068.1
99.823,99.823,4588.9,4588.9
25.578,25.578,1175.8,1175.8
0,0,0,0
0,0,0,0
0,0,0,0
0,0,0,0
0,0,0,0
0,0,0,0
0,0,0,0
0,0,0,0
0,0,0,0
0,0,0,0
0,0,0,0
0,0,0,0
0,0,0,0
0,0,0,0
0,0,0,0
0,0,0,0
0,0,0,0
0,0,0,0
0,0,0,0
0,0,0,0
0,0,0,0
0,0,0,0
0,0,0,0
0,0,0,0
0,0,0,0
0,0,0,0
0,0,0,0
0,0,0,0
0,0,0,0
0,0,0,0
0,0,0,0
0,0,0,0
0,0,0,0
0,0,0,0
0,0,0,0
0,0,0,0
0,0,0,0
0,0,0,0
0,0,0,0
0,0,0,0
0,0,0,0
0,0,0,0
0,0,0,0
0,0,0,0
0,0,0,0
0,0,0,0
0,0,0,0
0,0,0,0
0,0,0,0
0,0,0,0
0,0,0,0
0,0,0,0
0,0,0,0
0,0,0,0
0,0,0,0
0,0,0,0
0,0,0,0
0,0,0,0
0,0,0,0
0,0,0,0
0,0,0,0
0,0,0,0
0,0,0,0
0,0,0,0
0,0,0,0
0,0,0,0
0,0,0,0
0,0,0,0
0,0,0,0
0,0,0,0
0,0,0,0
0,0,0,0
0,0,0,0
0,0,0,0
0,0,0,0
0,0,0,0
0,0,0,0
0,0,0,0
0,0,0,0
0,0,0,0
0,0,0,0
0,0,0,0
0,0,0,0
0,0,0,0
0,0,0,0
0,0,0,0
0,0,0,0
0,0,0,0
0,0,0,0
0,0,0,0
0,0,0,0
0,0,0,0
0,0,0,0
0,0,0,0
0,0,0,0
0,0,0,0
0,0,0,0
0,0,0,0
0,0,0,0
0,0,0,0
0,0,0,0
0,0,0,0
0,0,0,0
0,0,0,0
0,0,0,0
0,0,0,0
0,0,0,0
0,0,0,0
0,0,0,0
0,0,0,0
0,0,0,0
0,0,0,0
0,0,0,0
0,0,0,0
0,0,0,0
0,0,0,0
0,0,0,0
0,0,0,0
0,0,0,0
0,0,0,0
0,0,0,0
0,0,0,0
0,0,0,0
0,0,0,0
0,0,0,0
0,0,0,0
0,0,0,0
0,0,0,0
0,0,0,0
0,0,0,0
0,0,0,0
0,0,0,0
0,0,0,0
0,0,0,0
0,0,0,0
0,0,0,0
0,0,0,0
0,0,0,0
0,0,0,0
0,0,0,0
0,0,0,0
0,0,0,0
0,0,0,0
6.2733,6.2733,297.87,297.87
1.907,1.907,90.546,90.546
0,0,0,0
0,0,0,0
0,0,0,0
0,0,0,0
0,0,0,0
0,0,0,0
0,0,0,0
0,0,0,0
0,0,0,0
19.352,19.352,912.04,912.04
119.32,119.32,5623.3,5623.3
37.14,37.14,1750.4,1750.4
0,0,0,0
0,0,0,0
0,0,0,0
0,0,0,0
1.6052,1.6052,75.381,75.381
14.843,14.843,682.18,682.18
104.9,104.9,4821,4821
37.426,37.426,1720.1,1720.1
45.073,45.073,2121.3,2121.3
81.815,81.815,3850.6,3850.6
7.4976,7.4976,352.87,352.87
15.708,15.708,722.13,722.13
95.074,95.074,4370.5,4370.5
42.337,42.337,1946.2,1946.2
0,0,0,0
2.4274,2.4274,113.04,113.04
18.044,18.044,834.77,834.77
111.04,111.04,5137.1,5137.1
34.499,34.499,1596,1596
0,0,0,0
6.9745,6.9745,323.86,323.86
26.856,26.856,1247.1,1247.1
5.3729,5.3729,247.13,247.13
10.475,10.475,485.48,485.48
52.614,52.614,2533.6,2533.6
86.682,86.682,3984.8,3984.8
22.211,22.211,1021,1021
0,0,0,0
0,0,0,0
0,0,0,0
0,0,0,0
0,0,0,0
0,0,0,0
0,0,0,0
0,0,0,0
0,0,0,0
0,0,0,0
0,0,0,0
0,0,0,0
0,0,0,0
0,0,0,0
0,0,0,0
0,0,0,0
0,0,0,0
0,0,0,0
0,0,0,0
0,0,0,0
0,0,0,0
0,0,0,0
0,0,0,0
0,0,0,0
0,0,0,0
0,0,0,0
0,0,0,0
0,0,0,0
0,0,0,0
0,0,0,0
0,0,0,0
0,0,0,0
0,0,0,0
0,0,0,0
0,0,0,0
0,0,0,0
0,0,0,0
0,0,0,0
0,0,0,0
0,0,0,0
0,0,0,0
0,0,0,0
0,0,0,0
0,0,0,0
0,0,0,0
0,0,0,0
0,0,0,0
0,0,0,0
0,0,0,0
0,0,0,0
0,0,0,0
0,0,0,0
0,0,0,0
0,0,0,0
0,0,0,0
0,0,0,0
0,0,0,0
0,0,0,0
0,0,0,0
0,0,0,0
0,0,0,0
0,0,0,0
0,0,0,0
0,0,0,0
0,0,0,0
0,0,0,0
0,0,0,0
0,0,0,0
0,0,0,0
0,0,0,0
0,0,0,0
0,0,0,0
0,0,0,0
0,0,0,0
0,0,0,0
0,0,0,0
0,0,0,0
0,0,0,0
0,0,0,0
0,0,0,0
0,0,0,0
0,0,0,0
0,0,0,0
0,0,0,0
0,0,0,0
0,0,0,0
0,0,0,0
0,0,0,0
0,0,0,0
0,0,0,0
0,0,0,0
0,0,0,0
0,0,0,0
0,0,0,0
0,0,0,0
0,0,0,0
0,0,0,0
0,0,0,0
0,0,0,0
0,0,0,0
0,0,0,0
0,0,0,0
0,0,0,0
0,0,0,0
0,0,0,0
0,0,0,0
0,0,0,0
0,0,0,0
0,0,0,0
0,0,0,0
0,0,0,0
0,0,0,0
0,0,0,0
0,0,0,0
0,0,0,0
0,0,0,0
0,0,0,0
0,0,0,0
0,0,0,0
0,0,0,0
0,0,0,0
0,0,0,0
0,0,0,0
0,0,0,0
0,0,0,0
0,0,0,0
0,0,0,0
0,0,0,0
0,0,0,0
0,0,0,0
0,0,0,0
0,0,0,0
0,0,0,0
0,0,0,0
0,0,0,0
0,0,0,0
0,0,0,0
0,0,0,0
0,0,0,0
0,0,0,0
0,0,0,0
0,0,0,0
0,0,0,0
3.9957,3.9957,189.72,189.72
0,0,0,0
0,0,0,0
0,0,0,0
0,0,0,0
0,0,0,0
0,0,0,0
0,0,0,0
0,0,0,0
0,0,0,0
0,0,0,0
17.953,17.953,846.11,846.11
110.69,110.69,5216.8,5216.8
34.456,34.456,1623.9,1623.9
0,0,0,0
0,0,0,0
0,0,0,0
0,0,0,0
0,0,0,0
13.188,13.188,606.12,606.12
93.199,93.199,4283.4,4283.4
33.252,33.252,1528.3,1528.3
38.525,38.525,1813.1,1813.1
69.93,69.93,3291.2,3291.2
6.4084,6.4084,301.61,301.61
11.798,11.798,542.41,542.41
83.136,83.136,3821.7,3821.7
37.021,37.021,1701.8,1701.8
0,0,0,0
0,0,0,0
16.237,16.237,751.15,751.15
99.918,99.918,4622.5,4622.5
31.043,31.043,1436.1,1436.1
0,0,0,0
5.0162,5.0162,232.93,232.93
19.315,19.315,896.9,896.9
3.7549,3.7549,174.36,174.36
9.1788,9.1788,420.96,420.96
42.098,42.098,2027.2,2027.2
72.934,72.934,3352.7,3352.7
18.688,18.688,859.09,859.09
0,0,0,0
0,0,0,0
0,0,0,0
0,0,0,0
0,0,0,0
0,0,0,0
0,0,0,0
0,0,0,0
0,0,0,0
0,0,0,0
0,0,0,0
0,0,0,0
0,0,0,0
0,0,0,0
0,0,0,0
0,0,0,0
0,0,0,0
0,0,0,0
0,0,0,0
0,0,0,0
0,0,0,0
0,0,0,0
0,0,0,0
0,0,0,0
0,0,0,0
0,0,0,0
0,0,0,0
0,0,0,0
0,0,0,0
0,0,0,0
0,0,0,0
0,0,0,0
0,0,0,0
0,0,0,0
0,0,0,0
0,0,0,0
0,0,0,0
0,0,0,0
0,0,0,0
0,0,0,0
0,0,0,0
0,0,0,0
0,0,0,0
0,0,0,0
0,0,0,0
0,0,0,0
0,0,0,0
0,0,0,0
0,0,0,0
0,0,0,0
0,0,0,0
0,0,0,0
0,0,0,0
0,0,0,0
0,0,0,0
0,0,0,0
0,0,0,0
0,0,0,0
0,0,0,0
0,0,0,0
0,0,0,0
0,0,0,0
0,0,0,0
0,0,0,0
0,0,0,0
0,0,0,0
0,0,0,0
0,0,0,0
0,0,0,0
0,0,0,0
0,0,0,0
0,0,0,0
0,0,0,0
0,0,0,0
0,0,0,0
0,0,0,0
0,0,0,0
0,0,0,0
0,0,0,0
0,0,0,0
0,0,0,0
0,0,0,0
0,0,0,0
0,0,0,0
0,0,0,0
0,0,0,0
0,0,0,0
0,0,0,0
0,0,0,0
0,0,0,0
0,0,0,0
0,0,0,0
0,0,0,0
0,0,0,0
0,0,0,0
0,0,0,0
0,0,0,0
0,0,0,0
0,0,0,0
0,0,0,0
0,0,0,0
0,0,0,0
0,0,0,0
0,0,0,0
0,0,0,0
0,0,0,0
0,0,0,0
0,0,0,0
0,0,0,0
0,0,0,0
0,0,0,0
0,0,0,0
0,0,0,0
0,0,0,0
0,0,0,0
0,0,0,0
0,0,0,0
0,0,0,0
0,0,0,0
0,0,0,0
0,0,0,0
0,0,0,0
0,0,0,0
0,0,0,0
0,0,0,0
0,0,0,0
0,0,0,0
0,0,0,0
0,0,0,0
0,0,0,0
0,0,0,0
0,0,0,0
0,0,0,0
0,0,0,0
0,0,0,0
0,0,0,0
0,0,0,0
0,0,0,0
0,0,0,0
0,0,0,0
0,0,0,0
0,0,0,0
0,0,0,0
2.466,2.466,117.09,117.09
0,0,0,0
0,0,0,0
0,0,0,0
0,0,0,0
0,0,0,0
0,0,0,0
0,0,0,0
0,0,0,0
0,0,0,0
0,0,0,0
16.138,16.138,760.58,760.58
99.501,99.501,4689.5,4689.5
30.973,30.973,1459.7,1459.7
0,0,0,0
0,0,0,0
0,0,0,0
0,0,0,0
0,0,0,0
11.354,11.354,521.81,521.81
80.236,80.236,3687.6,3687.6
28.627,28.627,1315.7,1315.7
31.906,31.906,1501.6,1501.6
57.915,57.915,2725.7,2725.7
5.3074,5.3074,249.79,249.79
8.5869,8.5869,394.77,394.77
70.441,70.441,3238.1,3238.1
31.367,31.367,1441.9,1441.9
0,0,0,0
0,0,0,0
14.156,14.156,654.92,654.92
87.117,87.117,4030.3,4030.3
36.424,36.424,1737.7,1737.7
0,0,0,0
3.4957,3.4957,162.32,162.32
13.46,13.46,625.04,625.04
2.6167,2.6167,121.51,121.51
12.958,12.958,594.3,594.3
32.638,32.638,1571.6,1571.6
59.46,59.46,2733.4,2733.4
15.236,15.236,700.39,700.39
0,0,0,0
0,0,0,0
0,0,0,0
0,0,0,0
0,0,0,0
0,0,0,0
0,0,0,0
0,0,0,0
0,0,0,0
0,0,0,0
0,0,0,0
0,0,0,0
0,0,0,0
0,0,0,0
0,0,0,0
0,0,0,0
0,0,0,0
0,0,0,0
0,0,0,0
0,0,0,0
0,0,0,0
0,0,0,0
0,0,0,0
0,0,0,0
0,0,0,0
0,0,0,0
0,0,0,0
0,0,0,0
0,0,0,0
0,0,0,0
0,0,0,0
0,0,0,0
0,0,0,0
0,0,0,0
0,0,0,0
0,0,0,0
0,0,0,0
0,0,0,0
0,0,0,0
0,0,0,0
0,0,0,0
0,0,0,0
0,0,0,0
0,0,0,0
0,0,0,0
0,0,0,0
0,0,0,0
0,0,0,0
0,0,0,0
0,0,0,0
0,0,0,0
0,0,0,0
0,0,0,0
0,0,0,0
0,0,0,0
0,0,0,0
0,0,0,0
0,0,0,0
0,0,0,0
0,0,0,0
0,0,0,0
0,0,0,0
0,0,0,0
0,0,0,0
0,0,0,0
0,0,0,0
0,0,0,0
0,0,0,0
0,0,0,0
0,0,0,0
0,0,0,0
0,0,0,0
0,0,0,0
0,0,0,0
0,0,0,0
0,0,0,0
0,0,0,0
0,0,0,0
0,0,0,0
0,0,0,0
0,0,0,0
0,0,0,0
0,0,0,0
0,0,0,0
0,0,0,0
0,0,0,0
0,0,0,0
0,0,0,0
0,0,0,0
0,0,0,0
0,0,0,0
0,0,0,0
0,0,0,0
0,0,0,0
0,0,0,0
0,0,0,0
0,0,0,0
0,0,0,0
0,0,0,0
0,0,0,0
0,0,0,0
0,0,0,0
0,0,0,0
0,0,0,0
0,0,0,0
0,0,0,0
0,0,0,0
0,0,0,0
0,0,0,0
0,0,0,0
0,0,0,0
0,0,0,0
0,0,0,0
0,0,0,0
0,0,0,0
0,0,0,0
0,0,0,0
0,0,0,0
0,0,0,0
0,0,0,0
0,0,0,0
0,0,0,0
0,0,0,0
0,0,0,0
0,0,0,0
0,0,0,0
0,0,0,0
0,0,0,0
0,0,0,0
0,0,0,0
0,0,0,0
0,0,0,0
0,0,0,0
0,0,0,0
0,0,0,0
0,0,0,0
0,0,0,0
0,0,0,0
0,0,0,0
0,0,0,0
0,0,0,0
0,0,0,0
0,0,0,0
0,0,0,0
0,0,0,0
0,0,0,0
0,0,0,0
0,0,0,0
0,0,0,0
0,0,0,0
0,0,0,0
0,0,0,0
0,0,0,0
0,0,0,0
14.056,14.056,662.46,662.46
86.665,86.665,4084.5,4084.5
26.977,26.977,1271.4,1271.4
0,0,0,0
0,0,0,0
0,0,0,0
0,0,0,0
0,0,0,0
9.4709,9.4709,435.28,435.28
66.931,66.931,3076.1,3076.1
23.88,23.88,1097.5,1097.5
25.604,25.604,1205,1205
46.476,46.476,2187.3,2187.3
4.2591,4.2591,200.45,200.45
6.5565,6.5565,301.4,301.4
57.83,57.83,2658.4,2658.4
25.752,25.752,1183.8,1183.8
0,0,0,0
0,0,0,0
11.96,11.96,553.29,553.29
73.598,73.598,3404.8,3404.8
44.46,44.46,2121,2121
1.6962,1.6962,80.92,80.92
2.3604,2.3604,109.61,109.61
9.0891,9.0891,422.05,422.05
1.7669,1.7669,82.048,82.048
17.726,17.726,812.96,812.96
25.505,25.505,1180.6,1180.6
46.971,46.971,2159.3,2159.3
12.036,12.036,553.28,553.28
0,0,0,0
0,0,0,0
0,0,0,0
0,0,0,0
0,0,0,0
0,0,0,0
0,0,0,0
0,0,0,0
0,0,0,0
0,0,0,0
0,0,0,0
0,0,0,0
0,0,0,0
0,0,0,0
0,0,0,0
0,0,0,0
0,0,0,0
0,0,0,0
0,0,0,0
0,0,0,0
0,0,0,0
0,0,0,0
0,0,0,0
0,0,0,0
0,0,0,0
0,0,0,0
0,0,0,0
0,0,0,0
0,0,0,0
0,0,0,0
0,0,0,0
0,0,0,0
0,0,0,0
0,0,0,0
0,0,0,0
0,0,0,0
0,0,0,0
0,0,0,0
0,0,0,0
0,0,0,0
0,0,0,0
0,0,0,0
0,0,0,0
0,0,0,0
0,0,0,0
0,0,0,0
0,0,0,0
0,0,0,0
0,0,0,0
0,0,0,0
0,0,0,0
0,0,0,0
0,0,0,0
0,0,0,0
0,0,0,0
0,0,0,0
0,0,0,0
0,0,0,0
0,0,0,0
0,0,0,0
0,0,0,0
0,0,0,0
0,0,0,0
0,0,0,0
0,0,0,0
0,0,0,0
0,0,0,0
0,0,0,0
0,0,0,0
0,0,0,0
0,0,0,0
0,0,0,0
0,0,0,0
0,0,0,0
0,0,0,0
0,0,0,0
0,0,0,0
0,0,0,0
0,0,0,0
0,0,0,0
0,0,0,0
0,0,0,0
0,0,0,0
0,0,0,0
0,0,0,0
0,0,0,0
0,0,0,0
0,0,0,0
0,0,0,0
0,0,0,0
0,0,0,0
0,0,0,0
0,0,0,0
0,0,0,0
0,0,0,0
0,0,0,0
0,0,0,0
0,0,0,0
0,0,0,0
0,0,0,0
0,0,0,0
0,0,0,0
0,0,0,0
0,0,0,0
0,0,0,0
0,0,0,0
0,0,0,0
0,0,0,0
0,0,0,0
0,0,0,0
0,0,0,0
0,0,0,0
0,0,0,0
0,0,0,0
0,0,0,0
0,0,0,0
0,0,0,0
0,0,0,0
0,0,0,0
0,0,0,0
0,0,0,0
0,0,0,0
0,0,0,0
0,0,0,0
0,0,0,0
0,0,0,0
0,0,0,0
0,0,0,0
0,0,0,0
0,0,0,0
0,0,0,0
0,0,0,0
0,0,0,0
0,0,0,0
0,0,0,0
0,0,0,0
0,0,0,0
0,0,0,0
0,0,0,0
0,0,0,0
0,0,0,0
0,0,0,0
0,0,0,0
0,0,0,0
0,0,0,0
0,0,0,0
0,0,0,0
0,0,0,0
0,0,0,0
0,0,0,0
0,0,0,0
0,0,0,0
0,0,0,0
0,0,0,0
11.863,11.863,559.09,559.09
73.142,73.142,3447.2,3447.2
22.767,22.767,1073,1073
0,0,0,0
0,0,0,0
0,0,0,0
0,0,0,0
0,0,0,0
7.6551,7.6551,351.83,351.83
54.099,54.099,2486.4,2486.4
19.302,19.302,887.11,887.11
19.909,19.909,936.98,936.98
36.138,36.138,1700.8,1700.8
3.3117,3.3117,155.86,155.86
5.2157,5.2157,239.76,239.76
46.004,46.004,2114.8,2114.8
20.486,20.486,941.71,941.71
0,0,0,0
0,0,0,0
9.79,9.79,452.91,452.91
69.586,69.586,3319.7,3319.7
52.584,52.584,2508.6,2508.6
2.0061,2.0061,95.706,95.706
1.5444,1.5444,71.713,71.713
5.9468,5.9468,276.14,276.14
0,0,0,0
23.495,23.495,1077.5,1077.5
33.806,33.806,1550.4,1550.4
35.953,35.953,1652.8,1652.8
9.2124,9.2124,423.49,423.49
0,0,0,0
0,0,0,0
0,0,0,0
0,0,0,0
0,0,0,0
0,0,0,0
0,0,0,0
0,0,0,0
0,0,0,0
0,0,0,0
0,0,0,0
0,0,0,0
0,0,0,0
0,0,0,0
0,0,0,0
0,0,0,0
0,0,0,0
0,0,0,0
0,0,0,0
0,0,0,0
0,0,0,0
0,0,0,0
0,0,0,0
0,0,0,0
0,0,0,0
0,0,0,0
0,0,0,0
0,0,0,0
0,0,0,0
0,0,0,0
0,0,0,0
0,0,0,0
0,0,0,0
0,0,0,0
0,0,0,0
0,0,0,0
0,0,0,0
0,0,0,0
0,0,0,0
0,0,0,0
0,0,0,0
0,0,0,0
0,0,0,0
0,0,0,0
0,0,0,0
0,0,0,0
0,0,0,0
0,0,0,0
0,0,0,0
0,0,0,0
0,0,0,0
0,0,0,0
0,0,0,0
0,0,0,0
0,0,0,0
0,0,0,0
0,0,0,0
0,0,0,0
0,0,0,0
0,0,0,0
0,0,0,0
0,0,0,0
0,0,0,0
0,0,0,0
0,0,0,0
0,0,0,0
0,0,0,0
0,0,0,0
0,0,0,0
0,0,0,0
0,0,0,0
0,0,0,0
0,0,0,0
0,0,0,0
0,0,0,0
0,0,0,0
0,0,0,0
0,0,0,0
0,0,0,0
0,0,0,0
0,0,0,0
0,0,0,0
0,0,0,0
0,0,0,0
0,0,0,0
0,0,0,0
0,0,0,0
0,0,0,0
0,0,0,0
0,0,0,0
0,0,0,0
0,0,0,0
0,0,0,0
0,0,0,0
0,0,0,0
0,0,0,0
0,0,0,0
0,0,0,0
0,0,0,0
0,0,0,0
0,0,0,0
0,0,0,0
0,0,0,0
0,0,0,0
0,0,0,0
0,0,0,0
0,0,0,0
0,0,0,0
0,0,0,0
0,0,0,0
0,0,0,0
0,0,0,0
0,0,0,0
0,0,0,0
0,0,0,0
0,0,0,0
0,0,0,0
0,0,0,0
0,0,0,0
0,0,0,0
0,0,0,0
0,0,0,0
0,0,0,0
0,0,0,0
0,0,0,0
0,0,0,0
0,0,0,0
0,0,0,0
0,0,0,0
0,0,0,0
0,0,0,0
0,0,0,0
0,0,0,0
0,0,0,0
0,0,0,0
0,0,0,0
0,0,0,0
0,0,0,0
0,0,0,0
0,0,0,0
0,0,0,0
0,0,0,0
0,0,0,0
0,0,0,0
0,0,0,0
0,0,0,0
0,0,0,0
0,0,0,0
0,0,0,0
0,0,0,0
0,0,0,0
0,0,0,0
0,0,0,0
0,0,0,0
9.7008,9.7008,457.2,457.2
59.812,59.812,2818.9,2818.9
18.618,18.618,877.47,877.47
0,0,0,0
0,0,0,0
0,0,0,0
0,0,0,0
0,0,0,0
5.9953,5.9953,275.55,275.55
42.369,42.369,1947.3,1947.3
15.117,15.117,694.77,694.77
15,15,705.94,705.94
27.227,27.227,1281.4,1281.4
2.4951,2.4951,117.43,117.43
4.0202,4.0202,184.81,184.81
35.459,35.459,1630,1630
15.79,15.79,725.86,725.86
0,0,0,0
0,0,0,0
7.7652,7.7652,359.24,359.24
79.746,79.746,3804.4,3804.4
60.262,60.262,2874.9,2874.9
2.299,2.299,109.68,109.68
0,0,0,0
3.7701,3.7701,175.06,175.06
0,0,0,0
30.175,30.175,1383.9,1383.9
43.417,43.417,1991.2,1991.2
26.665,26.665,1225.8,1225.8
6.8325,6.8325,314.09,314.09
0,0,0,0
0,0,0,0
0,0,0,0
0,0,0,0
0,0,0,0
0,0,0,0
0,0,0,0
0,0,0,0
0,0,0,0
0,0,0,0
0,0,0,0
0,0,0,0
0,0,0,0
0,0,0,0
0,0,0,0
0,0,0,0
0,0,0,0
0,0,0,0
0,0,0,0
0,0,0,0
0,0,0,0
0,0,0,0
0,0,0,0
0,0,0,0
0,0,0,0
0,0,0,0
0,0,0,0
0,0,0,0
0,0,0,0
0,0,0,0
0,0,0,0
0,0,0,0
0,0,0,0
0,0,0,0
0,0,0,0
0,0,0,0
0,0,0,0
0,0,0,0
0,0,0,0
0,0,0,0
0,0,0,0
0,0,0,0
0,0,0,0
0,0,0,0
0,0,0,0
0,0,0,0
0,0,0,0
0,0,0,0
0,0,0,0
0,0,0,0
0,0,0,0
0,0,0,0
0,0,0,0
0,0,0,0
0,0,0,0
0,0,0,0
0,0,0,0
0,0,0,0
0,0,0,0
0,0,0,0
0,0,0,0
0,0,0,0
0,0,0,0
0,0,0,0
0,0,0,0
0,0,0,0
0,0,0,0
0,0,0,0
0,0,0,0
0,0,0,0
0,0,0,0
0,0,0,0
0,0,0,0
0,0,0,0
0,0,0,0
0,0,0,0
0,0,0,0
0,0,0,0
0,0,0,0
0,0,0,0
0,0,0,0
0,0,0,0
0,0,0,0
0,0,0,0
0,0,0,0
0,0,0,0
0,0,0,0
0,0,0,0
0,0,0,0
0,0,0,0
0,0,0,0
0,0,0,0
0,0,0,0
0,0,0,0
0,0,0,0
0,0,0,0
0,0,0,0
0,0,0,0
0,0,0,0
0,0,0,0
0,0,0,0
0,0,0,0
0,0,0,0
0,0,0,0
0,0,0,0
0,0,0,0
0,0,0,0
0,0,0,0
0,0,0,0
0,0,0,0
0,0,0,0
0,0,0,0
0,0,0,0
0,0,0,0
0,0,0,0
0,0,0,0
0,0,0,0
0,0,0,0
0,0,0,0
0,0,0,0
0,0,0,0
0,0,0,0
0,0,0,0
0,0,0,0
0,0,0,0
0,0,0,0
0,0,0,0
0,0,0,0
0,0,0,0
0,0,0,0
0,0,0,0
0,0,0,0
0,0,0,0
0,0,0,0
0,0,0,0
0,0,0,0
0,0,0,0
0,0,0,0
0,0,0,0
0,0,0,0
0,0,0,0
0,0,0,0
0,0,0,0
0,0,0,0
0,0,0,0
0,0,0,0
0,0,0,0
0,0,0,0
0,0,0,0
0,0,0,0
0,0,0,0
0,0,0,0
0,0,0,0
0,0,0,0
7.6866,7.6866,362.27,362.27
47.393,47.393,2233.6,2233.6
14.752,14.752,695.28,695.28
0,0,0,0
0,0,0,0
0,0,0,0
0,0,0,0
0,0,0,0
4.5497,4.5497,209.1,209.1
32.153,32.153,1477.7,1477.7
11.472,11.472,527.23,527.23
10.95,10.95,515.35,515.35
19.876,19.876,935.46,935.46
1.8215,1.8215,85.727,85.727
3.0025,3.0025,138.02,138.02
26.483,26.483,1217.4,1217.4
11.793,11.793,542.12,542.12
0,0,0,0
0,0,0,0
5.9679,5.9679,282.24,282.24
88.552,88.552,4224.5,4224.5
66.916,66.916,3192.3,3192.3
2.5529,2.5529,121.79,121.79
0,0,0,0
2.3159,2.3159,107.54,107.54
0,0,0,0
37.55,37.55,1722.1,1722.1
54.029,54.029,2477.9,2477.9
19.163,19.163,880.9,880.9
4.9101,4.9101,225.72,225.72
0,0,0,0
0,0,0,0
0,0,0,0
0,0,0,0
0,0,0,0
0,0,0,0
0,0,0,0
0,0,0,0
0,0,0,0
0,0,0,0
0,0,0,0
0,0,0,0
0,0,0,0
0,0,0,0
0,0,0,0
0,0,0,0
0,0,0,0
0,0,0,0
0,0,0,0
0,0,0,0
0,0,0,0
0,0,0,0
0,0,0,0
0,0,0,0
0,0,0,0
0,0,0,0
0,0,0,0
0,0,0,0
0,0,0,0
0,0,0,0
0,0,0,0
0,0,0,0
0,0,0,0
0,0,0,0
0,0,0,0
0,0,0,0
0,0,0,0
0,0,0,0
0,0,0,0
0,0,0,0
0,0,0,0
0,0,0,0
0,0,0,0
0,0,0,0
0,0,0,0
0,0,0,0
0,0,0,0
0,0,0,0
0,0,0,0
0,0,0,0
0,0,0,0
0,0,0,0
0,0,0,0
0,0,0,0
0,0,0,0
0,0,0,0
0,0,0,0
0,0,0,0
0,0,0,0
0,0,0,0
0,0,0,0
0,0,0,0
0,0,0,0
0,0,0,0
0,0,0,0
0,0,0,0
0,0,0,0
0,0,0,0
0,0,0,0
0,0,0,0
0,0,0,0
0,0,0,0
0,0,0,0
0,0,0,0
0,0,0,0
0,0,0,0
0,0,0,0
0,0,0,0
0,0,0,0
0,0,0,0
0,0,0,0
0,0,0,0
0,0,0,0
0,0,0,0
0,0,0,0
0,0,0,0
0,0,0,0
0,0,0,0
0,0,0,0
0,0,0,0
0,0,0,0
0,0,0,0
0,0,0,0
0,0,0,0
0,0,0,0
0,0,0,0
0,0,0,0
0,0,0,0
0,0,0,0
0,0,0,0
0,0,0,0
0,0,0,0
0,0,0,0
0,0,0,0
0,0,0,0
0,0,0,0
0,0,0,0
0,0,0,0
0,0,0,0
0,0,0,0
0,0,0,0
0,0,0,0
0,0,0,0
0,0,0,0
0,0,0,0
0,0,0,0
0,0,0,0
0,0,0,0
0,0,0,0
0,0,0,0
0,0,0,0
0,0,0,0
0,0,0,0
0,0,0,0
0,0,0,0
0,0,0,0
0,0,0,0
0,0,0,0
0,0,0,0
0,0,0,0
0,0,0,0
0,0,0,0
0,0,0,0
0,0,0,0
0,0,0,0
0,0,0,0
0,0,0,0
0,0,0,0
0,0,0,0
0,0,0,0
0,0,0,0
0,0,0,0
0,0,0,0
0,0,0,0
0,0,0,0
0,0,0,0
0,0,0,0
0,0,0,0
0,0,0,0
0,0,0,0
0,0,0,0
0,0,0,0
0,0,0,0
0,0,0,0
5.9015,5.9015,278.14,278.14
36.386,36.386,1714.9,1714.9
11.326,11.326,533.81,533.81
0,0,0,0
0,0,0,0
0,0,0,0
0,0,0,0
0,0,0,0
3.3454,3.3454,153.75,153.75
23.642,23.642,1086.6,1086.6
8.4351,8.4351,387.68,387.68
7.7456,7.7456,364.54,364.54
14.06,14.06,661.71,661.71
0,0,0,0
2.1728,2.1728,99.884,99.884
19.165,19.165,881.01,881.01
8.5343,8.5343,392.31,392.31
0,0,0,0
0,0,0,0
6.3655,6.3655,303.67,303.67
95.277,95.277,4545.4,4545.4
71.998,71.998,3434.8,3434.8
2.7468,2.7468,131.04,131.04
0,0,0,0
0,0,0,0
1.5887,1.5887,72.862,72.862
45.278,45.278,2076.5,2076.5
65.147,65.147,2987.8,2987.8
13.343,13.343,613.39,613.39
3.419,3.419,157.17,157.17
0,0,0,0
0,0,0,0
0,0,0,0
0,0,0,0
0,0,0,0
0,0,0,0
0,0,0,0
0,0,0,0
0,0,0,0
0,0,0,0
0,0,0,0
0,0,0,0
0,0,0,0
0,0,0,0
0,0,0,0
0,0,0,0
0,0,0,0
0,0,0,0
0,0,0,0
0,0,0,0
0,0,0,0
0,0,0,0
0,0,0,0
0,0,0,0
0,0,0,0
0,0,0,0
0,0,0,0
0,0,0,0
0,0,0,0
0,0,0,0
0,0,0,0
0,0,0,0
0,0,0,0
0,0,0,0
0,0,0,0
0,0,0,0
0,0,0,0
0,0,0,0
0,0,0,0
0,0,0,0
0,0,0,0
0,0,0,0
0,0,0,0
0,0,0,0
0,0,0,0
0,0,0,0
0,0,0,0
0,0,0,0
0,0,0,0
0,0,0,0
0,0,0,0
0,0,0,0
0,0,0,0
0,0,0,0
0,0,0,0
0,0,0,0
0,0,0,0
0,0,0,0
0,0,0,0
0,0,0,0
0,0,0,0
0,0,0,0
0,0,0,0
0,0,0,0
0,0,0,0
0,0,0,0
0,0,0,0
0,0,0,0
0,0,0,0
0,0,0,0
0,0,0,0
0,0,0,0
0,0,0,0
0,0,0,0
0,0,0,0
0,0,0,0
0,0,0,0
0,0,0,0
0,0,0,0
0,0,0,0
0,0,0,0
0,0,0,0
0,0,0,0
0,0,0,0
0,0,0,0
0,0,0,0
0,0,0,0
0,0,0,0
0,0,0,0
0,0,0,0
0,0,0,0
0,0,0,0
0,0,0,0
0,0,0,0
0,0,0,0
0,0,0,0
0,0,0,0
0,0,0,0
0,0,0,0
0,0,0,0
0,0,0,0
0,0,0,0
0,0,0,0
0,0,0,0
0,0,0,0
0,0,0,0
0,0,0,0
0,0,0,0
0,0,0,0
0,0,0,0
0,0,0,0
0,0,0,0
0,0,0,0
0,0,0,0
0,0,0,0
0,0,0,0
0,0,0,0
0,0,0,0
0,0,0,0
0,0,0,0
0,0,0,0
0,0,0,0
0,0,0,0
0,0,0,0
0,0,0,0
0,0,0,0
0,0,0,0
0,0,0,0
0,0,0,0
0,0,0,0
0,0,0,0
0,0,0,0
0,0,0,0
0,0,0,0
0,0,0,0
0,0,0,0
0,0,0,0
0,0,0,0
0,0,0,0
0,0,0,0
0,0,0,0
0,0,0,0
0,0,0,0
0,0,0,0
0,0,0,0
0,0,0,0
0,0,0,0
0,0,0,0
0,0,0,0
0,0,0,0
0,0,0,0
0,0,0,0
0,0,0,0
0,0,0,0
4.3902,4.3902,206.91,206.91
27.069,27.069,1275.7,1275.7
8.4259,8.4259,397.11,397.11
0,0,0,0
0,0,0,0
0,0,0,0
0,0,0,0
0,0,0,0
2.3835,2.3835,109.55,109.55
16.844,16.844,774.16,774.16
6.0098,6.0098,276.21,276.21
5.3088,5.3088,249.86,249.86
9.6365,9.6365,453.53,453.53
0,0,0,0
1.5236,1.5236,70.039,70.039
13.439,13.439,617.76,617.76
5.9843,5.9843,275.09,275.09
0,0,0,0
0,0,0,0
6.6363,6.6363,316.59,316.59
99.33,99.33,4738.7,4738.7
75.061,75.061,3580.9,3580.9
2.8636,2.8636,136.61,136.61
0,0,0,0
0,0,0,0
1.8562,1.8562,85.129,85.129
52.9,52.9,2426.1,2426.1
76.115,76.115,3490.8,3490.8
9.0028,9.0028,413.86,413.86
2.3068,2.3068,106.04,106.04
0,0,0,0
0,0,0,0
0,0,0,0
0,0,0,0
0,0,0,0
0,0,0,0
0,0,0,0
0,0,0,0
0,0,0,0
0,0,0,0
0,0,0,0
0,0,0,0
0,0,0,0
0,0,0,0
0,0,0,0
0,0,0,0
0,0,0,0
0,0,0,0
0,0,0,0
0,0,0,0
0,0,0,0
0,0,0,0
0,0,0,0
0,0,0,0
0,0,0,0
0,0,0,0
0,0,0,0
0,0,0,0
0,0,0,0
0,0,0,0
0,0,0,0
0,0,0,0
0,0,0,0
0,0,0,0
0,0,0,0
0,0,0,0
0,0,0,0
0,0,0,0
0,0,0,0
0,0,0,0
0,0,0,0
0,0,0,0
0,0,0,0
0,0,0,0
0,0,0,0
0,0,0,0
0,0,0,0
0,0,0,0
0,0,0,0
0,0,0,0
0,0,0,0
0,0,0,0
0,0,0,0
0,0,0,0
0,0,0,0
0,0,0,0
0,0,0,0
0,0,0,0
0,0,0,0
0,0,0,0
0,0,0,0
0,0,0,0
0,0,0,0
0,0,0,0
0,0,0,0
0,0,0,0
0,0,0,0
0,0,0,0
0,0,0,0
0,0,0,0
0,0,0,0
0,0,0,0
0,0,0,0
0,0,0,0
0,0,0,0
0,0,0,0
0,0,0,0
0,0,0,0
0,0,0,0
0,0,0,0
0,0,0,0
0,0,0,0
0,0,0,0
0,0,0,0
0,0,0,0
0,0,0,0
0,0,0,0
0,0,0,0
0,0,0,0
0,0,0,0
0,0,0,0
0,0,0,0
0,0,0,0
0,0,0,0
0,0,0,0
0,0,0,0
0,0,0,0
0,0,0,0
0,0,0,0
0,0,0,0
0,0,0,0
0,0,0,0
0,0,0,0
0,0,0,0
0,0,0,0
0,0,0,0
0,0,0,0
0,0,0,0
0,0,0,0
0,0,0,0
0,0,0,0
0,0,0,0
0,0,0,0
0,0,0,0
0,0,0,0
0,0,0,0
0,0,0,0
0,0,0,0
0,0,0,0
0,0,0,0
0,0,0,0
0,0,0,0
0,0,0,0
0,0,0,0
0,0,0,0
0,0,0,0
0,0,0,0
0,0,0,0
0,0,0,0
0,0,0,0
0,0,0,0
0,0,0,0
0,0,0,0
0,0,0,0
0,0,0,0
0,0,0,0
0,0,0,0
0,0,0,0
0,0,0,0
0,0,0,0
0,0,0,0
0,0,0,0
0,0,0,0
0,0,0,0
0,0,0,0
0,0,0,0
0,0,0,0
0,0,0,0
0,0,0,0
0,0,0,0
0,0,0,0
0,0,0,0
0,0,0,0
0,0,0,0
3.1646,3.1646,149.15,149.15
19.512,19.512,919.59,919.59
6.0736,6.0736,286.25,286.25
0,0,0,0
0,0,0,0
0,0,0,0
0,0,0,0
0,0,0,0
1.6455,1.6455,75.625,75.625
11.628,11.628,534.44,534.44
4.1489,4.1489,190.68,190.68
3.5257,3.5257,165.93,165.93
6.3998,6.3998,301.2,301.2
0,0,0,0
0,0,0,0
9.1307,9.1307,419.73,419.73
4.0659,4.0659,186.91,186.91
0,0,0,0
0,0,0,0
6.7038,6.7038,319.81,319.81
100.34,100.34,4786.9,4786.9
75.824,75.824,3617.3,3617.3
2.8928,2.8928,138,138
0,0,0,0
0,0,0,0
2.1013,2.1013,96.372,96.372
59.887,59.887,2746.6,2746.6
86.168,86.168,3951.9,3951.9
6.2593,6.2593,287.07,287.07
1.5081,1.5081,69.327,69.327
0,0,0,0
0,0,0,0
0,0,0,0
0,0,0,0
0,0,0,0
0,0,0,0
0,0,0,0
0,0,0,0
0,0,0,0
0,0,0,0
0,0,0,0
0,0,0,0
0,0,0,0
0,0,0,0
0,0,0,0
0,0,0,0
0,0,0,0
0,0,0,0
0,0,0,0
0,0,0,0
0,0,0,0
0,0,0,0
0,0,0,0
0,0,0,0
0,0,0,0
0,0,0,0
0,0,0,0
0,0,0,0
0,0,0,0
0,0,0,0
0,0,0,0
0,0,0,0
0,0,0,0
0,0,0,0
0,0,0,0
0,0,0,0
0,0,0,0
0,0,0,0
0,0,0,0
0,0,0,0
0,0,0,0
0,0,0,0
0,0,0,0
0,0,0,0
0,0,0,0
0,0,0,0
0,0,0,0
0,0,0,0
0,0,0,0
0,0,0,0
0,0,0,0
0,0,0,0
0,0,0,0
0,0,0,0
0,0,0,0
0,0,0,0
0,0,0,0
0,0,0,0
0,0,0,0
0,0,0,0
0,0,0,0
0,0,0,0
0,0,0,0
0,0,0,0
0,0,0,0
0,0,0,0
0,0,0,0
0,0,0,0
0,0,0,0
0,0,0,0
0,0,0,0
0,0,0,0
0,0,0,0
0,0,0,0
0,0,0,0
0,0,0,0
0,0,0,0
0,0,0,0
0,0,0,0
0,0,0,0
0,0,0,0
0,0,0,0
0,0,0,0
0,0,0,0
0,0,0,0
0,0,0,0
0,0,0,0
0,0,0,0
0,0,0,0
0,0,0,0
0,0,0,0
0,0,0,0
0,0,0,0
0,0,0,0
0,0,0,0
0,0,0,0
0,0,0,0
0,0,0,0
0,0,0,0
0,0,0,0
0,0,0,0
0,0,0,0
0,0,0,0
0,0,0,0
0,0,0,0
0,0,0,0
0,0,0,0
0,0,0,0
0,0,0,0
0,0,0,0
0,0,0,0
0,0,0,0
0,0,0,0
0,0,0,0
0,0,0,0
0,0,0,0
0,0,0,0
0,0,0,0
0,0,0,0
0,0,0,0
0,0,0,0
0,0,0,0
0,0,0,0
0,0,0,0
0,0,0,0
0,0,0,0
0,0,0,0
0,0,0,0
0,0,0,0
0,0,0,0
0,0,0,0
0,0,0,0
0,0,0,0
0,0,0,0
0,0,0,0
0,0,0,0
0,0,0,0
0,0,0,0
0,0,0,0
0,0,0,0
0,0,0,0
0,0,0,0
0,0,0,0
0,0,0,0
0,0,0,0
0,0,0,0
0,0,0,0
0,0,0,0
0,0,0,0
0,0,0,0
0,0,0,0
0,0,0,0
0,0,0,0
0,0,0,0
2.2103,2.2103,104.17,104.17
13.628,13.628,642.28,642.28
4.2421,4.2421,199.93,199.93
0,0,0,0
0,0,0,0
0,0,0,0
0,0,0,0
0,0,0,0
0,0,0,0
7.7785,7.7785,357.5,357.5
2.7753,2.7753,127.55,127.55
2.2688,2.2688,106.78,106.78
4.1182,4.1182,193.82,193.82
0,0,0,0
0,0,0,0
6.011,6.011,276.32,276.32
2.6767,2.6767,123.05,123.05
0,0,0,0
0,0,0,0
6.5617,6.5617,313.04,313.04
98.214,98.214,4685.5,4685.5
74.217,74.217,3540.7,3540.7
2.8315,2.8315,135.08,135.08
0,0,0,0
0,0,0,0
2.305,2.305,105.71,105.71
65.692,65.692,3012.8,3012.8
94.52,94.52,4334.9,4334.9
6.866,6.866,314.89,314.89
0,0,0,0
0,0,0,0
0,0,0,0
0,0,0,0
0,0,0,0
0,0,0,0
0,0,0,0
0,0,0,0
0,0,0,0
0,0,0,0
0,0,0,0
0,0,0,0
0,0,0,0
0,0,0,0
0,0,0,0
0,0,0,0
0,0,0,0
0,0,0,0
0,0,0,0
0,0,0,0
0,0,0,0
0,0,0,0
0,0,0,0
0,0,0,0
0,0,0,0
0,0,0,0
0,0,0,0
0,0,0,0
0,0,0,0
0,0,0,0
0,0,0,0
0,0,0,0
0,0,0,0
0,0,0,0
0,0,0,0
0,0,0,0
0,0,0,0
0,0,0,0
0,0,0,0
0,0,0,0
0,0,0,0
0,0,0,0
0,0,0,0
0,0,0,0
0,0,0,0
0,0,0,0
0,0,0,0
0,0,0,0
0,0,0,0
0,0,0,0
0,0,0,0
0,0,0,0
0,0,0,0
0,0,0,0
0,0,0,0
0,0,0,0
0,0,0,0
0,0,0,0
0,0,0,0
0,0,0,0
0,0,0,0
0,0,0,0
0,0,0,0
0,0,0,0
0,0,0,0
0,0,0,0
0,0,0,0
0,0,0,0
0,0,0,0
0,0,0,0
0,0,0,0
0,0,0,0
0,0,0,0
0,0,0,0
0,0,0,0
0,0,0,0
0,0,0,0
0,0,0,0
0,0,0,0
0,0,0,0
0,0,0,0
0,0,0,0
0,0,0,0
0,0,0,0
0,0,0,0
0,0,0,0
0,0,0,0
0,0,0,0
0,0,0,0
0,0,0,0
0,0,0,0
0,0,0,0
0,0,0,0
0,0,0,0
0,0,0,0
0,0,0,0
0,0,0,0
0,0,0,0
0,0,0,0
0,0,0,0
0,0,0,0
0,0,0,0
0,0,0,0
0,0,0,0
0,0,0,0
0,0,0,0
0,0,0,0
0,0,0,0
0,0,0,0
0,0,0,0
0,0,0,0
0,0,0,0
0,0,0,0
0,0,0,0
0,0,0,0
0,0,0,0
0,0,0,0
0,0,0,0
0,0,0,0
0,0,0,0
0,0,0,0
0,0,0,0
0,0,0,0
0,0,0,0
0,0,0,0
0,0,0,0
0,0,0,0
0,0,0,0
0,0,0,0
0,0,0,0
0,0,0,0
0,0,0,0
0,0,0,0
0,0,0,0
0,0,0,0
0,0,0,0
0,0,0,0
0,0,0,0
0,0,0,0
0,0,0,0
0,0,0,0
0,0,0,0
0,0,0,0
0,0,0,0
0,0,0,0
0,0,0,0
0,0,0,0
0,0,0,0
0,0,0,0
0,0,0,0
0,0,0,0
0,0,0,0
0,0,0,0
0,0,0,0
0,0,0,0
1.4958,1.4958,70.499,70.499
9.2229,9.2229,434.67,434.67
2.8709,2.8709,135.3,135.3
0,0,0,0
0,0,0,0
0,0,0,0
0,0,0,0
0,0,0,0
0,0,0,0
5.0416,5.0416,231.71,231.71
1.7988,1.7988,82.672,82.672
0,0,0,0
2.5678,2.5678,120.85,120.85
0,0,0,0
0,0,0,0
3.8344,3.8344,176.27,176.27
1.7075,1.7075,78.492,78.492
0,0,0,0
0,0,0,0
6.2232,6.2232,296.89,296.89
93.148,93.148,4443.8,4443.8
70.389,70.389,3358,3358
2.6854,2.6854,128.11,128.11
0,0,0,0
0,0,0,0
2.4499,2.4499,112.36,112.36
69.822,69.822,3202.2,3202.2
100.46,100.46,4607.4,4607.4
7.2977,7.2977,334.69,334.69
0,0,0,0
0,0,0,0
0,0,0,0
0,0,0,0
0,0,0,0
0,0,0,0
0,0,0,0
0,0,0,0
0,0,0,0
0,0,0,0
0,0,0,0
0,0,0,0
0,0,0,0
0,0,0,0
0,0,0,0
0,0,0,0
0,0,0,0
0,0,0,0
0,0,0,0
0,0,0,0
0,0,0,0
0,0,0,0
0,0,0,0
0,0,0,0
0,0,0,0
0,0,0,0
0,0,0,0
0,0,0,0
0,0,0,0
0,0,0,0
0,0,0,0
0,0,0,0
0,0,0,0
0,0,0,0
0,0,0,0
0,0,0,0
0,0,0,0
0,0,0,0
0,0,0,0
0,0,0,0
0,0,0,0
0,0,0,0
0,0,0,0
0,0,0,0
0,0,0,0
0,0,0,0
0,0,0,0
0,0,0,0
0,0,0,0
0,0,0,0
0,0,0,0
0,0,0,0
0,0,0,0
0,0,0,0
0,0,0,0
0,0,0,0
0,0,0,0
0,0,0,0
0,0,0,0
0,0,0,0
0,0,0,0
0,0,0,0
0,0,0,0
0,0,0,0
0,0,0,0
0,0,0,0
0,0,0,0
0,0,0,0
0,0,0,0
0,0,0,0
0,0,0,0
0,0,0,0
0,0,0,0
0,0,0,0
0,0,0,0
0,0,0,0
0,0,0,0
0,0,0,0
0,0,0,0
0,0,0,0
0,0,0,0
0,0,0,0
0,0,0,0
0,0,0,0
0,0,0,0
0,0,0,0
0,0,0,0
0,0,0,0
0,0,0,0
0,0,0,0
0,0,0,0
0,0,0,0
0,0,0,0
0,0,0,0
0,0,0,0
0,0,0,0
0,0,0,0
0,0,0,0
0,0,0,0
0,0,0,0
0,0,0,0
0,0,0,0
0,0,0,0
0,0,0,0
0,0,0,0
0,0,0,0
0,0,0,0
0,0,0,0
0,0,0,0
0,0,0,0
0,0,0,0
0,0,0,0
0,0,0,0
0,0,0,0
0,0,0,0
0,0,0,0
0,0,0,0
0,0,0,0
0,0,0,0
0,0,0,0
0,0,0,0
0,0,0,0
0,0,0,0
0,0,0,0
0,0,0,0
0,0,0,0
0,0,0,0
0,0,0,0
0,0,0,0
0,0,0,0
0,0,0,0
0,0,0,0
0,0,0,0
0,0,0,0
0,0,0,0
0,0,0,0
0,0,0,0
0,0,0,0
0,0,0,0
0,0,0,0
0,0,0,0
0,0,0,0
0,0,0,0
0,0,0,0
0,0,0,0
0,0,0,0
0,0,0,0
0,0,0,0
0,0,0,0
0,0,0,0
0,0,0,0
0,0,0,0
0,0,0,0
0,0,0,0
0,0,0,0
0,0,0,0
6.0479,6.0479,285.04,285.04
1.8826,1.8826,88.726,88.726
0,0,0,0
0,0,0,0
0,0,0,0
0,0,0,0
0,0,0,0
0,0,0,0
3.1663,3.1663,145.52,145.52
0,0,0,0
0,0,0,0
1.5514,1.5514,73.013,73.013
0,0,0,0
0,0,0,0
2.37,2.37,108.95,108.95
0,0,0,0
0,0,0,0
0,0,0,0
5.7189,5.7189,272.83,272.83
85.6,85.6,4083.7,4083.7
64.686,64.686,3085.9,3085.9
2.4678,2.4678,117.73,117.73
0,0,0,0
0,0,0,0
2.5231,2.5231,115.72,115.72
71.907,71.907,3297.8,3297.8
103.46,103.46,4745.1,4745.1
7.5157,7.5157,344.69,344.69
0,0,0,0
0,0,0,0
0,0,0,0
0,0,0,0
0,0,0,0
0,0,0,0
0,0,0,0
0,0,0,0
0,0,0,0
0,0,0,0
0,0,0,0
0,0,0,0
0,0,0,0
0,0,0,0
0,0,0,0
0,0,0,0
0,0,0,0
0,0,0,0
0,0,0,0
0,0,0,0
0,0,0,0
0,0,0,0
0,0,0,0
0,0,0,0
0,0,0,0
0,0,0,0
0,0,0,0
0,0,0,0
0,0,0,0
0,0,0,0
0,0,0,0
0,0,0,0
0,0,0,0
0,0,0,0
0,0,0,0
0,0,0,0
0,0,0,0
0,0,0,0
0,0,0,0
0,0,0,0
0,0,0,0
0,0,0,0
0,0,0,0
0,0,0,0
0,0,0,0
0,0,0,0
0,0,0,0
0,0,0,0
0,0,0,0
0,0,0,0
0,0,0,0
0,0,0,0
0,0,0,0
0,0,0,0
0,0,0,0
0,0,0,0
0,0,0,0
0,0,0,0
0,0,0,0
0,0,0,0
0,0,0,0
0,0,0,0
0,0,0,0
0,0,0,0
0,0,0,0
0,0,0,0
0,0,0,0
0,0,0,0
0,0,0,0
0,0,0,0
0,0,0,0
0,0,0,0
0,0,0,0
0,0,0,0
0,0,0,0
0,0,0,0
0,0,0,0
0,0,0,0
0,0,0,0
0,0,0,0
0,0,0,0
0,0,0,0
0,0,0,0
0,0,0,0
0,0,0,0
0,0,0,0
0,0,0,0
0,0,0,0
0,0,0,0
0,0,0,0
0,0,0,0
0,0,0,0
0,0,0,0
0,0,0,0
0,0,0,0
0,0,0,0
0,0,0,0
0,0,0,0
0,0,0,0
0,0,0,0
0,0,0,0
0,0,0,0
0,0,0,0
0,0,0,0
0,0,0,0
0,0,0,0
0,0,0,0
0,0,0,0
0,0,0,0
0,0,0,0
0,0,0,0
0,0,0,0
0,0,0,0
0,0,0,0
0,0,0,0
0,0,0,0
0,0,0,0
0,0,0,0
0,0,0,0
0,0,0,0
0,0,0,0
0,0,0,0
0,0,0,0
0,0,0,0
0,0,0,0
0,0,0,0
0,0,0,0
0,0,0,0
0,0,0,0
0,0,0,0
0,0,0,0
0,0,0,0
0,0,0,0
0,0,0,0
0,0,0,0
0,0,0,0
0,0,0,0
0,0,0,0
0,0,0,0
0,0,0,0
0,0,0,0
0,0,0,0
0,0,0,0
0,0,0,0
0,0,0,0
0,0,0,0
0,0,0,0
0,0,0,0
0,0,0,0
0,0,0,0
0,0,0,0
0,0,0,0
0,0,0,0
0,0,0,0
0,0,0,0
0,0,0,0
3.8427,3.8427,181.11,181.11
0,0,0,0
0,0,0,0
0,0,0,0
0,0,0,0
0,0,0,0
0,0,0,0
0,0,0,0
1.9268,1.9268,88.554,88.554
0,0,0,0
0,0,0,0
0,0,0,0
0,0,0,0
0,0,0,0
0,0,0,0
0,0,0,0
0,0,0,0
0,0,0,0
5.0924,5.0924,242.94,242.94
76.222,76.222,3636.3,3636.3
57.598,57.598,2747.8,2747.8
2.1974,2.1974,104.83,104.83
0,0,0,0
0,0,0,0
2.5178,2.5178,115.47,115.47
71.756,71.756,3290.9,3290.9
103.24,103.24,4735.1,4735.1
7.4999,7.4999,343.96,343.96
0,0,0,0
0,0,0,0
0,0,0,0
0,0,0,0
0,0,0,0
0,0,0,0
0,0,0,0
0,0,0,0
0,0,0,0
0,0,0,0
0,0,0,0
0,0,0,0
0,0,0,0
0,0,0,0
0,0,0,0
0,0,0,0
0,0,0,0
0,0,0,0
0,0,0,0
0,0,0,0
0,0,0,0
0,0,0,0
0,0,0,0
0,0,0,0
0,0,0,0
0,0,0,0
0,0,0,0
0,0,0,0
0,0,0,0
0,0,0,0
0,0,0,0
0,0,0,0
0,0,0,0
0,0,0,0
0,0,0,0
0,0,0,0
0,0,0,0
0,0,0,0
0,0,0,0
0,0,0,0
0,0,0,0
0,0,0,0
0,0,0,0
0,0,0,0
0,0,0,0
0,0,0,0
0,0,0,0
0,0,0,0
0,0,0,0
0,0,0,0
0,0,0,0
0,0,0,0
0,0,0,0
0,0,0,0
0,0,0,0
0,0,0,0
0,0,0,0
0,0,0,0
0,0,0,0
0,0,0,0
0,0,0,0
0,0,0,0
0,0,0,0
0,0,0,0
0,0,0,0
0,0,0,0
0,0,0,0
0,0,0,0
0,0,0,0
0,0,0,0
0,0,0,0
0,0,0,0
0,0,0,0
0,0,0,0
0,0,0,0
0,0,0,0
0,0,0,0
0,0,0,0
0,0,0,0
0,0,0,0
0,0,0,0
0,0,0,0
0,0,0,0
0,0,0,0
0,0,0,0
0,0,0,0
0,0,0,0
0,0,0,0
0,0,0,0
0,0,0,0
0,0,0,0
0,0,0,0
0,0,0,0
0,0,0,0
0,0,0,0
0,0,0,0
0,0,0,0
0,0,0,0
0,0,0,0
0,0,0,0
0,0,0,0
0,0,0,0
0,0,0,0
0,0,0,0
0,0,0,0
0,0,0,0
0,0,0,0
0,0,0,0
0,0,0,0
0,0,0,0
0,0,0,0
0,0,0,0
0,0,0,0
0,0,0,0
0,0,0,0
0,0,0,0
0,0,0,0
0,0,0,0
0,0,0,0
0,0,0,0
0,0,0,0
0,0,0,0
0,0,0,0
0,0,0,0
0,0,0,0
0,0,0,0
0,0,0,0
0,0,0,0
0,0,0,0
0,0,0,0
0,0,0,0
0,0,0,0
0,0,0,0
0,0,0,0
0,0,0,0
0,0,0,0
0,0,0,0
0,0,0,0
0,0,0,0
0,0,0,0
0,0,0,0
0,0,0,0
0,0,0,0
0,0,0,0
0,0,0,0
0,0,0,0
0,0,0,0
0,0,0,0
0,0,0,0
0,0,0,0
0,0,0,0
0,0,0,0
0,0,0,0
0,0,0,0
0,0,0,0
0,0,0,0
2.3658,2.3658,111.5,111.5
0,0,0,0
0,0,0,0
0,0,0,0
0,0,0,0
0,0,0,0
0,0,0,0
0,0,0,0
0,0,0,0
0,0,0,0
0,0,0,0
0,0,0,0
0,0,0,0
0,0,0,0
0,0,0,0
0,0,0,0
0,0,0,0
0,0,0,0
4.3936,4.3936,209.61,209.61
65.763,65.763,3137.4,3137.4
49.695,49.695,2370.8,2370.8
1.8959,1.8959,90.448,90.448
0,0,0,0
0,0,0,0
2.4345,2.4345,111.65,111.65
69.381,69.381,3182,3182
99.829,99.829,4578.4,4578.4
7.2517,7.2517,332.58,332.58
0,0,0,0
0,0,0,0
0,0,0,0
0,0,0,0
0,0,0,0
0,0,0,0
0,0,0,0
0,0,0,0
0,0,0,0
0,0,0,0
0,0,0,0
0,0,0,0
0,0,0,0
0,0,0,0
0,0,0,0
0,0,0,0
0,0,0,0
0,0,0,0
0,0,0,0
0,0,0,0
0,0,0,0
0,0,0,0
0,0,0,0
0,0,0,0
0,0,0,0
0,0,0,0
0,0,0,0
0,0,0,0
0,0,0,0
0,0,0,0
0,0,0,0
0,0,0,0
0,0,0,0
0,0,0,0
0,0,0,0
0,0,0,0
0,0,0,0
0,0,0,0
0,0,0,0
0,0,0,0
0,0,0,0
0,0,0,0
0,0,0,0
0,0,0,0
0,0,0,0
0,0,0,0
0,0,0,0
0,0,0,0
0,0,0,0
0,0,0,0
0,0,0,0
0,0,0,0
0,0,0,0
0,0,0,0
0,0,0,0
0,0,0,0
0,0,0,0
0,0,0,0
0,0,0,0
0,0,0,0
0,0,0,0
0,0,0,0
0,0,0,0
0,0,0,0
0,0,0,0
0,0,0,0
0,0,0,0
0,0,0,0
0,0,0,0
0,0,0,0
0,0,0,0
0,0,0,0
0,0,0,0
0,0,0,0
0,0,0,0
0,0,0,0
0,0,0,0
0,0,0,0
0,0,0,0
0,0,0,0
0,0,0,0
0,0,0,0
0,0,0,0
0,0,0,0
0,0,0,0
0,0,0,0
0,0,0,0
0,0,0,0
0,0,0,0
0,0,0,0
0,0,0,0
0,0,0,0
0,0,0,0
0,0,0,0
0,0,0,0
0,0,0,0
0,0,0,0
0,0,0,0
0,0,0,0
0,0,0,0
0,0,0,0
0,0,0,0
0,0,0,0
0,0,0,0
0,0,0,0
0,0,0,0
0,0,0,0
0,0,0,0
0,0,0,0
0,0,0,0
0,0,0,0
0,0,0,0
0,0,0,0
0,0,0,0
0,0,0,0
0,0,0,0
0,0,0,0
0,0,0,0
0,0,0,0
0,0,0,0
0,0,0,0
0,0,0,0
0,0,0,0
0,0,0,0
0,0,0,0
0,0,0,0
0,0,0,0
0,0,0,0
0,0,0,0
0,0,0,0
0,0,0,0
0,0,0,0
0,0,0,0
0,0,0,0
0,0,0,0
0,0,0,0
0,0,0,0
0,0,0,0
0,0,0,0
0,0,0,0
0,0,0,0
0,0,0,0
0,0,0,0
0,0,0,0
0,0,0,0
0,0,0,0
0,0,0,0
0,0,0,0
0,0,0,0
0,0,0,0
0,0,0,0
0,0,0,0
0,0,0,0
0,0,0,0
0,0,0,0
0,0,0,0
0,0,0,0
0,0,0,0
0,0,0,0
0,0,0,0
0,0,0,0
0,0,0,0
0,0,0,0
0,0,0,0
0,0,0,0
0,0,0,0
0,0,0,0
0,0,0,0
0,0,0,0
0,0,0,0
0,0,0,0
0,0,0,0
0,0,0,0
0,0,0,0
3.6731,3.6731,175.23,175.23
54.978,54.978,2622.8,2622.8
41.546,41.546,1982,1982
1.585,1.585,75.615,75.615
0,0,0,0
0,0,0,0
2.2808,2.2808,104.6,104.6
65.003,65.003,2981.2,2981.2
93.528,93.528,4289.4,4289.4
6.794,6.794,311.59,311.59
0,0,0,0
0,0,0,0
0,0,0,0
0,0,0,0
0,0,0,0
0,0,0,0
0,0,0,0
0,0,0,0
0,0,0,0
0,0,0,0
0,0,0,0
0,0,0,0
0,0,0,0
0,0,0,0
0,0,0,0
0,0,0,0
0,0,0,0
0,0,0,0
0,0,0,0
0,0,0,0
0,0,0,0
0,0,0,0
0,0,0,0
0,0,0,0
0,0,0,0
0,0,0,0
0,0,0,0
0,0,0,0
0,0,0,0
0,0,0,0
0,0,0,0
0,0,0,0
0,0,0,0
0,0,0,0
0,0,0,0
0,0,0,0
0,0,0,0
0,0,0,0
0,0,0,0
0,0,0,0
0,0,0,0
0,0,0,0
0,0,0,0
0,0,0,0
0,0,0,0
0,0,0,0
0,0,0,0
0,0,0,0
0,0,0,0
0,0,0,0
0,0,0,0
0,0,0,0
0,0,0,0
0,0,0,0
0,0,0,0
0,0,0,0
0,0,0,0
0,0,0,0
0,0,0,0
0,0,0,0
0,0,0,0
0,0,0,0
0,0,0,0
0,0,0,0
0,0,0,0
0,0,0,0
0,0,0,0
0,0,0,0
0,0,0,0
0,0,0,0
0,0,0,0
0,0,0,0
0,0,0,0
0,0,0,0
0,0,0,0
0,0,0,0
0,0,0,0
0,0,0,0
0,0,0,0
0,0,0,0
0,0,0,0
0,0,0,0
0,0,0,0
0,0,0,0
0,0,0,0
0,0,0,0
0,0,0,0
0,0,0,0
0,0,0,0
0,0,0,0
0,0,0,0
0,0,0,0
0,0,0,0
0,0,0,0
0,0,0,0
0,0,0,0
0,0,0,0
0,0,0,0
0,0,0,0
0,0,0,0
0,0,0,0
0,0,0,0
0,0,0,0
0,0,0,0
0,0,0,0
0,0,0,0
0,0,0,0
0,0,0,0
0,0,0,0
0,0,0,0
0,0,0,0
0,0,0,0
0,0,0,0
0,0,0,0
0,0,0,0
0,0,0,0
0,0,0,0
0,0,0,0
0,0,0,0
0,0,0,0
0,0,0,0
0,0,0,0
0,0,0,0
0,0,0,0
0,0,0,0
0,0,0,0
0,0,0,0
0,0,0,0
0,0,0,0
0,0,0,0
0,0,0,0
0,0,0,0
0,0,0,0
0,0,0,0
0,0,0,0
0,0,0,0
0,0,0,0
0,0,0,0
0,0,0,0
0,0,0,0
0,0,0,0
0,0,0,0
0,0,0,0
0,0,0,0
0,0,0,0
0,0,0,0
0,0,0,0
0,0,0,0
0,0,0,0
0,0,0,0
0,0,0,0
0,0,0,0
0,0,0,0
0,0,0,0
0,0,0,0
0,0,0,0
0,0,0,0
0,0,0,0
0,0,0,0
0,0,0,0
0,0,0,0
0,0,0,0
0,0,0,0
0,0,0,0
0,0,0,0
0,0,0,0
0,0,0,0
0,0,0,0
0,0,0,0
0,0,0,0
0,0,0,0
0,0,0,0
0,0,0,0
0,0,0,0
2.9754,2.9754,141.95,141.95
44.535,44.535,2124.6,2124.6
33.654,33.654,1605.5,1605.5
0,0,0,0
0,0,0,0
0,0,0,0
2.0705,2.0705,94.96,94.96
59.01,59.01,2706.3,2706.3
84.905,84.905,3894,3894
6.1676,6.1676,282.86,282.86
0,0,0,0
0,0,0,0
0,0,0,0
0,0,0,0
0,0,0,0
0,0,0,0
0,0,0,0
0,0,0,0
0,0,0,0
0,0,0,0
0,0,0,0
0,0,0,0
0,0,0,0
0,0,0,0
0,0,0,0
0,0,0,0
0,0,0,0
0,0,0,0
0,0,0,0
0,0,0,0
0,0,0,0
0,0,0,0
0,0,0,0
0,0,0,0
0,0,0,0
0,0,0,0
0,0,0,0
0,0,0,0
0,0,0,0
0,0,0,0
0,0,0,0
0,0,0,0
0,0,0,0
0,0,0,0
0,0,0,0
0,0,0,0
0,0,0,0
0,0,0,0
0,0,0,0
0,0,0,0
0,0,0,0
0,0,0,0
0,0,0,0
0,0,0,0
0,0,0,0
0,0,0,0
0,0,0,0
0,0,0,0
0,0,0,0
0,0,0,0
0,0,0,0
0,0,0,0
0,0,0,0
0,0,0,0
0,0,0,0
0,0,0,0
0,0,0,0
0,0,0,0
0,0,0,0
0,0,0,0
0,0,0,0
0,0,0,0
0,0,0,0
0,0,0,0
0,0,0,0
0,0,0,0
0,0,0,0
0,0,0,0
0,0,0,0
0,0,0,0
0,0,0,0
0,0,0,0
0,0,0,0
0,0,0,0
0,0,0,0
0,0,0,0
0,0,0,0
0,0,0,0
0,0,0,0
0,0,0,0
0,0,0,0
0,0,0,0
0,0,0,0
0,0,0,0
0,0,0,0
0,0,0,0
0,0,0,0
0,0,0,0
0,0,0,0
0,0,0,0
0,0,0,0
0,0,0,0
0,0,0,0
0,0,0,0
0,0,0,0
0,0,0,0
0,0,0,0
0,0,0,0
0,0,0,0
0,0,0,0
0,0,0,0
0,0,0,0
0,0,0,0
0,0,0,0
0,0,0,0
0,0,0,0
0,0,0,0
0,0,0,0
0,0,0,0
0,0,0,0
0,0,0,0
0,0,0,0
0,0,0,0
0,0,0,0
0,0,0,0
0,0,0,0
0,0,0,0
0,0,0,0
0,0,0,0
0,0,0,0
0,0,0,0
0,0,0,0
0,0,0,0
0,0,0,0
0,0,0,0
0,0,0,0
0,0,0,0
0,0,0,0
0,0,0,0
0,0,0,0
0,0,0,0
0,0,0,0
0,0,0,0
0,0,0,0
0,0,0,0
0,0,0,0
0,0,0,0
0,0,0,0
0,0,0,0
0,0,0,0
0,0,0,0
0,0,0,0
0,0,0,0
0,0,0,0
0,0,0,0
0,0,0,0
0,0,0,0
0,0,0,0
0,0,0,0
0,0,0,0
0,0,0,0
0,0,0,0
0,0,0,0
0,0,0,0
0,0,0,0
0,0,0,0
0,0,0,0
0,0,0,0
0,0,0,0
0,0,0,0
0,0,0,0
0,0,0,0
0,0,0,0
0,0,0,0
0,0,0,0
0,0,0,0
0,0,0,0
0,0,0,0
0,0,0,0
0,0,0,0
0,0,0,0
0,0,0,0
0,0,0,0
0,0,0,0
2.3354,2.3354,111.41,111.41
34.955,34.955,1667.6,1667.6
26.415,26.415,1260.2,1260.2
0,0,0,0
0,0,0,0
0,0,0,0
1.8213,1.8213,83.528,83.528
51.906,51.906,2380.5,2380.5
74.684,74.684,3425.2,3425.2
5.4251,5.4251,248.81,248.81
0,0,0,0
0,0,0,0
0,0,0,0
0,0,0,0
0,0,0,0
0,0,0,0
0,0,0,0
0,0,0,0
0,0,0,0
0,0,0,0
0,0,0,0
0,0,0,0
0,0,0,0
0,0,0,0
0,0,0,0
0,0,0,0
0,0,0,0
0,0,0,0
0,0,0,0
0,0,0,0
0,0,0,0
0,0,0,0
0,0,0,0
0,0,0,0
0,0,0,0
0,0,0,0
0,0,0,0
0,0,0,0
0,0,0,0
0,0,0,0
0,0,0,0
0,0,0,0
0,0,0,0
0,0,0,0
0,0,0,0
0,0,0,0
0,0,0,0
0,0,0,0
0,0,0,0
0,0,0,0
0,0,0,0
0,0,0,0
0,0,0,0
0,0,0,0
0,0,0,0
0,0,0,0
0,0,0,0
0,0,0,0
0,0,0,0
0,0,0,0
0,0,0,0
0,0,0,0
0,0,0,0
0,0,0,0
0,0,0,0
0,0,0,0
0,0,0,0
0,0,0,0
0,0,0,0
0,0,0,0
0,0,0,0
0,0,0,0
0,0,0,0
0,0,0,0
0,0,0,0
0,0,0,0
0,0,0,0
0,0,0,0
0,0,0,0
0,0,0,0
0,0,0,0
0,0,0,0
0,0,0,0
0,0,0,0
0,0,0,0
0,0,0,0
0,0,0,0
0,0,0,0
0,0,0,0
0,0,0,0
0,0,0,0
0,0,0,0
0,0,0,0
0,0,0,0
0,0,0,0
0,0,0,0
0,0,0,0
0,0,0,0
0,0,0,0
0,0,0,0
0,0,0,0
0,0,0,0
0,0,0,0
0,0,0,0
0,0,0,0
0,0,0,0
0,0,0,0
0,0,0,0
0,0,0,0
0,0,0,0
0,0,0,0
0,0,0,0
0,0,0,0
0,0,0,0
0,0,0,0
0,0,0,0
0,0,0,0
0,0,0,0
0,0,0,0
0,0,0,0
0,0,0,0
0,0,0,0
0,0,0,0
0,0,0,0
0,0,0,0
0,0,0,0
0,0,0,0
0,0,0,0
0,0,0,0
0,0,0,0
0,0,0,0
0,0,0,0
0,0,0,0
0,0,0,0
0,0,0,0
0,0,0,0
0,0,0,0
0,0,0,0
0,0,0,0
0,0,0,0
0,0,0,0
0,0,0,0
0,0,0,0
0,0,0,0
0,0,0,0
0,0,0,0
0,0,0,0
0,0,0,0
0,0,0,0
0,0,0,0
0,0,0,0
0,0,0,0
0,0,0,0
0,0,0,0
0,0,0,0
0,0,0,0
0,0,0,0
0,0,0,0
0,0,0,0
0,0,0,0
0,0,0,0
0,0,0,0
0,0,0,0
0,0,0,0
0,0,0,0
0,0,0,0
0,0,0,0
0,0,0,0
0,0,0,0
0,0,0,0
0,0,0,0
0,0,0,0
0,0,0,0
0,0,0,0
0,0,0,0
0,0,0,0
0,0,0,0
0,0,0,0
0,0,0,0
0,0,0,0
0,0,0,0
0,0,0,0
0,0,0,0
0,0,0,0
1.7761,1.7761,84.732,84.732
26.585,26.585,1268.3,1268.3
20.089,20.089,958.38,958.38
0,0,0,0
0,0,0,0
0,0,0,0
1.5523,1.5523,71.192,71.192
44.239,44.239,2028.9,2028.9
63.653,63.653,2919.3,2919.3
4.6239,4.6239,212.06,212.06
0,0,0,0
0,0,0,0
0,0,0,0
0,0,0,0
0,0,0,0
0,0,0,0
0,0,0,0
0,0,0,0
0,0,0,0
0,0,0,0
0,0,0,0
0,0,0,0
0,0,0,0
0,0,0,0
0,0,0,0
0,0,0,0
0,0,0,0
0,0,0,0
0,0,0,0
0,0,0,0
0,0,0,0
0,0,0,0
0,0,0,0
0,0,0,0
0,0,0,0
0,0,0,0
0,0,0,0
0,0,0,0
0,0,0,0
0,0,0,0
0,0,0,0
0,0,0,0
0,0,0,0
0,0,0,0
0,0,0,0
0,0,0,0
0,0,0,0
0,0,0,0
0,0,0,0
0,0,0,0
0,0,0,0
0,0,0,0
0,0,0,0
0,0,0,0
0,0,0,0
0,0,0,0
0,0,0,0
0,0,0,0
0,0,0,0
0,0,0,0
0,0,0,0
0,0,0,0
0,0,0,0
0,0,0,0
0,0,0,0
0,0,0,0
0,0,0,0
0,0,0,0
0,0,0,0
0,0,0,0
0,0,0,0
0,0,0,0
0,0,0,0
0,0,0,0
0,0,0,0
0,0,0,0
0,0,0,0
0,0,0,0
0,0,0,0
0,0,0,0
0,0,0,0
0,0,0,0
0,0,0,0
0,0,0,0
0,0,0,0
0,0,0,0
0,0,0,0
0,0,0,0
0,0,0,0
0,0,0,0
0,0,0,0
0,0,0,0
0,0,0,0
0,0,0,0
0,0,0,0
0,0,0,0
0,0,0,0
0,0,0,0
0,0,0,0
0,0,0,0
0,0,0,0
0,0,0,0
0,0,0,0
0,0,0,0
0,0,0,0
0,0,0,0
0,0,0,0
0,0,0,0
0,0,0,0
0,0,0,0
0,0,0,0
0,0,0,0
0,0,0,0
0,0,0,0
0,0,0,0
0,0,0,0
0,0,0,0
0,0,0,0
0,0,0,0
0,0,0,0
0,0,0,0
0,0,0,0
0,0,0,0
0,0,0,0
0,0,0,0
0,0,0,0
0,0,0,0
0,0,0,0
0,0,0,0
0,0,0,0
0,0,0,0
0,0,0,0
0,0,0,0
0,0,0,0
0,0,0,0
0,0,0,0
0,0,0,0
0,0,0,0
0,0,0,0
0,0,0,0
0,0,0,0
0,0,0,0
0,0,0,0
0,0,0,0
0,0,0,0
0,0,0,0
0,0,0,0
0,0,0,0
0,0,0,0
0,0,0,0
0,0,0,0
0,0,0,0
0,0,0,0
0,0,0,0
0,0,0,0
0,0,0,0
0,0,0,0
0,0,0,0
0,0,0,0
0,0,0,0
0,0,0,0
0,0,0,0
0,0,0,0
0,0,0,0
0,0,0,0
0,0,0,0
0,0,0,0
0,0,0,0
0,0,0,0
0,0,0,0
0,0,0,0
0,0,0,0
0,0,0,0
0,0,0,0
0,0,0,0
0,0,0,0
0,0,0,0
0,0,0,0
0,0,0,0
0,0,0,0
0,0,0,0
0,0,0,0
0,0,0,0
0,0,0,0
0,0,0,0
19.59,19.59,934.6,934.6
14.804,14.804,706.25,706.25
0,0,0,0
0,0,0,0
0,0,0,0
0,0,0,0
36.535,36.535,1675.6,1675.6
52.568,52.568,2410.9,2410.9
3.8186,3.8186,175.13,175.13
0,0,0,0
0,0,0,0
0,0,0,0
0,0,0,0
0,0,0,0
0,0,0,0
0,0,0,0
0,0,0,0
0,0,0,0
0,0,0,0
0,0,0,0
0,0,0,0
0,0,0,0
0,0,0,0
0,0,0,0
0,0,0,0
0,0,0,0
0,0,0,0
0,0,0,0
0,0,0,0
0,0,0,0
0,0,0,0
0,0,0,0
0,0,0,0
0,0,0,0
0,0,0,0
0,0,0,0
0,0,0,0
0,0,0,0
0,0,0,0
0,0,0,0
0,0,0,0
0,0,0,0
0,0,0,0
0,0,0,0
0,0,0,0
0,0,0,0
0,0,0,0
0,0,0,0
0,0,0,0
0,0,0,0
0,0,0,0
0,0,0,0
0,0,0,0
0,0,0,0
0,0,0,0
0,0,0,0
0,0,0,0
0,0,0,0
0,0,0,0
0,0,0,0
0,0,0,0
0,0,0,0
0,0,0,0
0,0,0,0
0,0,0,0
0,0,0,0
0,0,0,0
0,0,0,0
0,0,0,0
0,0,0,0
0,0,0,0
0,0,0,0
0,0,0,0
0,0,0,0
0,0,0,0
0,0,0,0
0,0,0,0
0,0,0,0
0,0,0,0
0,0,0,0
0,0,0,0
0,0,0,0
0,0,0,0
0,0,0,0
0,0,0,0
0,0,0,0
0,0,0,0
0,0,0,0
0,0,0,0
0,0,0,0
0,0,0,0
0,0,0,0
0,0,0,0
0,0,0,0
0,0,0,0
0,0,0,0
0,0,0,0
0,0,0,0
0,0,0,0
0,0,0,0
0,0,0,0
0,0,0,0
0,0,0,0
0,0,0,0
0,0,0,0
0,0,0,0
0,0,0,0
0,0,0,0
0,0,0,0
0,0,0,0
0,0,0,0
0,0,0,0
0,0,0,0
0,0,0,0
0,0,0,0
0,0,0,0
0,0,0,0
0,0,0,0
0,0,0,0
0,0,0,0
0,0,0,0
0,0,0,0
0,0,0,0
0,0,0,0
0,0,0,0
0,0,0,0
0,0,0,0
0,0,0,0
0,0,0,0
0,0,0,0
0,0,0,0
0,0,0,0
0,0,0,0
0,0,0,0
0,0,0,0
0,0,0,0
0,0,0,0
0,0,0,0
0,0,0,0
0,0,0,0
0,0,0,0
0,0,0,0
0,0,0,0
0,0,0,0
0,0,0,0
0,0,0,0
0,0,0,0
0,0,0,0
0,0,0,0
0,0,0,0
0,0,0,0
0,0,0,0
0,0,0,0
0,0,0,0
0,0,0,0
0,0,0,0
0,0,0,0
0,0,0,0
0,0,0,0
0,0,0,0
0,0,0,0
0,0,0,0
0,0,0,0
0,0,0,0
0,0,0,0
0,0,0,0
0,0,0,0
0,0,0,0
0,0,0,0
0,0,0,0
0,0,0,0
0,0,0,0
0,0,0,0
0,0,0,0
0,0,0,0
0,0,0,0
0,0,0,0
0,0,0,0
0,0,0,0
0,0,0,0
0,0,0,0
0,0,0,0
0,0,0,0
0,0,0,0
13.988,13.988,667.33,667.33
10.571,10.571,504.28,504.28
0,0,0,0
0,0,0,0
0,0,0,0
0,0,0,0
29.235,29.235,1340.8,1340.8
42.065,42.065,1929.2,1929.2
3.0556,3.0556,140.14,140.14
0,0,0,0
0,0,0,0
0,0,0,0
0,0,0,0
0,0,0,0
0,0,0,0
0,0,0,0
0,0,0,0
0,0,0,0
0,0,0,0
0,0,0,0
0,0,0,0
0,0,0,0
0,0,0,0
0,0,0,0
0,0,0,0
0,0,0,0
0,0,0,0
0,0,0,0
0,0,0,0
0,0,0,0
0,0,0,0
0,0,0,0
0,0,0,0
0,0,0,0
0,0,0,0
0,0,0,0
0,0,0,0
0,0,0,0
0,0,0,0
0,0,0,0
0,0,0,0
0,0,0,0
0,0,0,0
0,0,0,0
0,0,0,0
0,0,0,0
0,0,0,0
0,0,0,0
0,0,0,0
0,0,0,0
0,0,0,0
0,0,0,0
0,0,0,0
0,0,0,0
0,0,0,0
0,0,0,0
0,0,0,0
0,0,0,0
0,0,0,0
0,0,0,0
0,0,0,0
0,0,0,0
0,0,0,0
0,0,0,0
0,0,0,0
0,0,0,0
0,0,0,0
0,0,0,0
0,0,0,0
0,0,0,0
0,0,0,0
0,0,0,0
0,0,0,0
0,0,0,0
0,0,0,0
0,0,0,0
0,0,0,0
0,0,0,0
0,0,0,0
0,0,0,0
0,0,0,0
0,0,0,0
0,0,0,0
0,0,0,0
0,0,0,0
0,0,0,0
0,0,0,0
0,0,0,0
0,0,0,0
0,0,0,0
0,0,0,0
0,0,0,0
0,0,0,0
0,0,0,0
0,0,0,0
0,0,0,0
0,0,0,0
0,0,0,0
0,0,0,0
0,0,0,0
0,0,0,0
0,0,0,0
0,0,0,0
0,0,0,0
0,0,0,0
0,0,0,0
0,0,0,0
0,0,0,0
0,0,0,0
0,0,0,0
0,0,0,0
0,0,0,0
0,0,0,0
0,0,0,0
0,0,0,0
0,0,0,0
0,0,0,0
0,0,0,0
0,0,0,0
0,0,0,0
0,0,0,0
0,0,0,0
0,0,0,0
0,0,0,0
0,0,0,0
0,0,0,0
0,0,0,0
0,0,0,0
0,0,0,0
0,0,0,0
0,0,0,0
0,0,0,0
0,0,0,0
0,0,0,0
0,0,0,0
0,0,0,0
0,0,0,0
0,0,0,0
0,0,0,0
0,0,0,0
0,0,0,0
0,0,0,0
0,0,0,0
0,0,0,0
0,0,0,0
0,0,0,0
0,0,0,0
0,0,0,0
0,0,0,0
0,0,0,0
0,0,0,0
0,0,0,0
0,0,0,0
0,0,0,0
0,0,0,0
0,0,0,0
0,0,0,0
0,0,0,0
0,0,0,0
0,0,0,0
0,0,0,0
0,0,0,0
0,0,0,0
0,0,0,0
0,0,0,0
0,0,0,0
0,0,0,0
0,0,0,0
0,0,0,0
0,0,0,0
0,0,0,0
0,0,0,0
0,0,0,0
0,0,0,0
0,0,0,0
0,0,0,0
0,0,0,0
0,0,0,0
0,0,0,0
0,0,0,0
0,0,0,0
0,0,0,0
0,0,0,0
0,0,0,0
9.678,9.678,461.7,461.7
7.3133,7.3133,348.9,348.9
0,0,0,0
0,0,0,0
0,0,0,0
0,0,0,0
22.668,22.668,1039.6,1039.6
32.615,32.615,1495.8,1495.8
2.3692,2.3692,108.66,108.66
0,0,0,0
0,0,0,0
0,0,0,0
0,0,0,0
0,0,0,0
0,0,0,0
0,0,0,0
0,0,0,0
0,0,0,0
0,0,0,0
0,0,0,0
0,0,0,0
0,0,0,0
0,0,0,0
0,0,0,0
0,0,0,0
0,0,0,0
0,0,0,0
0,0,0,0
0,0,0,0
0,0,0,0
0,0,0,0
0,0,0,0
0,0,0,0
0,0,0,0
0,0,0,0
0,0,0,0
0,0,0,0
0,0,0,0
0,0,0,0
0,0,0,0
0,0,0,0
0,0,0,0
0,0,0,0
0,0,0,0
0,0,0,0
0,0,0,0
0,0,0,0
0,0,0,0
0,0,0,0
0,0,0,0
0,0,0,0
0,0,0,0
0,0,0,0
0,0,0,0
0,0,0,0
0,0,0,0
0,0,0,0
0,0,0,0
0,0,0,0
0,0,0,0
0,0,0,0
0,0,0,0
0,0,0,0
0,0,0,0
0,0,0,0
0,0,0,0
0,0,0,0
0,0,0,0
0,0,0,0
0,0,0,0
0,0,0,0
0,0,0,0
0,0,0,0
0,0,0,0
0,0,0,0
0,0,0,0
0,0,0,0
0,0,0,0
0,0,0,0
0,0,0,0
0,0,0,0
0,0,0,0
0,0,0,0
0,0,0,0
0,0,0,0
0,0,0,0
0,0,0,0
0,0,0,0
0,0,0,0
0,0,0,0
0,0,0,0
0,0,0,0
0,0,0,0
0,0,0,0
0,0,0,0
0,0,0,0
0,0,0,0
0,0,0,0
0,0,0,0
0,0,0,0
0,0,0,0
0,0,0,0
0,0,0,0
0,0,0,0
0,0,0,0
0,0,0,0
0,0,0,0
0,0,0,0
0,0,0,0
0,0,0,0
0,0,0,0
0,0,0,0
0,0,0,0
0,0,0,0
0,0,0,0
0,0,0,0
0,0,0,0
0,0,0,0
0,0,0,0
0,0,0,0
0,0,0,0
0,0,0,0
0,0,0,0
0,0,0,0
0,0,0,0
0,0,0,0
0,0,0,0
0,0,0,0
0,0,0,0
0,0,0,0
0,0,0,0
0,0,0,0
0,0,0,0
0,0,0,0
0,0,0,0
0,0,0,0
0,0,0,0
0,0,0,0
0,0,0,0
0,0,0,0
0,0,0,0
0,0,0,0
0,0,0,0
0,0,0,0
0,0,0,0
0,0,0,0
0,0,0,0
0,0,0,0
0,0,0,0
0,0,0,0
0,0,0,0
0,0,0,0
0,0,0,0
0,0,0,0
0,0,0,0
0,0,0,0
0,0,0,0
0,0,0,0
0,0,0,0
0,0,0,0
0,0,0,0
0,0,0,0
0,0,0,0
0,0,0,0
0,0,0,0
0,0,0,0
0,0,0,0
0,0,0,0
0,0,0,0
0,0,0,0
0,0,0,0
0,0,0,0
0,0,0,0
0,0,0,0
0,0,0,0
0,0,0,0
0,0,0,0
0,0,0,0
0,0,0,0
0,0,0,0
0,0,0,0
0,0,0,0
0,0,0,0
0,0,0,0
6.4879,6.4879,309.52,309.52
4.9027,4.9027,233.89,233.89
0,0,0,0
0,0,0,0
0,0,0,0
0,0,0,0
17.03,17.03,781.03,781.03
24.503,24.503,1123.8,1123.8
1.7799,1.7799,81.633,81.633
0,0,0,0
0,0,0,0
0,0,0,0
0,0,0,0
0,0,0,0
0,0,0,0
0,0,0,0
0,0,0,0
0,0,0,0
0,0,0,0
0,0,0,0
0,0,0,0
0,0,0,0
0,0,0,0
0,0,0,0
0,0,0,0
0,0,0,0
0,0,0,0
0,0,0,0
0,0,0,0
0,0,0,0
0,0,0,0
0,0,0,0
0,0,0,0
0,0,0,0
0,0,0,0
0,0,0,0
0,0,0,0
0,0,0,0
0,0,0,0
0,0,0,0
0,0,0,0
0,0,0,0
0,0,0,0
0,0,0,0
0,0,0,0
0,0,0,0
0,0,0,0
0,0,0,0
0,0,0,0
0,0,0,0
0,0,0,0
0,0,0,0
0,0,0,0
0,0,0,0
0,0,0,0
0,0,0,0
0,0,0,0
0,0,0,0
0,0,0,0
0,0,0,0
0,0,0,0
0,0,0,0
0,0,0,0
0,0,0,0
0,0,0,0
0,0,0,0
0,0,0,0
0,0,0,0
0,0,0,0
0,0,0,0
0,0,0,0
0,0,0,0
0,0,0,0
0,0,0,0
0,0,0,0
0,0,0,0
0,0,0,0
0,0,0,0
0,0,0,0
0,0,0,0
0,0,0,0
0,0,0,0
0,0,0,0
0,0,0,0
0,0,0,0
0,0,0,0
0,0,0,0
0,0,0,0
0,0,0,0
0,0,0,0
0,0,0,0
0,0,0,0
0,0,0,0
0,0,0,0
0,0,0,0
0,0,0,0
0,0,0,0
0,0,0,0
0,0,0,0
0,0,0,0
0,0,0,0
0,0,0,0
0,0,0,0
0,0,0,0
0,0,0,0
0,0,0,0
0,0,0,0
0,0,0,0
0,0,0,0
0,0,0,0
0,0,0,0
0,0,0,0
0,0,0,0
0,0,0,0
0,0,0,0
0,0,0,0
0,0,0,0
0,0,0,0
0,0,0,0
0,0,0,0
0,0,0,0
0,0,0,0
0,0,0,0
0,0,0,0
0,0,0,0
0,0,0,0
0,0,0,0
0,0,0,0
0,0,0,0
0,0,0,0
0,0,0,0
0,0,0,0
0,0,0,0
0,0,0,0
0,0,0,0
0,0,0,0
0,0,0,0
0,0,0,0
0,0,0,0
0,0,0,0
0,0,0,0
0,0,0,0
0,0,0,0
0,0,0,0
0,0,0,0
0,0,0,0
0,0,0,0
0,0,0,0
0,0,0,0
0,0,0,0
0,0,0,0
0,0,0,0
0,0,0,0
0,0,0,0
0,0,0,0
0,0,0,0
0,0,0,0
0,0,0,0
0,0,0,0
0,0,0,0
0,0,0,0
0,0,0,0
0,0,0,0
0,0,0,0
0,0,0,0
0,0,0,0
0,0,0,0
0,0,0,0
0,0,0,0
0,0,0,0
0,0,0,0
0,0,0,0
0,0,0,0
0,0,0,0
0,0,0,0
0,0,0,0
0,0,0,0
0,0,0,0
0,0,0,0
0,0,0,0
0,0,0,0
0,0,0,0
0,0,0,0
0,0,0,0
4.2144,4.2144,201.05,201.05
3.1847,3.1847,151.93,151.93
0,0,0,0
0,0,0,0
0,0,0,0
0,0,0,0
12.397,12.397,568.56,568.56
17.837,17.837,818.06,818.06
0,0,0,0
0,0,0,0
0,0,0,0
0,0,0,0
0,0,0,0
0,0,0,0
0,0,0,0
0,0,0,0
0,0,0,0
0,0,0,0
0,0,0,0
0,0,0,0
0,0,0,0
0,0,0,0
0,0,0,0
0,0,0,0
0,0,0,0
0,0,0,0
0,0,0,0
0,0,0,0
0,0,0,0
0,0,0,0
0,0,0,0
0,0,0,0
0,0,0,0
0,0,0,0
0,0,0,0
0,0,0,0
0,0,0,0
0,0,0,0
0,0,0,0
0,0,0,0
0,0,0,0
0,0,0,0
0,0,0,0
0,0,0,0
0,0,0,0
0,0,0,0
0,0,0,0
0,0,0,0
0,0,0,0
0,0,0,0
0,0,0,0
0,0,0,0
0,0,0,0
0,0,0,0
0,0,0,0
0,0,0,0
0,0,0,0
0,0,0,0
0,0,0,0
0,0,0,0
0,0,0,0
0,0,0,0
0,0,0,0
0,0,0,0
0,0,0,0
0,0,0,0
0,0,0,0
0,0,0,0
0,0,0,0
0,0,0,0
0,0,0,0
0,0,0,0
0,0,0,0
0,0,0,0
0,0,0,0
0,0,0,0
0,0,0,0
0,0,0,0
0,0,0,0
0,0,0,0
0,0,0,0
0,0,0,0
0,0,0,0
0,0,0,0
0,0,0,0
0,0,0,0
0,0,0,0
0,0,0,0
0,0,0,0
0,0,0,0
0,0,0,0
0,0,0,0
0,0,0,0
0,0,0,0
0,0,0,0
0,0,0,0
0,0,0,0
0,0,0,0
0,0,0,0
0,0,0,0
0,0,0,0
0,0,0,0
0,0,0,0
0,0,0,0
0,0,0,0
0,0,0,0
0,0,0,0
0,0,0,0
0,0,0,0
0,0,0,0
0,0,0,0
0,0,0,0
0,0,0,0
0,0,0,0
0,0,0,0
0,0,0,0
0,0,0,0
0,0,0,0
0,0,0,0
0,0,0,0
0,0,0,0
0,0,0,0
0,0,0,0
0,0,0,0
0,0,0,0
0,0,0,0
0,0,0,0
0,0,0,0
0,0,0,0
0,0,0,0
0,0,0,0
0,0,0,0
0,0,0,0
0,0,0,0
0,0,0,0
0,0,0,0
0,0,0,0
0,0,0,0
0,0,0,0
0,0,0,0
0,0,0,0
0,0,0,0
0,0,0,0
0,0,0,0
0,0,0,0
0,0,0,0
0,0,0,0
0,0,0,0
0,0,0,0
0,0,0,0
0,0,0,0
0,0,0,0
0,0,0,0
0,0,0,0
0,0,0,0
0,0,0,0
0,0,0,0
0,0,0,0
0,0,0,0
0,0,0,0
0,0,0,0
0,0,0,0
0,0,0,0
0,0,0,0
0,0,0,0
0,0,0,0
0,0,0,0
0,0,0,0
0,0,0,0
0,0,0,0
0,0,0,0
0,0,0,0
0,0,0,0
0,0,0,0
0,0,0,0
0,0,0,0
0,0,0,0
0,0,0,0
0,0,0,0
0,0,0,0
0,0,0,0
0,0,0,0
0,0,0,0
0,0,0,0
0,0,0,0
0,0,0,0
0,0,0,0
0,0,0,0
0,0,0,0
0,0,0,0
0,0,0,0
0,0,0,0
0,0,0,0
0,0,0,0
0,0,0,0
0,0,0,0
0,0,0,0
0,0,0,0
0,0,0,0
0,0,0,0
0,0,0,0
0,0,0,0
0,0,0,0
0,0,0,0
0,0,0,0
0,0,0,0
0,0,0,0
0,0,0,0
0,0,0,0
0,0,0,0
0,0,0,0
0,0,0,0
0,0,0,0
0,0,0,0
0,0,0,0
0,0,0,0
0,0,0,0
0,0,0,0
0,0,0,0
0,0,0,0
0,0,0,0
0,0,0,0
0,0,0,0
0,0,0,0
0,0,0,0
0,0,0,0
0,0,0,0
0,0,0,0
0,0,0,0
0,0,0,0
0,0,0,0
0,0,0,0
0,0,0,0
0,0,0,0
0,0,0,0
0,0,0,0
0,0,0,0
0,0,0,0
0,0,0,0
0,0,0,0
0,0,0,0
0,0,0,0
0,0,0,0
0,0,0,0
0,0,0,0
0,0,0,0
0,0,0,0
0,0,0,0
0,0,0,0
0,0,0,0
0,0,0,0
0,0,0,0
0,0,0,0
0,0,0,0
0,0,0,0
0,0,0,0
0,0,0,0
0,0,0,0
0,0,0,0
0,0,0,0
0,0,0,0
0,0,0,0
0,0,0,0
0,0,0,0
0,0,0,0
0,0,0,0
0,0,0,0
0,0,0,0
0,0,0,0
0,0,0,0
0,0,0,0
0,0,0,0
0,0,0,0
0,0,0,0
0,0,0,0
0,0,0,0
0,0,0,0
0,0,0,0
0,0,0,0
0,0,0,0
0,0,0,0
0,0,0,0
0,0,0,0
0,0,0,0
0,0,0,0
0,0,0,0
0,0,0,0
0,0,0,0
0,0,0,0
0,0,0,0
0,0,0,0
0,0,0,0
0,0,0,0
0,0,0,0
0,0,0,0
0,0,0,0
0,0,0,0
0,0,0,0
0,0,0,0
0,0,0,0
0,0,0,0
0,0,0,0
0,0,0,0
0,0,0,0
0,0,0,0
0,0,0,0
0,0,0,0
0,0,0,0
0,0,0,0
0,0,0,0
0,0,0,0
0,0,0,0
0,0,0,0
0,0,0,0
0,0,0,0
0,0,0,0
0,0,0,0
0,0,0,0
0,0,0,0
0,0,0,0
0,0,0,0
0,0,0,0
0,0,0,0
0,0,0,0
0,0,0,0
0,0,0,0
0,0,0,0
0,0,0,0
0,0,0,0
0,0,0,0
0,0,0,0
0,0,0,0
0,0,0,0
0,0,0,0
0,0,0,0
0,0,0,0
0,0,0,0
0,0,0,0
0,0,0,0
0,0,0,0
0,0,0,0
0,0,0,0
0,0,0,0
0,0,0,0
0,0,0,0
0,0,0,0
0,0,0,0
0,0,0,0
0,0,0,0
0,0,0,0
0,0,0,0
0,0,0,0
0,0,0,0
0,0,0,0
0,0,0,0
0,0,0,0
0,0,0,0
0,0,0,0
0,0,0,0
0,0,0,0
0,0,0,0
0,0,0,0
0,0,0,0
0,0,0,0
0,0,0,0
0,0,0,0
0,0,0,0
0,0,0,0
0,0,0,0
0,0,0,0
0,0,0,0
0,0,0,0
0,0,0,0
0,0,0,0
0,0,0,0
0,0,0,0
0,0,0,0
0,0,0,0
0,0,0,0
0,0,0,0
0,0,0,0
0,0,0,0
0,0,0,0
0,0,0,0
0,0,0,0
0,0,0,0
0,0,0,0
0,0,0,0
0,0,0,0
0,0,0,0
0,0,0,0
0,0,0,0
0,0,0,0
0,0,0,0
0,0,0,0
0,0,0,0
0,0,0,0
0,0,0,0
0,0,0,0
0,0,0,0
0,0,0,0
0,0,0,0
0,0,0,0
0,0,0,0
0,0,0,0
0,0,0,0
0,0,0,0
0,0,0,0
0,0,0,0
0,0,0,0
0,0,0,0
0,0,0,0
0,0,0,0
0,0,0,0
0,0,0,0
0,0,0,0
0,0,0,0
3.7021,0,73.286,0
3.975,0,80.482,0
0,0,0,0
3.3913,0,73.142,0
0,0,0,0
3.464,0,78.726,0
3.1616,0,73.794,0
0,0,0,0
0,0,0,0
0,0,0,0
3.1145,0,78.923,0
0,0,0,0
2.6152,0,69.442,0
2.7227,0,73.359,0
2.556,0,69.53,0
2.9141,0,80.664,0
2.8616,0,80.733,0
2.8025,0,80.125,0
2.4512,0,71.043,0
2.5605,0,75.08,0
2.5015,0,74.32,0
0,0,0,0
2.5425,0,77.422,0
2.6378,0,81.445,0
2.3723,0,74.11,0
2.3008,0,72.536,0
2.4079,0,76.938,0
2.5379,0,81.779,0
2.4432,0,79.352,0
2.2338,0,73.397,0
2.4098,0,79.834,0
2.3534,0,78.539,0
2.24,0,75.299,0
0,0,0,0
2.2058,2.2058,95.1,95.1
0,0,0,0
2.3035,0,79.926,0
2.2928,0,80.048,0
0,0,0,0
2.296,2.296,94.879,94.879
2.1219,0,75.622,0
2.1823,0,78.249,0
2.265,0,81.834,0
2.1263,0,77.298,0
0,0,0,0
0,0,0,0
1.9264,0,71.001,0
0,0,0,0
1.8172,0,67.759,0
2.1259,0,79.753,0
2.0963,0,78.932,0
0,0,0,0
2.0565,0,78.218,0
0,0,0,0
2.0627,0,79.015,0
0,0,0,0
2.1195,0,81.884,0
0,0,0,0
2.0215,2.0215,92.654,92.654
1.9482,1.9482,76.388,76.388
0,0,0,0
1.9621,1.9621,92.318,92.318
1.8379,1.8379,76.154,76.154
1.7396,1.7396,69.555,69.555
0,0,0,0
1.799,1.799,72.4,72.4
1.977,1.977,79.975,79.975
2.042,2.042,82.896,82.896
1.9951,1.9951,94.194,94.194
0,0,0,0
1.8982,1.8982,77.976,77.976
1.9144,1.9144,78.89,78.89
1.6687,1.6687,68.913,68.913
0,0,0,0
1.9938,1.9938,82.876,82.876
1.9956,1.9956,89.577,89.577
1.9188,1.9188,85.156,85.156
0,0,0,0
1.8761,1.8761,78.847,78.847
1.8437,1.8437,77.821,77.821
1.6874,1.6874,76.95,76.95
1.9783,1.9783,83.809,83.809
1.9748,1.9748,83.862,83.862
1.8179,1.8179,77.343,77.343
1.8898,1.8898,80.602,80.602
1.9618,1.9618,101.89,101.89
1.9555,1.9555,83.793,83.793
1.8974,1.8974,81.475,81.475
0,0,0,0
1.9094,1.9094,83.264,83.264
0,0,0,0
0,0,0,0
1.6778,1.6778,72.698,72.698
1.7685,1.7685,78.527,78.527
1.8489,1.8489,90.278,90.278
0,0,0,0
1.9279,1.9279,84.159,84.159
1.9315,1.9315,91.649,91.649
1.9217,1.9217,84.067,84.067
1.8736,1.8736,82.856,82.856
1.6261,1.6261,71.301,71.301
1.9149,1.9149,84.094,84.094
0,0,0,0
1.8412,1.8412,81.06,81.06
0,0,0,0
1.8003,1.8003,79.458,79.458
1.7854,1.7854,82.403,82.403
0,0,0,0
1.8961,1.8961,83.941,83.941
1.9035,1.9035,84.322,84.322
1.7021,1.7021,89.205,89.205
1.7663,1.7663,78.507,78.507
0,0,0,0
1.621,1.621,87.444,87.444
1.8672,1.8672,95.55,95.55
1.8991,1.8991,84.777,84.777
1.8423,1.8423,82.27,82.27
1.7777,1.7777,79.889,79.889
0,0,0,0
0,0,0,0
1.8908,1.8908,84.829,84.829
1.8779,1.8779,101.55,101.55
1.7178,1.7178,77.203,77.203
1.7128,1.7128,77.011,77.011
1.5744,1.5744,70.839,70.839
1.8808,1.8808,92.92,92.92
1.8728,1.8728,84.468,84.468
1.8643,1.8643,84.183,84.183
0,0,0,0
0,0,0,0
1.8368,1.8368,83.183,83.183
0,0,0,0
1.8573,1.8573,105,105
1.5839,1.5839,72.064,72.064
1.8337,1.8337,93.869,93.869
1.7,1.7,90.986,90.986
1.8227,1.8227,83.974,83.974
1.7008,1.7008,77.753,77.753
1.832,1.832,101.43,101.43
0,0,0,0
1.5896,1.5896,78.961,78.961
1.8499,1.8499,85.049,85.049
1.8365,1.8365,84.576,84.576
1.8393,1.8393,84.803,84.803
1.7608,1.7608,81.216,81.216
0,0,0,0
0,0,0,0
0,0,0,0
0,0,0,0
0,0,0,0
0,0,0,0
0,0,0,0
0,0,0,0
0,0,0,0
0,0,0,0
0,0,0,0
0,0,0,0
0,0,0,0
0,0,0,0
0,0,0,0
0,0,0,0
0,0,0,0
0,0,0,0
0,0,0,0
0,0,0,0
0,0,0,0
0,0,0,0
0,0,0,0
0,0,0,0
0,0,0,0
0,0,0,0
0,0,0,0
0,0,0,0
0,0,0,0
4.278,0,72.621,0
0,0,0,0
0,0,0,0
0,0,0,0
0,0,0,0
4.0486,0,72.079,0
3.8904,0,71.579,0
0,0,0,0
3.5832,0,69.356,0
0,0,0,0
6.1253,0,121.26,0
6.5814,0,133.25,0
4.848,0,102.61,0
5.6454,0,121.76,0
4.2672,0,95.493,0
5.7434,0,130.53,0
5.2459,0,122.44,0
4.5165,0,106.7,0
4.3855,0,107.27,0
4.4824,0,111.73,0
5.156,0,130.66,0
3.2312,0,82.789,0
4.3366,3.2066,115.15,97.12
4.5045,0,121.36,0
4.2451,0,115.47,0
4.8207,0,133.44,0
4.7355,0,133.6,0
4.6368,3.8925,132.57,120.35
4.0894,0,118.52,0
4.2365,0,124.23,0
4.1491,0,123.27,0
3.3027,0,99.209,0
4.2057,0,128.07,0
4.3636,0,134.73,0
3.9406,3.3469,123.1,120.71
3.8318,0,120.81,0
3.9832,0,127.27,0
4.1982,0,135.28,0
4.0486,0,131.49,0
3.7094,2.8454,121.88,109.1
3.9862,2.8847,132.06,110.95
3.8996,0,130.14,0
3.7053,0,124.56,0
2.3535,0,80.032,0
3.6561,3.6561,157.63,157.63
2.5391,0,87.084,0
3.8129,2.9279,132.3,124.54
3.7932,0,132.43,0
2.4849,0,87.796,0
3.7995,3.7995,157.01,157.01
3.5198,0,125.44,0
3.6098,0,129.44,0
3.7466,2.4031,135.37,99.246
3.523,2.5058,128.07,108.44
2.6197,0,95.356,0
2.8223,0,103.42,0
3.2008,0,117.97,0
2.9158,0,108.48,0
3.04,2.8396,121.45,121.45
3.5175,0,131.96,0
3.4676,2.6461,130.57,120.43
2.9524,2.2954,111.8,104.46
3.4057,0,129.53,0
0,0,0,0
3.4119,2.1101,130.7,103.88
2.6933,0,103.85,0
3.506,0,135.45,0
2.6622,0,103.15,0
3.3438,3.3438,153.27,153.27
3.2346,3.2346,126.83,126.83
2.4802,2.4802,120.21,120.21
3.2455,3.2455,152.71,152.71
3.041,3.041,126,126
2.9035,2.9035,116.1,116.1
2.1706,2.1706,87.166,87.166
2.9759,2.9759,124.09,124.09
3.2705,3.2705,132.32,132.32
3.3777,3.3777,137.12,137.12
3.3003,3.3003,155.81,155.81
2.6179,2.6179,130.36,130.36
3.14,3.14,128.98,128.98
3.1673,3.1673,130.52,130.52
2.7912,2.7912,115.27,115.27
2.0705,2.0705,85.999,85.999
3.298,3.298,137.09,137.09
3.3011,3.3011,148.18,148.18
3.174,3.174,141.18,141.18
2.6822,2.6822,132.29,132.29
3.1034,3.1034,130.43,130.43
3.0512,3.0512,128.79,128.79
2.8002,2.8002,127.29,127.29
3.2724,3.2724,138.63,138.63
3.2666,3.2666,138.72,138.72
3.007,3.007,127.94,127.94
3.126,3.126,133.33,133.33
3.2452,3.2452,168.54,168.54
3.2347,3.2347,138.61,138.61
3.1388,3.1388,134.78,134.78
2.304,2.304,98.976,98.976
3.1586,3.1586,137.74,137.74
2.3716,2.3716,102.23,102.23
2.6022,2.6022,113.3,113.3
2.7964,2.7964,121.16,121.16
2.942,2.942,130.64,130.64
3.0583,3.0583,149.33,149.33
1.6349,1.6349,71.098,71.098
3.189,3.189,139.21,139.21
3.195,3.195,151.6,151.6
3.1795,3.1795,144.18,144.18
3.1046,3.1046,137.3,137.3
2.7164,2.7164,119.11,119.11
3.1675,3.1675,139.1,139.1
2.4514,2.4514,107.98,107.98
3.0467,3.0467,136.99,136.99
2.1993,2.1993,119.14,119.14
2.9783,2.9783,131.45,131.45
2.9543,2.9543,136.35,136.35
2.4847,2.4847,108.84,108.84
3.1374,3.1374,138.89,138.89
3.1487,3.1487,139.48,139.48
2.8155,2.8155,147.56,147.56
2.9217,2.9217,129.86,129.86
2.394,2.394,107.28,107.28
2.6813,2.6813,144.65,144.65
3.0887,3.0887,158.05,158.05
3.1414,3.1414,140.23,140.23
3.0475,3.0475,136.09,136.09
2.9408,2.9408,132.28,132.28
2.4947,2.4947,111.7,111.7
2.4061,2.4061,105.64,105.64
3.1276,3.1276,140.32,140.32
3.1075,3.1075,168.03,168.03
2.8563,2.8563,128.37,128.37
2.8333,2.8333,127.39,127.39
2.6181,2.6181,117.8,117.8
3.1111,3.1111,153.71,153.71
3.0978,3.0978,139.72,139.72
3.0838,3.0838,139.25,139.25
2.3016,2.3016,104.13,104.13
2.4761,2.4761,112.09,112.09
3.0384,3.0384,137.6,137.6
2.5352,2.5352,120.14,120.14
3.0722,3.0722,173.68,173.68
2.6201,2.6201,119.2,119.2
3.0331,3.0331,155.27,155.27
2.8137,2.8137,151.38,151.38
3.015,3.015,138.91,138.91
2.8134,2.8134,128.62,128.62
3.0304,3.0304,167.78,167.78
2.4658,2.4658,111.71,111.71
2.6295,2.6295,130.61,130.61
3.06,3.06,140.68,140.68
3.0379,3.0379,139.9,139.9
3.0425,3.0425,140.28,140.28
2.9127,2.9127,134.34,134.34
0,0,0,0
0,0,0,0
0,0,0,0
0,0,0,0
0,0,0,0
0,0,0,0
0,0,0,0
0,0,0,0
0,0,0,0
0,0,0,0
0,0,0,0
0,0,0,0
0,0,0,0
0,0,0,0
0,0,0,0
0,0,0,0
0,0,0,0
0,0,0,0
4.8623,0,81.412,0
0,0,0,0
0,0,0,0
0,0,0,0
0,0,0,0
0,0,0,0
0,0,0,0
0,0,0,0
0,0,0,0
3.9858,0,67.658,0
5.793,0,98.138,0
7.1279,0,121,0
0,0,0,0
5.2503,0,91.083,0
4.304,0,76.441,0
5.8737,0,104.1,0
6.7321,0,119.85,0
6.4386,0,118.46,0
0,0,0,0
5.9825,0,115.8,0
5.5154,0,109.15,0
9.8201,0,194.4,0
10.559,0,213.78,0
7.775,0,164.56,0
9.106,0,196.39,0
6.8539,0,153.38,0
9.2273,0,209.71,0
8.4341,0,196.86,0
7.2652,0,171.64,0
7.1268,0,174.32,0
7.2668,0,181.14,0
8.2707,0,209.59,0
5.2041,0,133.34,0
6.9677,5.2841,185.01,160.04
7.2208,0,194.55,0
6.8313,0,185.82,0
7.7271,0,213.89,0
7.5932,3.2786,214.22,106
7.4335,6.3051,212.53,194.94
6.6108,0,191.6,0
6.792,0,199.16,0
6.6681,0,198.11,0
5.3468,0,160.61,0
6.7409,0,205.27,0
6.9943,2.6118,215.96,108.18
6.3424,5.4319,198.13,195.91
6.1835,0,194.95,0
6.3845,0,204,0
6.7288,0,216.82,0
6.5005,0,211.13,0
5.9683,4.6675,196.1,178.96
6.3891,4.624,211.66,177.85
6.2611,0,208.95,0
5.9388,0,199.64,0
3.8982,0,132.56,0
5.872,5.872,253.17,253.17
4.0697,2.2769,139.58,98.167
6.1156,4.7464,212.2,201.9
6.0805,2.3971,212.29,101.96
3.9829,0,140.72,0
6.0924,6.0924,251.76,251.76
5.6573,0,201.62,0
5.7857,0,207.46,0
6.0051,3.9542,216.96,163.31
5.6559,4.0642,205.61,175.88
4.2045,2.8032,153.04,121.31
4.5236,0,165.76,0
5.1532,0,189.93,0
4.7002,2.514,174.87,107.52
4.9278,4.5851,196.11,196.11
5.6394,0,211.56,0
5.5578,4.2412,209.27,193.02
4.7754,3.679,180.84,167.43
5.465,0,207.86,0
2.6455,0,100.67,0
5.4686,3.4807,209.49,171.37
4.328,0,166.87,0
5.6194,0,217.1,0
4.2669,2.7376,165.32,134.71
5.3594,5.3594,245.66,245.66
5.2037,5.2037,204.03,204.03
3.9757,3.9757,192.7,192.7
5.2019,5.2019,244.76,244.76
4.8752,4.8752,202,202
4.6959,4.6959,187.76,187.76
3.5616,3.5616,143.02,143.02
4.7697,4.7697,200.87,200.87
5.2421,5.2421,215.29,215.29
5.4138,5.4138,219.78,219.78
5.2898,5.2898,249.74,249.74
4.1999,4.1999,209.14,209.14
5.0327,5.0327,206.74,206.74
5.0775,5.0775,209.24,209.24
4.5239,4.5239,186.83,186.83
3.321,3.321,137.94,137.94
5.286,5.286,219.73,219.73
5.2912,5.2912,237.51,237.51
5.0872,5.0872,226.79,226.79
4.2991,4.2991,212.04,212.04
4.9742,4.9742,209.05,209.05
4.8928,4.8928,206.52,206.52
4.5026,4.5026,204.03,204.03
5.245,5.245,222.2,222.2
5.2357,5.2357,222.34,222.34
4.8197,4.8197,205.06,205.06
5.0103,5.0103,213.7,213.7
5.2015,5.2015,270.15,270.15
5.1846,5.1846,222.16,222.16
5.0312,5.0312,216.04,216.04
3.74,3.74,160.66,160.66
5.063,5.063,220.79,220.79
3.8528,3.8528,166.08,166.08
4.2153,4.2153,183.53,183.53
4.516,4.516,195.67,195.67
4.7423,4.7423,210.58,210.58
4.9018,4.9018,239.35,239.35
2.6205,2.6205,113.96,113.96
5.1114,5.1114,223.14,223.14
5.121,5.121,242.99,242.99
5.0974,5.0974,233.94,233.94
4.9848,4.9848,220.44,220.44
4.3969,4.3969,192.8,192.8
5.0768,5.0768,222.95,222.95
3.9847,3.9847,175.52,175.52
4.8849,4.8849,219.57,219.57
3.5635,3.5635,190.95,190.95
4.774,4.774,210.7,210.7
4.7367,4.7367,218.62,218.62
4.0063,4.0063,175.49,175.49
5.0301,5.0301,222.69,222.69
5.0467,5.0467,223.56,223.56
4.5127,4.5127,236.51,236.51
4.6829,4.6829,208.14,208.14
3.8833,3.8833,174.02,174.02
4.2976,4.2976,231.84,231.84
4.9505,4.9505,253.33,253.33
5.035,5.035,224.77,224.77
4.8845,4.8845,218.12,218.12
4.7159,4.7159,212.23,212.23
3.9985,3.9985,179.03,179.03
3.9067,3.9067,172.31,172.31
5.0129,5.0129,224.9,224.9
4.9824,4.9824,269.42,269.42
4.6018,4.6018,206.82,206.82
4.5411,4.5411,204.18,204.18
4.2185,4.2185,189.81,189.81
4.9866,4.9866,246.36,246.36
4.9652,4.9652,223.95,223.95
4.9427,4.9427,223.19,223.19
3.7101,3.7101,167.85,167.85
3.9686,3.9686,179.66,179.66
4.8699,4.8699,220.54,220.54
4.0635,4.0635,192.56,192.56
4.9241,4.9241,278.38,278.38
4.1995,4.1995,191.06,191.06
4.8615,4.8615,248.87,248.87
4.5123,4.5123,244.03,244.03
4.8325,4.8325,222.64,222.64
4.5093,4.5093,206.15,206.15
4.8572,4.8572,268.92,268.92
4.006,4.006,181.48,181.48
4.2145,4.2145,209.35,209.35
4.9046,4.9046,225.49,225.49
4.8691,4.8691,224.23,224.23
4.8764,4.8764,224.84,224.84
4.6685,4.6685,215.32,215.32
0,0,0,0
0,0,0,0
0,0,0,0
0,0,0,0
0,0,0,0
0,0,0,0
0,0,0,0
0,0,0,0
0,0,0,0
0,0,0,0
0,0,0,0
0,0,0,0
0,0,0,0
4.2548,0,69.74,0
5.9146,0,97.522,0
5.5055,0,92.366,0
6.3363,0,106.06,0
4.1873,0,70.09,0
8.0237,0,134.35,0
4.8615,0,82.777,0
4.9715,0,84.732,0
4.1746,0,71.497,0
6.4767,0,109.52,0
5.9631,0,100.36,0
0,0,0,0
6.4551,0,109.16,0
4.0202,0,68.054,0
6.6681,0,113.19,0
9.4583,0,160.23,0
11.507,0,195.34,0
5.8749,0,102.34,0
8.6112,0,149.39,0
7.1158,0,126.38,0
9.4974,0,168.32,0
10.847,0,193.11,0
10.325,0,189.97,0
5.6586,0,108.31,0
9.6785,0,187.34,0
8.8732,0,175.61,0
15.255,0,301.98,0
16.413,0,332.32,0
12.082,0,255.72,0
14.232,0,306.94,0
10.667,0,238.71,0
14.364,0,326.46,0
13.139,0,306.67,0
11.324,0,267.52,0
11.222,0,274.48,0
11.415,0,284.54,0
12.855,0,325.76,0
8.1213,3.6983,208.08,112.42
10.848,8.4373,288.03,255.55
11.216,2.7928,302.19,84.586
10.652,0,289.75,0
12.001,0,332.19,0
11.797,5.1713,332.83,167.2
11.547,9.896,330.13,305.97
10.355,0,300.11,0
10.551,0,309.38,0
10.384,0,308.5,0
8.3871,0,251.94,0
10.469,2.8202,318.79,95.18
10.863,4.3208,335.4,178.96
9.891,8.5421,308.99,308.08
9.6688,0,304.83,0
9.9156,0,316.82,0
10.45,0,336.73,0
10.113,0,328.46,0
9.3047,7.4187,305.73,284.45
9.9224,7.1818,328.71,276.22
9.7407,0,325.08,0
9.2232,0,310.05,0
6.2563,0,212.75,0
9.1379,9.1379,393.98,393.98
6.3203,3.5433,216.77,152.77
9.5042,7.4555,329.77,317.13
9.4445,3.7653,329.73,160.16
6.1857,2.1969,218.55,90.783
9.4657,9.4657,391.16,391.16
8.8105,2.478,313.99,111.03
8.9854,2.1438,322.19,88.536
9.3261,6.3045,336.95,260.37
8.7983,6.3872,319.85,276.41
6.5387,4.4055,238.01,190.65
7.0253,0,257.43,0
8.0388,0,296.28,0
7.3413,3.9333,273.13,168.23
7.7398,7.1736,306.82,306.82
8.7605,0,328.65,0
8.6314,6.5868,325,299.77
7.4841,5.7137,283.42,260.03
8.4972,1.8581,323.18,78.437
4.1085,1.9844,156.34,94.193
8.4929,5.5635,325.34,273.91
6.739,2.2472,259.83,110.64
8.7271,1.9197,337.16,84.647
6.6266,4.2755,256.75,210.39
8.3234,8.3234,381.53,381.53
8.1115,8.1115,318.05,318.05
6.1753,6.1753,299.32,299.32
8.0787,8.0787,380.12,380.12
7.5732,7.5732,313.8,313.8
7.3589,7.3589,294.24,294.24
5.6624,5.6624,227.39,227.39
7.4074,7.4074,315.08,315.08
8.1415,8.1415,339.4,339.4
8.4077,8.4077,341.32,341.32
8.2153,8.2153,387.86,387.86
6.5286,6.5286,325.11,325.11
7.816,7.816,321.07,321.07
7.8871,7.8871,325.02,325.02
7.1045,7.1045,293.41,293.41
5.1615,5.1615,214.39,214.39
8.2092,8.2092,341.24,341.24
8.2178,8.2178,368.88,368.88
7.9007,7.9007,353.01,353.01
6.6767,6.6767,329.31,329.31
7.7251,7.7251,324.66,324.66
7.6024,7.6024,320.89,320.89
7.0151,7.0151,316.87,316.87
8.1456,8.1456,345.08,345.08
8.1312,8.1312,345.3,345.3
7.4851,7.4851,318.46,318.46
7.7811,7.7811,331.88,331.88
8.0783,8.0783,419.56,419.56
8.0518,8.0518,345.01,345.01
7.8142,7.8142,335.55,335.55
5.8825,5.8825,252.7,252.7
7.8637,7.8637,342.92,342.92
6.0645,6.0645,261.42,261.42
6.6163,6.6163,288.07,288.07
7.0666,7.0666,306.19,306.19
7.4068,7.4068,328.89,328.89
7.6127,7.6127,371.72,371.72
4.0697,4.0697,176.98,176.98
7.9384,7.9384,346.54,346.54
7.953,7.953,377.37,377.37
7.9184,7.9184,367.8,367.8
7.755,7.755,342.95,342.95
6.8961,6.8961,302.38,302.38
7.8844,7.8844,346.26,346.26
6.2757,6.2757,276.44,276.44
7.589,7.589,341,341
5.6638,5.6638,296.55,296.55
7.4147,7.4147,327.25,327.25
7.3587,7.3587,339.64,339.64
6.2593,6.2593,274.18,274.18
7.8143,7.8143,345.95,345.95
7.8377,7.8377,347.2,347.2
7.0084,7.0084,367.3,367.3
7.2727,7.2727,323.25,323.25
6.1036,6.1036,273.52,273.52
6.6743,6.6743,360.05,360.05
7.6882,7.6882,393.43,393.43
7.8195,7.8195,349.07,349.07
7.5858,7.5858,338.75,338.75
7.3311,7.3311,329.92,329.92
6.2097,6.2097,278.03,278.03
6.1462,6.1462,272.32,272.32
7.7852,7.7852,349.28,349.28
7.7407,7.7407,418.57,418.57
7.184,7.184,322.87,322.87
7.0525,7.0525,317.09,317.09
6.5861,6.5861,296.34,296.34
7.7444,7.7444,382.62,382.62
7.711,7.711,347.79,347.79
7.6761,7.6761,346.62,346.62
5.795,5.795,262.18,262.18
6.1634,6.1634,279.01,279.01
7.5631,7.5631,342.5,342.5
6.3107,6.3107,299.05,299.05
7.6473,7.6473,432.33,432.33
6.5219,6.5219,296.72,296.72
7.5501,7.5501,386.51,386.51
7.0117,7.0117,381.17,381.17
7.5051,7.5051,345.77,345.77
7.0031,7.0031,320.16,320.16
7.5435,7.5435,417.64,417.64
6.306,6.306,285.67,285.67
6.5452,6.5452,325.12,325.12
7.617,7.617,350.19,350.19
7.5619,7.5619,348.24,348.24
7.5732,7.5732,349.18,349.18
7.2502,7.2502,334.4,334.4
0,0,0,0
0,0,0,0
0,0,0,0
0,0,0,0
0,0,0,0
0,0,0,0
0,0,0,0
0,0,0,0
0,0,0,0
0,0,0,0
0,0,0,0
0,0,0,0
0,0,0,0
7.1017,0,116.4,0
9.6236,0,158.68,0
9.0077,0,151.12,0
10.188,0,170.54,0
6.7329,0,112.7,0
12.83,0,214.81,0
7.9954,0,136.14,0
8.1916,0,139.61,0
6.9621,0,119.24,0
10.521,0,177.91,0
9.5485,0,160.7,0
6.5025,0,112.05,0
10.423,0,176.27,0
6.5201,0,110.37,0
10.809,0,183.48,0
14.963,0,253.49,0
18.001,0,305.57,0
9.5459,0,166.29,0
13.685,0,237.42,0
11.399,0,202.46,0
14.88,0,263.71,0
16.933,0,301.47,0
16.043,0,295.18,0
8.9054,0,173.38,0
15.172,0,293.66,0
13.832,0,273.75,0
22.961,0,454.54,0
24.722,0,500.55,0
18.192,0,385.05,0
21.552,0,464.83,0
16.086,0,359.97,0
21.666,0,492.42,0
19.833,0,462.91,0
17.102,0,404.03,0
17.121,0,418.78,0
17.375,0,433.1,0
19.36,0,490.6,0
12.28,5.9915,314.63,182.13
16.364,13.054,434.5,395.37
16.88,4.3208,454.8,130.87
16.093,3.5241,437.77,111.84
18.061,0,499.92,0
17.76,7.9035,501.06,255.54
17.38,15.05,496.89,465.31
15.716,0,455.49,0
15.881,0,465.68,0
15.668,0,465.49,0
12.748,0,382.93,0
15.754,4.5868,479.72,154.8
16.347,6.9263,504.74,286.88
14.946,13.016,469.43,469.43
14.649,0,461.84,0
14.922,0,476.77,0
15.725,0,506.71,0
15.245,2.3074,495.14,85.349
14.056,11.425,461.83,438.08
14.931,10.808,494.65,415.69
14.683,0,490.03,0
13.879,0,466.56,0
9.729,0,330.84,0
13.779,13.779,594.07,594.07
9.5108,5.3429,326.2,230.36
14.312,11.347,496.59,482.68
14.214,5.7307,496.25,243.77
9.3776,3.3072,329.48,136.67
14.25,14.25,588.88,588.88
13.295,4.0294,473.82,180.54
13.521,3.3119,484.83,136.78
14.034,9.7395,507.05,402.23
13.262,9.7263,482.11,420.91
9.8529,6.7086,358.65,290.32
10.572,0,387.39,0
12.151,2.3754,447.84,104.04
11.11,5.9628,413.37,255.03
11.779,10.875,465.13,465.13
13.186,0,494.69,0
12.989,9.9119,489.07,451.1
11.365,8.5981,430.39,391.3
12.801,2.889,486.89,121.96
6.1825,3.2942,235.26,156.36
12.78,8.6165,489.57,424.22
10.167,3.4804,392.01,171.35
13.133,3.1121,507.36,137.22
9.9718,6.4699,386.36,318.37
12.525,12.525,574.14,574.14
12.252,12.252,480.39,480.39
9.2941,9.2941,455.78,455.78
12.157,12.157,572,572
11.399,11.399,472.32,472.32
11.174,11.174,446.79,446.79
8.7229,8.7229,350.29,350.29
11.147,11.147,478.87,478.87
12.252,12.252,518.46,518.46
12.652,12.652,513.63,513.63
12.363,12.363,583.67,583.67
9.8336,9.8336,489.69,489.69
11.762,11.762,483.14,483.14
11.871,11.871,489.19,489.19
10.811,10.811,446.47,446.47
7.7728,7.7728,322.85,322.85
12.353,12.353,513.5,513.5
12.367,12.367,555.12,555.12
11.889,11.889,532.42,532.42
10.047,10.047,495.55,495.55
11.625,11.625,488.55,488.55
11.446,11.446,483.12,483.12
10.59,10.59,476.84,476.84
12.258,12.258,519.28,519.28
12.236,12.236,519.62,519.62
11.264,11.264,479.23,479.23
11.709,11.709,499.41,499.41
12.157,12.157,631.38,631.38
12.116,12.116,519.18,519.18
11.76,11.76,504.97,504.97
8.965,8.965,385.12,385.12
11.834,11.834,516.07,516.07
9.2497,9.2497,398.71,398.71
10.062,10.062,438.12,438.12
10.714,10.714,464.25,464.25
11.209,11.209,497.74,497.74
11.456,11.456,559.36,559.36
6.1241,6.1241,266.31,266.31
11.946,11.946,521.49,521.49
11.968,11.968,567.88,567.88
11.919,11.919,560.3,560.3
11.69,11.69,516.98,516.98
10.48,10.48,459.52,459.52
11.865,11.865,521.05,521.05
9.5772,9.5772,421.86,421.86
11.424,11.424,513.14,513.14
8.7225,8.7225,446.26,446.26
11.159,11.159,492.5,492.5
11.077,11.077,511.26,511.26
9.4756,9.4756,415.06,415.06
11.763,11.763,520.74,520.74
11.794,11.794,522.46,522.46
10.546,10.546,552.72,552.72
10.944,10.944,486.43,486.43
9.2956,9.2956,416.56,416.56
10.043,10.043,541.8,541.8
11.569,11.569,592.04,592.04
11.767,11.767,525.28,525.28
11.415,11.415,509.75,509.75
11.043,11.043,496.95,496.95
9.3444,9.3444,418.38,418.38
9.3694,9.3694,417.03,417.03
11.715,11.715,525.6,525.6
11.652,11.652,630.1,630.1
10.867,10.867,488.39,488.39
10.613,10.613,477.16,477.16
9.9633,9.9633,448.3,448.3
11.654,11.654,575.78,575.78
11.604,11.604,523.36,523.36
11.551,11.551,521.6,521.6
8.7703,8.7703,396.79,396.79
9.2748,9.2748,419.86,419.86
11.381,11.381,515.4,515.4
9.4964,9.4964,450.01,450.01
11.508,11.508,650.58,650.58
9.8142,9.8142,446.51,446.51
11.361,11.361,582.41,582.41
10.557,10.557,576.9,576.9
11.294,11.294,520.33,520.33
10.538,10.538,481.78,481.78
11.352,11.352,628.47,628.47
9.6183,9.6183,435.73,435.73
9.8493,9.8493,489.25,489.25
11.462,11.462,526.96,526.96
11.379,11.379,524.03,524.03
11.396,11.396,525.44,525.44
10.91,10.91,503.21,503.21
0,0,0,0
0,0,0,0
0,0,0,0
0,0,0,0
0,0,0,0
0,0,0,0
0,0,0,0
0,0,0,0
0,0,0,0
0,0,0,0
0,0,0,0
0,0,0,0
4.9263,0,80.84,0
11.486,0,188.26,0
15.172,0,250.17,0
14.28,0,239.58,0
15.874,0,265.7,0
10.49,0,175.59,0
19.877,0,332.82,0
12.741,0,216.94,0
13.078,0,222.9,0
11.25,0,192.68,0
16.561,0,280.03,0
14.815,0,249.33,0
10.535,0,181.54,0
16.308,0,275.78,0
10.246,0,173.45,0
16.977,0,288.19,0
22.937,0,388.57,0
27.284,0,463.16,0
15.029,0,261.81,0
21.074,0,365.59,0
17.694,0,314.26,0
22.589,0,400.34,0
25.615,0,456.04,0
24.155,0,444.42,0
13.58,0,273.4,0
23.044,0,446.04,0
20.893,0,413.48,0
33.488,0,662.93,0
36.081,0,730.54,0
26.542,0,561.77,0
31.625,0,682.08,0
23.799,0,530.39,0
31.666,0,719.68,0
29.007,0,677.05,0
25.027,0,591.25,0
25.311,0,619.1,0
25.625,0,638.75,0
28.252,0,715.92,0
17.992,9.4055,460.98,285.9
23.918,19.569,635.09,592.71
24.616,6.4775,663.24,196.19
23.56,5.7199,640.87,181.52
26.336,0,728.97,0
25.906,11.704,730.89,378.42
25.347,22.177,724.67,685.67
23.112,3.2556,669.84,100.66
23.162,0,679.18,0
22.907,0,680.55,0
18.774,3.3372,563.96,118.25
22.971,7.2285,699.48,243.96
23.837,10.758,736,445.59
21.884,19.217,693.09,693.09
21.505,2.2913,678,82.638
21.761,0,695.24,0
22.929,3.2922,738.83,126.61
22.268,3.6162,723.24,133.76
20.574,17.05,675.99,653.73
21.771,15.76,721.25,606.17
21.447,0,715.76,0
20.237,0,680.3,0
14.66,2.6212,498.51,113.01
20.132,20.132,867.98,867.98
13.868,7.8063,475.62,336.57
20.882,16.734,724.57,711.83
20.728,8.4514,723.68,359.5
13.994,4.8243,491.66,199.36
20.787,20.787,859,859
19.44,6.3485,692.8,284.45
19.715,4.9575,706.93,204.74
20.463,14.579,739.32,602.1
19.369,14.351,704.12,621.05
14.386,9.8986,523.65,428.36
15.415,0,564.85,0
17.796,3.9011,655.92,170.86
16.293,8.7588,606.17,374.62
17.37,15.975,683.24,683.24
19.232,0,721.5,0
18.939,14.453,713.1,657.75
16.723,12.838,633.28,570.56
18.687,4.3524,710.76,183.73
9.0147,5.2988,343.03,251.51
18.635,12.93,713.84,636.61
14.984,5.2579,576.15,257.14
19.149,4.8883,739.77,215.54
14.54,9.4867,563.35,466.82
18.263,18.263,837.17,837.17
17.931,17.931,703.06,703.06
13.553,13.553,677.03,677.03
17.726,17.726,834.03,834.03
16.625,16.625,688.85,688.85
16.44,16.44,657.35,657.35
13.02,13.02,522.86,522.86
16.253,16.253,705.2,705.2
17.865,17.865,767.39,767.39
18.448,18.448,748.91,748.91
18.026,18.026,851.05,851.05
14.352,14.352,714.68,714.68
17.149,17.149,704.46,704.46
17.312,17.312,713.42,713.42
15.94,15.94,658.3,658.3
11.342,11.342,471.09,471.09
18.012,18.012,748.73,748.73
18.033,18.033,809.45,809.45
17.335,17.335,778.08,778.08
14.804,14.804,722.57,722.57
16.95,16.95,712.35,712.35
16.697,16.697,704.77,704.77
15.491,15.491,695.29,695.29
17.873,17.873,757.15,757.15
17.841,17.841,757.66,757.66
16.424,16.424,698.76,698.76
17.073,17.073,728.19,728.19
17.726,17.726,920.64,920.64
17.667,17.667,757.01,757.01
17.148,17.148,736.35,736.35
13.239,13.239,568.7,568.7
17.257,17.257,752.54,752.54
13.67,13.67,589.24,589.24
14.828,14.828,645.63,645.63
15.741,15.741,682.04,682.04
16.437,16.437,731.43,731.43
16.703,16.703,815.6,815.6
8.9294,8.9294,388.31,388.31
17.418,17.418,760.39,760.39
17.45,17.45,828.02,828.02
17.383,17.383,827.04,827.04
17.075,17.075,755.12,755.12
15.432,15.432,676.65,676.65
17.3,17.3,759.73,759.73
14.162,14.162,623.8,623.8
16.663,16.663,748.2,748.2
13.016,13.016,650.68,650.68
16.272,16.272,718.17,718.17
16.157,16.157,745.72,745.72
13.899,13.899,608.83,608.83
17.156,17.156,759.52,759.52
17.197,17.197,761.8,761.8
15.377,15.377,805.91,805.91
15.957,15.957,709.26,709.26
13.717,13.717,615.32,615.32
14.644,14.644,790,790
16.869,16.869,863.25,863.25
17.157,17.157,765.9,765.9
16.644,16.644,743.25,743.25
16.117,16.117,725.32,725.32
13.625,13.625,610.04,610.04
13.839,13.839,618.8,618.8
17.082,17.082,766.37,766.37
16.997,16.997,919.07,919.07
15.927,15.927,715.82,715.82
15.474,15.474,695.74,695.74
14.604,14.604,657.12,657.12
16.993,16.993,839.55,839.55
16.919,16.919,763.11,763.11
16.842,16.842,760.54,760.54
12.861,12.861,581.87,581.87
13.524,13.524,612.2,612.2
16.595,16.595,751.5,751.5
13.847,13.847,656.15,656.15
16.779,16.779,948.6,948.6
14.31,14.31,651.05,651.05
16.566,16.566,852.48,852.48
15.402,15.402,846.04,846.04
16.468,16.468,758.7,758.7
15.366,15.366,702.49,702.49
16.552,16.552,916.37,916.37
14.215,14.215,643.97,643.97
14.361,14.361,713.36,713.36
16.713,16.713,768.36,768.36
16.592,16.592,764.08,764.08
16.617,16.617,766.14,766.14
15.908,15.908,733.73,733.73
2.1161,2.1161,97.602,97.602
0,0,0,0
0,0,0,0
0,0,0,0
0,0,0,0
0,0,0,0
0,0,0,0
0,0,0,0
0,0,0,0
0,0,0,0
0,0,0,0
0,0,0,0
8.0556,0,132.19,0
17.999,0,295.01,0
23.178,0,382.17,0
21.936,0,368.03,0
23.963,0,401.12,0
15.836,0,265.07,0
29.84,0,499.63,0
19.674,0,334.98,0
20.232,0,344.83,0
17.615,0,301.69,0
25.258,0,427.1,0
22.272,0,375.58,0
16.538,0,284.99,0
24.723,0,418.09,0
15.602,0,264.11,0
25.838,0,438.6,0
34.068,0,577.14,0
40.072,0,680.23,0
22.928,0,399.4,0
31.444,0,545.49,0
26.613,0,472.66,0
33.228,0,588.89,0
37.545,0,668.42,0
35.238,0,648.34,0
20.54,0,417.75,0
33.914,0,656.45,0
30.577,0,605.15,0
47.324,0,936.83,0
51.024,2.3793,1033.1,69.243
37.521,0,794.15,0
44.965,0,969.78,0
34.406,0,766.79,0
44.844,3.7025,1019.2,109.82
41.109,2.6152,959.51,84.247
35.487,0,838.36,0
36.256,0,886.83,0
36.62,0,912.8,0
39.947,0,1012.3,0
25.543,14.306,654.44,434.88
33.875,28.426,899.47,860.95
34.784,9.409,937.18,284.98
33.419,8.9958,909.07,285.48
37.21,0,1030,0
36.616,16.794,1033,542.99
35.819,31.664,1024.1,979.02
32.933,4.6484,954.48,143.72
32.732,0,959.8,0
32.45,0,964.09,0
26.792,5.3844,804.78,190.79
32.453,11.038,988.24,372.52
33.679,16.191,1039.9,670.62
31.047,27.492,991.53,991.53
30.591,3.2779,964.44,118.22
30.752,0,982.48,0
32.394,5.3368,1043.8,205.23
31.516,5.4913,1023.6,203.12
29.179,24.653,958.74,945.26
30.759,22.268,1019,856.47
30.354,0,1013,0
28.592,0,961.14,0
21.403,3.7108,727.84,159.99
28.501,28.501,1228.8,1228.8
19.592,11.051,671.97,476.48
29.523,23.913,1024.4,1017.2
29.289,12.077,1022.6,513.71
20.233,6.8188,710.89,281.78
29.381,29.381,1214.1,1214.1
27.542,9.692,981.54,434.25
27.854,7.1905,998.76,296.96
28.91,21.146,1044.5,873.31
27.409,20.518,996.43,887.91
20.353,14.152,740.83,612.43
21.778,0,798.03,0
25.255,6.208,930.83,271.9
23.15,12.466,861.31,533.2
24.819,22.737,972.46,972.46
27.179,2.403,1019.6,106.54
26.757,20.419,1007.5,929.28
23.843,18.74,902.9,806.1
26.433,6.3535,1005.3,268.2
13.356,8.2584,512.19,391.99
26.327,18.802,1008.5,925.67
21.516,8.1953,827.29,373.9
27.053,7.4399,1045.2,328.04
20.542,13.478,795.91,663.23
25.802,25.802,1182.8,1182.8
25.427,25.427,996.99,996.99
19.151,19.151,974.47,974.47
25.043,25.043,1178.3,1178.3
23.494,23.494,973.46,973.46
23.437,23.437,937.12,937.12
18.832,18.832,756.23,756.23
22.962,22.962,1006.3,1006.3
25.242,25.242,1100.6,1100.6
26.063,26.063,1058.1,1058.1
25.468,25.468,1202.4,1202.4
20.295,20.295,1010.7,1010.7
24.229,24.229,995.28,995.28
24.464,24.464,1008.1,1008.1
22.773,22.773,940.49,940.49
16.036,16.036,666.06,666.06
25.448,25.448,1057.8,1057.8
25.478,25.478,1143.6,1143.6
24.492,24.492,1101.8,1101.8
21.268,21.268,1020.9,1020.9
23.947,23.947,1006.4,1006.4
23.601,23.601,996.2,996.2
21.956,21.956,982.34,982.34
25.251,25.251,1069.7,1069.7
25.206,25.206,1070.4,1070.4
23.204,23.204,987.23,987.23
24.121,24.121,1028.8,1028.8
25.045,25.045,1300.7,1300.7
24.96,24.96,1069.5,1069.5
24.229,24.229,1040.4,1040.4
18.942,18.942,813.73,813.73
24.383,24.383,1063.3,1063.3
19.574,19.574,843.77,843.77
21.173,21.173,921.88,921.88
22.408,22.408,970.91,970.91
23.355,23.355,1041.9,1041.9
23.599,23.599,1152.3,1152.3
12.616,12.616,548.61,548.61
24.61,24.61,1074.3,1074.3
24.654,24.654,1169.9,1169.9
24.565,24.565,1182.9,1182.9
24.166,24.166,1068.7,1068.7
22.018,22.018,965.44,965.44
24.441,24.441,1073.4,1073.4
20.291,20.291,893.77,893.77
23.55,23.55,1057.1,1057.1
18.82,18.82,919.29,919.29
22.991,22.991,1014.7,1014.7
22.834,22.834,1053.9,1053.9
19.755,19.755,865.32,865.32
24.246,24.246,1073.4,1073.4
24.297,24.297,1076.3,1076.3
21.725,21.725,1138.6,1138.6
22.545,22.545,1002.1,1002.1
19.614,19.614,882.13,882.13
20.69,20.69,1116.1,1116.1
23.833,23.833,1219.6,1219.6
24.24,24.24,1082.1,1082.1
23.515,23.515,1050.1,1050.1
22.793,22.793,1025.8,1025.8
19.25,19.25,861.87,861.87
19.868,19.868,889.68,889.68
24.133,24.133,1082.7,1082.7
24.022,24.022,1299,1299
22.619,22.619,1016.6,1016.6
21.862,21.862,982.95,982.95
20.743,20.743,933.31,933.31
24.008,24.008,1186.2,1186.2
23.904,23.904,1078.1,1078.1
23.795,23.795,1074.5,1074.5
18.275,18.275,826.79,826.79
19.106,19.106,864.93,864.93
23.445,23.445,1061.7,1061.7
19.563,19.563,927.02,927.02
23.706,23.706,1340.2,1340.2
20.217,20.217,919.82,919.82
23.405,23.405,1209,1209
21.801,21.801,1202.2,1202.2
23.266,23.266,1071.9,1071.9
21.71,21.71,992.5,992.5
23.385,23.385,1294.7,1294.7
20.357,20.357,922.19,922.19
20.29,20.29,1007.8,1007.8
23.612,23.612,1085.6,1085.6
23.441,23.441,1079.5,1079.5
23.476,23.476,1082.4,1082.4
22.475,22.475,1036.6,1036.6
2.9897,2.9897,137.89,137.89
0,0,0,0
0,0,0,0
0,0,0,0
0,0,0,0
0,0,0,0
0,0,0,0
0,0,0,0
0,0,0,0
0,0,0,0
0,0,0,0
5.2908,0,86.998,0
12.764,0,209.45,0
27.33,0,447.96,0
34.308,0,565.68,0
32.65,0,547.78,0
35.053,0,586.74,0
23.164,0,387.74,0
43.406,0,726.77,0
29.435,0,501.18,0
30.327,0,516.89,0
26.725,0,457.72,0
37.327,0,631.17,0
32.914,0,560.59,0
25.156,0,433.5,0
36.317,0,614.15,0
23.019,0,389.68,0
38.102,2.4817,646.78,73.284
49.031,0,830.61,0
57.025,0,968.01,0
33.891,0,590.38,0
45.46,0,788.65,0
38.784,0,688.83,0
47.36,0,839.34,0
53.321,0,949.3,0
49.81,0,916.46,0
30.411,0,618.49,0
48.363,0,936.12,0
43.362,0,858.17,0
64.801,0,1282.8,0
69.915,3.9624,1415.6,115.31
51.395,2.499,1087.8,83.207
61.947,2.6634,1336,79.706
48.197,2.8839,1074.1,86.304
61.535,5.9964,1398.5,177.87
56.45,4.3313,1317.6,139.53
48.756,0,1151.8,0
50.323,2.4981,1230.9,79.702
50.706,0,1263.9,0
54.73,3.3403,1386.9,110.28
35.136,21.085,900.24,640.94
46.486,40.009,1234.3,1211.8
47.624,13.243,1283.1,401.09
45.933,13.708,1249.5,435.03
50.941,2.9717,1410.1,95.866
50.147,23.35,1414.8,754.95
49.045,43.807,1402.2,1354.5
45.47,6.431,1317.9,198.84
44.82,2.8522,1314.3,102.05
44.543,2.2389,1323.4,80.103
37.045,8.4178,1112.8,298.27
44.427,16.332,1352.9,551.18
46.108,23.611,1423.6,977.95
42.68,38.109,1374.4,1374.4
42.163,4.5438,1329.3,163.88
42.108,2.5556,1345.3,98.278
44.346,8.3825,1428.9,322.36
43.221,8.0799,1403.7,298.87
40.099,34.541,1324.4,1324.4
42.107,30.487,1394.9,1172.6
41.625,0,1389.2,0
39.141,2.0919,1315.8,85.013
30.279,5.0903,1029.7,219.47
39.096,39.096,1685.6,1685.6
27.593,15.16,952.97,653.6
40.444,33.109,1408.4,1408.4
40.101,16.721,1400,711.27
28.347,9.3385,995.97,385.91
40.238,40.238,1662.8,1662.8
37.808,14.337,1347.4,642.37
38.13,10.105,1367.3,420.66
39.577,29.718,1429.9,1227.3
37.584,28.424,1366.3,1230
27.9,19.605,1015.6,848.4
29.813,0,1092.5,0
34.728,9.5724,1280,419.25
31.873,17.193,1185.8,735.34
34.361,31.357,1341.1,1341.1
37.217,3.5971,1396.2,159.48
36.629,27.953,1379.2,1272.2
32.938,26.507,1247.3,1118.9
36.227,8.9867,1377.9,379.36
19.442,12.471,745.6,591.96
36.041,26.49,1380.6,1304.2
29.935,12.377,1151,526.8
37.035,10.972,1430.8,483.78
28.121,18.555,1089.6,913.03
35.321,35.321,1619.2,1619.2
34.938,34.938,1369.9,1369.9
26.221,26.221,1359,1359
34.283,34.283,1613.1,1613.1
32.17,32.17,1333,1333
32.375,32.375,1294.5,1294.5
26.391,26.391,1059.8,1059.8
31.435,31.435,1391.3,1391.3
34.556,34.556,1529.4,1529.4
35.679,35.679,1448.5,1448.5
34.865,34.865,1646,1646
27.809,27.809,1384.8,1384.8
33.168,33.168,1362.5,1362.5
33.496,33.496,1380.4,1380.4
31.525,31.525,1301.9,1301.9
21.969,21.969,912.49,912.49
34.837,34.837,1448.1,1448.1
34.88,34.88,1565.7,1565.7
33.528,33.528,1511.7,1511.7
29.606,29.606,1397.5,1397.5
32.783,32.783,1377.7,1377.7
32.325,32.325,1364.4,1364.4
30.153,30.153,1344.8,1344.8
34.567,34.567,1464.4,1464.4
34.507,34.507,1465.4,1465.4
31.765,31.765,1351.5,1351.5
33.02,33.02,1408.4,1408.4
34.286,34.286,1780.7,1780.7
34.169,34.169,1464.1,1464.1
33.171,33.171,1424.4,1424.4
26.262,26.262,1128.2,1128.2
33.381,33.381,1455.7,1455.7
27.16,27.16,1170.7,1170.7
29.295,29.295,1275.5,1275.5
30.907,30.907,1339.2,1339.2
32.154,32.154,1438.1,1438.1
32.305,32.305,1577.4,1577.4
17.27,17.27,751.02,751.02
33.69,33.69,1470.7,1470.7
33.75,33.75,1601.5,1601.5
33.637,33.637,1639.3,1639.3
33.14,33.14,1465.6,1465.6
30.439,30.439,1334.7,1334.7
33.459,33.459,1469.4,1469.4
28.169,28.169,1240.8,1240.8
32.25,32.25,1447.1,1447.1
26.366,26.366,1258.5,1258.5
31.477,31.477,1389.2,1389.2
31.27,31.27,1443.2,1443.2
27.206,27.206,1191.7,1191.7
33.202,33.202,1469.9,1469.9
33.261,33.261,1473.4,1473.4
29.741,29.741,1558.7,1558.7
30.863,30.863,1371.8,1371.8
27.227,27.227,1225.4,1225.4
28.323,28.323,1527.9,1527.9
32.626,32.626,1669.6,1669.6
33.183,33.183,1481.3,1481.3
32.191,32.191,1437.5,1437.5
31.234,31.234,1405.6,1405.6
26.352,26.352,1179.9,1179.9
27.678,27.678,1239.4,1239.4
33.038,33.038,1482.2,1482.2
32.896,32.896,1778.9,1778.9
31.126,31.126,1398.9,1398.9
29.928,29.928,1345.6,1345.6
28.546,28.546,1284.4,1284.4
32.867,32.867,1623.8,1623.8
32.723,32.723,1475.9,1475.9
32.575,32.575,1470.9,1470.9
25.161,25.161,1138.3,1138.3
26.156,26.156,1184.1,1184.1
32.095,32.095,1453.5,1453.5
26.78,26.78,1269,1269
32.452,32.452,1834.7,1834.7
27.677,27.677,1259.2,1259.2
32.04,32.04,1661.5,1661.5
30.017,30.017,1655.3,1655.3
31.851,31.851,1467.4,1467.4
29.72,29.72,1358.7,1358.7
32.014,32.014,1772.3,1772.3
28.246,28.246,1279.6,1279.6
27.775,27.775,1379.7,1379.7
32.324,32.324,1486.1,1486.1
32.09,32.09,1477.8,1477.8
32.138,32.138,1481.8,1481.8
30.767,30.767,1419.1,1419.1
4.0927,4.0927,188.77,188.77
0,0,0,0
0,0,0,0
0,0,0,0
0,0,0,0
0,0,0,0
0,0,0,0
0,0,0,0
0,0,0,0
0,0,0,0
0,0,0,0
8.4352,0,138.7,0
19.596,0,321.57,0
40.21,0,659.07,0
49.206,0,811.33,0
47.088,0,790.01,0
49.682,0,831.62,0
32.832,0,549.57,0
61.178,0,1024.3,0
42.671,0,726.56,0
44.048,0,750.73,0
39.288,0,672.87,0
53.45,0,903.79,0
47.603,0,810.76,0
37.078,0,638.93,0
51.691,0,874.14,0
32.909,0,557.09,0
54.444,4.1136,924.17,121.47
68.374,0,1158.3,0
78.63,0,1334.8,0
48.541,3.6623,845.58,105.61
63.683,0,1104.8,0
54.767,0,972.68,0
65.406,0,1159.2,0
73.377,0,1306.4,0
68.223,0,1255.2,0
43.626,0,887.27,0
66.826,0,1293.5,0
59.583,0,1179.2,0
85.977,2.6637,1702,77.519
92.826,6.3939,1879.5,186.08
68.214,4.1443,1443.8,137.99
82.692,4.3041,1783.4,128.8
65.42,4.6604,1458,139.47
81.816,9.4102,1859.4,279.13
75.109,6.9509,1753.1,223.92
64.907,3.1052,1533.4,99.074
67.678,4.0816,1655.4,130.23
68.032,0,1695.8,0
72.655,5.4332,1841.1,179.37
46.832,30.111,1199.9,915.31
61.813,54.563,1652.6,1652.6
63.18,18.06,1702.3,547
61.172,20.241,1664,642.36
67.575,4.3431,1870.5,140.11
66.545,31.456,1877.4,1017
65.069,58.725,1860.3,1815.7
60.831,8.6209,1763.1,266.55
59.467,4.5938,1743.7,164.36
59.243,3.606,1760.1,129.02
49.632,12.752,1490.9,451.83
58.931,23.414,1794.5,790.2
61.163,33.363,1888.5,1381.9
56.849,51.186,1846.1,1846.1
56.309,6.103,1775.3,220.11
55.867,3.8894,1784.9,149.57
58.823,12.758,1895.4,490.61
57.431,11.52,1865.3,426.1
53.395,46.891,1797.9,1797.9
55.853,40.442,1850.3,1555.5
55.31,2.128,1845.9,81.845
51.918,3.3279,1745.3,135.25
41.506,6.7658,1411.4,291.7
51.965,51.965,2240.4,2240.4
38,20.15,1312.4,868.74
53.683,44.419,1889.5,1889.5
53.199,22.433,1857.3,954.24
38.482,12.392,1352,512.1
53.396,53.396,2206.5,2206.5
50.452,20.55,1798.5,920.73
50.578,13.761,1813.6,602.95
52.497,40.469,1896.7,1671.3
49.936,38.153,1815.3,1651.1
37.058,26.315,1348.9,1138.8
39.546,2.6631,1449.1,117.06
46.27,14.302,1705.4,626.38
42.519,22.975,1581.9,982.64
46.095,41.902,1792.2,1792.2
49.38,5.2175,1852.5,231.32
48.586,37.078,1829.4,1687.5
44.091,36.328,1669.7,1533.5
48.109,12.317,1829.8,519.92
27.422,18.249,1051.7,866.2
47.806,36.164,1831.3,1780.5
40.356,18.112,1551.7,758
49.125,15.678,1897.8,691.29
37.301,24.75,1445.2,1217.9
46.852,46.852,2147.9,2147.9
46.516,46.516,1823.9,1823.9
35.421,35.421,1836.5,1836.5
45.475,45.475,2139.7,2139.7
42.682,42.682,1768.5,1768.5
43.332,43.332,1732.6,1732.6
35.837,35.837,1439.1,1439.1
41.696,41.696,1863.9,1863.9
45.839,45.839,2059.4,2059.4
47.327,47.327,1921.3,1921.3
46.247,46.247,2183.4,2183.4
36.922,36.922,1838.6,1838.6
43.996,43.996,1807.3,1807.3
44.44,44.44,1831.3,1831.3
42.285,42.285,1746.3,1746.3
29.162,29.162,1211.3,1211.3
46.209,46.209,1920.8,1920.8
46.268,46.268,2076.9,2076.9
44.474,44.474,2009.7,2009.7
39.932,39.932,1853.7,1853.7
43.485,43.485,1827.5,1827.5
42.898,42.898,1810.7,1810.7
40.125,40.125,1783.9,1783.9
45.851,45.851,1942.4,1942.4
45.771,45.771,1943.8,1943.8
42.135,42.135,1792.7,1792.7
43.799,43.799,1868.1,1868.1
45.48,45.48,2362.1,2362.1
45.323,45.323,1942.1,1942.1
44.003,44.003,1889.5,1889.5
35.28,35.28,1515.6,1515.6
44.282,44.282,1931.1,1931.1
36.514,36.514,1574,1574
39.272,39.272,1709.9,1709.9
41.308,41.308,1789.8,1789.8
42.894,42.894,1923.3,1923.3
42.851,42.851,2092.4,2092.4
22.908,22.908,996.19,996.19
44.689,44.689,1950.8,1950.8
44.767,44.767,2124.3,2124.3
44.629,44.629,2201.2,2201.2
44.036,44.036,1947.4,1947.4
40.776,40.776,1787.9,1787.9
44.381,44.381,1949.1,1949.1
37.893,37.893,1669.1,1669.1
42.793,42.793,1919.5,1919.5
35.792,35.792,1686.8,1686.8
41.756,41.756,1842.9,1842.9
41.492,41.492,1915,1915
36.303,36.303,1590.2,1590.2
44.054,44.054,1950.3,1950.3
44.119,44.119,1954.4,1954.4
39.45,39.45,2067.5,2067.5
40.938,40.938,1819.6,1819.6
36.646,36.646,1649.3,1649.3
37.569,37.569,2026.7,2026.7
43.277,43.277,2214.7,2214.7
44.016,44.016,1964.9,1964.9
42.7,42.7,1906.8,1906.8
41.471,41.471,1866.3,1866.3
34.954,34.954,1565,1565
37.362,37.362,1673.1,1673.1
43.823,43.823,1966.1,1966.1
43.651,43.651,2360.4,2360.4
41.502,41.502,1865.2,1865.2
39.698,39.698,1784.9,1784.9
38.066,38.066,1712.7,1712.7
43.597,43.597,2153.9,2153.9
43.405,43.405,1957.7,1957.7
43.208,43.208,1951.1,1951.1
33.566,33.566,1518.6,1518.6
34.695,34.695,1570.6,1570.6
42.572,42.572,1927.9,1927.9
35.522,35.522,1683.3,1683.3
43.046,43.046,2433.6,2433.6
36.712,36.712,1670.2,1670.2
42.5,42.5,2212.4,2212.4
40.046,40.046,2208.3,2208.3
42.249,42.249,1946.5,1946.5
39.422,39.422,1802.3,1802.3
42.465,42.465,2350.9,2350.9
37.977,37.977,1720.4,1720.4
36.843,36.843,1830.1,1830.1
42.876,42.876,1971.2,1971.2
42.566,42.566,1960.2,1960.2
42.629,42.629,1965.5,1965.5
40.811,40.811,1882.3,1882.3
5.4288,5.4288,250.39,250.39
0,0,0,0
0,0,0,0
0,0,0,0
0,0,0,0
0,0,0,0
0,0,0,0
0,0,0,0
0,0,0,0
0,0,0,0
0,0,0,0
13.031,0,214.27,0
29.151,0,478.36,0
57.323,0,939.57,0
68.382,0,1127.5,0
65.803,0,1104,0
68.231,0,1142.1,0
45.09,0,754.75,0
83.55,0,1398.9,0
59.94,0,1020.6,0
61.99,0,1056.5,0
55.962,0,958.45,0
74.16,0,1254,0
66.708,0,1136.2,0
52.951,0,912.46,0
71.289,0,1205.6,0
45.586,0,771.69,0
75.378,6.6069,1279.5,195.1
92.387,3.1654,1565.1,93.47
105.06,2.9265,1783.4,89.746
67.365,5.9172,1173.5,170.63
86.442,3.1426,1499.6,90.619
74.934,0,1330.9,0
87.524,0,1551.2,0
97.84,0,1741.9,0
90.541,0,1665.9,0
60.641,0,1233.3,0
89.47,0,1731.8,0
79.33,3.2522,1570,111.09
110.53,4.1648,2188.1,121.2
119.42,9.997,2417.9,290.94
87.726,6.6595,1856.8,221.74
106.96,6.7394,2306.8,201.68
86.039,7.2973,1917.5,218.42
105.4,14.309,2395.5,424.43
96.984,10.809,2260.2,348.19
83.726,4.9161,1978,156.85
88.192,6.4619,2157.2,206.17
88.443,2.9504,2204.6,110.15
93.457,8.563,2368.2,282.7
60.483,41.666,1549.7,1266.5
79.641,72.101,2183.8,2183.8
81.215,23.865,2188.2,722.83
78.938,28.96,2147.3,919.03
86.858,6.1503,2404.2,198.41
85.563,41.062,2414,1327.6
83.65,76.279,2391.6,2358.4
78.855,11.198,2285.5,346.22
76.45,7.1694,2241.7,256.51
76.348,5.6277,2268.3,201.35
64.432,18.717,1935.4,663.19
75.742,32.525,2306.4,1097.7
78.614,45.679,2427.3,1891.9
73.371,66.615,2402.5,2402.5
72.866,7.9426,2297.3,286.46
71.82,5.7356,2294.6,220.57
75.603,18.813,2436.1,723.49
73.944,15.914,2401.6,588.63
68.891,61.68,2364.9,2364.9
71.786,51.983,2378.1,1999.4
71.212,3.1338,2376.6,129.7
66.729,5.1299,2243.2,208.48
55.128,8.8333,1874.7,375.68
66.925,66.925,2885.4,2885.4
50.706,27.034,1751.2,1118.8
69.045,57.743,2456.2,2456.2
68.385,29.162,2387.5,1240.5
50.618,15.934,1778.4,658.47
68.657,68.657,2837.2,2837.2
65.252,28.54,2326.1,1278.7
65.006,18.689,2330.9,837.39
67.472,53.398,2437.8,2205.3
64.286,49.622,2337,2147.4
47.695,34.226,1736.1,1481.1
51.315,4.331,1884.9,190.37
59.736,20.704,2201.7,906.8
54.961,29.748,2044.9,1272.3
59.916,54.255,2320.5,2320.5
63.484,7.7622,2381.6,325.1
62.446,47.656,2351.3,2168.9
57.187,48.243,2165.6,2036.5
61.904,16.356,2354.5,690.44
37.478,25.874,1437.3,1228.1
61.444,47.837,2355.2,2355.2
52.716,25.682,2026.9,1074.8
63.138,21.707,2439.2,957.14
47.942,31.989,1857.5,1574.1
60.217,60.217,2760.7,2760.7
60.008,60.008,2352.9,2352.9
47.086,47.086,2404.7,2404.7
58.447,58.447,2750,2750
54.872,54.872,2273.6,2273.6
56.198,56.198,2247,2247
47.152,47.152,1893.5,1893.5
53.591,53.591,2419.5,2419.5
58.918,58.918,2686.8,2686.8
60.827,60.827,2469.4,2469.4
59.441,59.441,2806.3,2806.3
47.499,47.499,2365.4,2365.4
56.546,56.546,2322.8,2322.8
57.128,57.128,2354.2,2354.2
54.957,54.957,2269.7,2269.7
37.509,37.509,1568.6,1568.6
59.391,59.391,2468.8,2468.8
59.469,59.469,2669.4,2669.4
57.161,57.161,2588.8,2588.8
52.188,52.188,2382.6,2382.6
55.89,55.89,2348.8,2348.8
55.162,55.162,2328.4,2328.4
51.737,51.737,2292.8,2292.8
58.93,58.93,2496.5,2496.5
58.829,58.829,2498.3,2498.3
54.155,54.155,2304.1,2304.1
56.293,56.293,2401,2401
58.456,58.456,3036,3036
58.252,58.252,2496.1,2496.1
56.559,56.559,2428.7,2428.7
45.923,45.923,1972.8,1972.8
56.919,56.919,2482.1,2482.1
47.566,47.566,2050.4,2050.4
51.014,51.014,2221.1,2221.1
53.494,53.494,2317.8,2317.8
55.444,55.444,2492.3,2492.3
55.075,55.075,2689.3,2689.3
29.443,29.443,1280.4,1280.4
57.437,57.437,2507.4,2507.4
57.537,57.537,2730.3,2730.3
57.375,57.375,2864,2864
56.697,56.697,2507.3,2507.3
52.926,52.926,2320.7,2320.7
57.042,57.042,2505.1,2505.1
49.39,49.39,2175.6,2175.6
55.02,55.02,2467,2467
47.08,47.08,2218.8,2218.8
53.672,53.672,2368.8,2368.8
53.346,53.346,2462.2,2462.2
46.94,46.94,2056.1,2056.1
56.638,56.638,2507.4,2507.4
56.704,56.704,2511.9,2511.9
50.703,50.703,2657.3,2657.3
52.616,52.616,2338.6,2338.6
47.794,47.794,2151,2151
48.286,48.286,2604.8,2604.8
55.622,55.622,2846.4,2846.4
56.571,56.571,2525.4,2525.4
54.88,54.88,2450.7,2450.7
53.353,53.353,2401,2401
44.925,44.925,2011.5,2011.5
48.868,48.868,2188.3,2188.3
56.324,56.324,2527,2527
56.124,56.124,3034.9,3034.9
53.619,53.619,2409.8,2409.8
51.023,51.023,2294,2294
49.184,49.184,2213,2213
56.035,56.035,2768.4,2768.4
55.787,55.787,2516.2,2516.2
55.534,55.534,2507.7,2507.7
43.388,43.388,1963,1963
44.592,44.592,2018.6,2018.6
54.717,54.717,2477.9,2477.9
45.656,45.656,2163.5,2163.5
55.326,55.326,3127.8,3127.8
47.184,47.184,2146.7,2146.7
54.624,54.624,2854.5,2854.5
51.767,51.767,2854.7,2854.7
54.302,54.302,2501.8,2501.8
50.669,50.669,2316.4,2316.4
54.579,54.579,3021.5,3021.5
49.474,49.474,2241.2,2241.2
47.352,47.352,2352.1,2352.1
55.107,55.107,2533.5,2533.5
54.708,54.708,2519.4,2519.4
54.79,54.79,2526.2,2526.2
52.453,52.453,2419.3,2419.3
6.9774,6.9774,321.82,321.82
0,0,0,0
0,0,0,0
0,0,0,0
0,0,0,0
5.9673,0,86.312,0
5.5446,0,79.807,0
5.5051,0,79.147,0
4.9301,0,70.856,0
0,0,0,0
5.9658,0,96.226,0
19.505,0,320.73,0
42.018,0,689.51,0
79.182,0,1297.9,0
92.081,0,1518.3,0
89.1,0,1494.8,0
90.796,0,1519.8,0
60.001,0,1013.9,0
110.56,0,1851.2,0
81.582,0,1389.1,0
84.531,0,1440.7,0
77.238,0,1322.8,0
99.7,0,1685.8,0
90.579,0,1542.7,0
73.272,0,1262.6,0
95.265,0,1611,0
61.186,0,1035.8,0
101.12,10.282,1716.5,303.61
120.96,4.926,2049.1,145.46
136,4.6084,2308.7,141.32
90.587,9.2636,1578,267.12
113.69,4.9199,1972.3,141.87
99.345,0,1764.4,0
113.48,0,2011.3,0
126.41,0,2250.5,0
116.43,0,2142.2,0
81.675,0,1661.1,0
116.07,0,2246.6,0
102.34,5.28,2025.4,180.35
137.69,6.3096,2725.6,183.62
148.86,15.145,3014,440.77
109.32,10.369,2313.7,345.25
134.05,10.225,2891,305.99
109.64,11.102,2443.6,333.82
131.58,21.082,2990.3,625.35
121.9,16.285,2835.2,524.62
104.65,7.5414,2472.2,240.61
111.36,9.9126,2723.8,316.27
111.41,4.7835,2777,178.59
116.48,13.077,2951.7,431.71
75.688,55.865,1939.2,1698.1
99.424,92.318,2796.1,2796.1
101.16,30.557,2725.5,925.51
99.147,40.147,2698.2,1274
108.18,8.4391,2994.3,272.24
106.6,51.936,3007.5,1679.2
104.2,96.004,2979,2968.3
99.045,14.093,2870.6,435.75
95.253,10.841,2792.5,387.89
95.338,8.5102,2832.5,304.48
81.047,26.619,2434.5,943.2
94.326,43.778,2872.4,1477.5
97.908,60.599,3023,2509.9
91.755,84.004,3029.7,3029.7
91.365,10.016,2880.5,361.23
89.463,8.1955,2858.2,315.17
94.153,26.882,3033.8,1033.8
92.249,21.301,2996.1,787.9
86.125,78.615,3014.3,3014.3
89.399,64.743,2961.6,2490.1
88.839,5.0524,2964.8,209.1
83.102,7.6621,2793.6,311.38
70.947,13.193,2412.6,536.18
83.515,83.515,3600.7,3600.7
65.56,37.046,2264.2,1530.1
86.045,72.732,3093.8,3093.8
85.175,36.732,2973.7,1562.5
64.514,19.852,2266.7,820.37
85.539,85.539,3534.8,3534.8
81.774,38.406,2915,1720.8
80.956,25.15,2902.8,1126.9
84.027,68.269,3035.9,2819.5
80.192,62.535,2915.3,2706.2
59.478,43.133,2165,1866.6
65.825,6.8247,2417.8,299.98
74.725,29.042,2754.1,1272
68.838,37.322,2561.1,1596.3
75.463,68.068,2911.3,2911.3
79.082,11.665,2966.7,457.56
77.767,59.349,2928.2,2701
71.869,62.076,2721.6,2620.5
77.183,21.046,2935.6,888.42
49.631,35.546,1903.4,1687.2
76.519,61.314,3018.7,3018.7
66.722,35.284,2565.5,1476.7
78.63,29.122,3037.7,1284.1
59.705,40.061,2313.3,1971.3
74.992,74.992,3438.1,3438.1
75.009,75.009,2941.1,2941.1
60.65,60.65,3050.8,3050.8
72.788,72.788,3424.8,3424.8
68.352,68.352,2832.1,2832.1
70.62,70.62,2823.7,2823.7
60.114,60.114,2414,2414
66.739,66.739,3043.3,3043.3
73.378,73.378,3396.7,3396.7
75.752,75.752,3075.2,3075.2
74.026,74.026,3494.9,3494.9
59.833,59.833,2948.5,2948.5
70.42,70.42,2892.7,2892.7
71.159,71.159,2932.4,2932.4
69.21,69.21,2858.3,2858.3
46.747,46.747,2051.9,2051.9
73.963,73.963,3074.5,3074.5
74.064,74.064,3324.6,3324.6
71.187,71.187,3231.3,3231.3
66.088,66.088,2967.2,2967.2
69.604,69.604,2925.2,2925.2
68.729,68.729,2901.1,2901.1
64.637,64.637,2855.4,2855.4
73.39,73.39,3109.1,3109.1
73.263,73.263,3111.2,3111.2
67.442,67.442,2869.4,2869.4
70.105,70.105,2990.1,2990.1
72.801,72.801,3781,3781
72.544,72.544,3108.5,3108.5
70.442,70.442,3024.8,3024.8
57.921,57.921,2488.1,2488.1
70.89,70.89,3091.4,3091.4
60.04,60.04,2588.1,2588.1
64.208,64.208,2795.6,2795.6
67.123,67.123,2908.4,2908.4
69.442,69.442,3129.4,3129.4
68.588,68.588,3349.1,3349.1
36.667,36.667,1594.5,1594.5
71.531,71.531,3122.6,3122.6
71.655,71.655,3400.3,3400.3
71.471,71.471,3610.7,3610.7
70.731,70.731,3127.9,3127.9
66.563,66.563,2918.7,2918.7
71.037,71.037,3119.7,3119.7
62.378,62.378,2747.7,2747.7
68.577,68.577,3072.3,3072.3
60.004,60.004,2827.9,2827.9
66.846,66.846,2950.3,2950.3
66.457,66.457,3067.3,3067.3
58.808,58.808,2576,2576
70.557,70.557,3123.6,3123.6
70.618,70.618,3128.2,3128.2
63.144,63.144,3309.3,3309.3
65.526,65.526,2912.4,2912.4
60.396,60.396,2718.2,2718.2
60.134,60.134,3244,3244
69.27,69.27,3544.8,3544.8
70.452,70.452,3145,3145
68.346,68.346,3052,3052
66.51,66.51,2993.1,2993.1
55.948,55.948,2505,2505
61.932,61.932,2773.3,2773.3
70.143,70.143,3147,3147
69.92,69.92,3780.9,3780.9
67.123,67.123,3016.7,3016.7
63.541,63.541,2856.9,2856.9
61.576,61.576,2770.6,2770.6
69.785,69.785,3447.7,3447.7
69.474,69.474,3133.5,3133.5
69.16,69.16,3123,3123
54.343,54.343,2458.6,2458.6
55.533,55.533,2513.9,2513.9
68.142,68.142,3085.9,3085.9
56.858,56.858,2694.3,2694.3
68.901,68.901,3895.2,3895.2
58.761,58.761,2673.4,2673.4
68.026,68.026,3568.6,3568.6
64.841,64.841,3575.7,3575.7
67.626,67.626,3120.6,3120.6
63.101,63.101,2884.8,2884.8
67.972,67.972,3762.9,3762.9
62.451,62.451,2829.1,2829.1
58.97,58.97,2929.3,2929.3
68.628,68.628,3155.1,3155.1
68.131,68.131,3137.5,3137.5
68.233,68.233,3146,3146
65.323,65.323,3012.9,3012.9
8.6893,8.6893,400.78,400.78
0,0,0,0
0,0,0,0
0,0,0,0
6.0221,0,111.83,0
9.8236,0,142.09,0
9.1334,0,131.46,0
9.0926,0,130.72,0
8.1956,0,117.79,0
7.4194,0,107.96,0
9.6561,0,155.75,0
28.29,0,465.18,0
58.685,0,963.01,0
105.98,0,1737.1,0
120.14,0,1981,0
116.9,0,1961.2,0
117.07,0,1959.6,0
78.548,0,1328.4,0
141.76,0,2373.6,0
107.59,0,1831.9,0
111.69,0,1903.6,0
103.29,0,1769.1,0
129.87,0,2196.1,0
119.17,0,2029.7,0
98.244,0,1693,0
123.35,0,2086,0
79.575,0,1391.5,0
131.44,15.504,2231.2,457.82
153.45,7.428,2599.5,219.34
170.6,7.0316,2896,215.63
118.03,14.052,2056.1,405.21
144.89,7.4631,2513.5,215.2
127.62,0,2266.6,0
142.58,0,2526.9,0
158.25,0,2817.4,0
145.07,0,2669.2,0
106.59,0,2167.8,0
145.9,0,2824,0
127.93,8.306,2531.8,283.72
166.19,9.2623,3289.8,269.55
179.8,22.233,3640.3,647.03
134.77,15.644,2873.1,520.88
162.78,15.032,3510.8,449.84
135.39,16.44,3017.3,494.34
159.15,30.097,3616.9,892.75
148.47,23.775,3453,765.91
126.73,11.209,2994,357.64
136.24,14.734,3332.4,470.09
135.98,7.5146,3389.5,280.56
140.67,19.349,3564.7,638.8
91.774,72.576,2351.4,2206.1
120.27,114.53,3469,3469
122.08,37.911,3289.3,1148.2
120.91,53.927,3290.6,1711.4
130.54,11.22,3613.5,369.33
128.69,63.65,3630.6,2057.9
125.76,117.08,3619.9,3619.9
120.54,17.187,3493.7,531.4
115.15,15.885,3373,568.35
115.35,12.469,3427.2,446.14
98.782,36.683,2967.3,1299.8
113.82,57.096,3466.1,1927
118.15,77.896,3648,3226.3
111.18,102.64,3701.9,3701.9
111,12.238,3499.6,441.38
107.98,11.352,3449.8,436.36
113.61,37.219,3660.9,1431.3
111.51,27.627,3621.7,1021.9
104.33,97.089,3722.6,3722.6
107.88,78.132,3573.8,3005
107.39,7.8927,3583.9,326.65
100.28,11.089,3371,450.65
88.472,19.094,3008.5,775.98
100.98,100.98,4353.8,4353.8
82.134,49.19,2836.6,2031.6
103.9,88.768,3775.9,3775.9
102.79,44.831,3588.8,1907
79.671,23.966,2799.2,990.36
103.26,103.26,4267.2,4267.2
99.297,50.481,3539.7,2243.8
97.688,32.794,3502.8,1469.4
101.4,84.573,3663.4,3492.8
96.926,76.362,3523.6,3304.6
71.87,52.67,2616.1,2279.3
81.817,10.42,3005.2,458.03
90.573,39.473,3338.2,1728.8
83.542,45.37,3108.2,1940.5
92.093,82.747,3539.1,3539.1
95.453,16.986,3580.9,666.28
93.841,71.617,3533.4,3259.3
87.518,77.396,3314.2,3267.2
93.244,26.24,3546.5,1107.7
63.684,47.318,2442.3,2246
92.335,76.148,3749,3749
81.828,46.972,3146.3,1965.8
94.882,37.857,3665.6,1669.2
72.045,48.613,2791.4,2392.1
90.492,90.492,4148.8,4148.8
90.85,90.85,3562.2,3562.2
75.694,75.694,3750.5,3750.5
87.833,87.833,4132.7,4132.7
82.5,82.5,3418.4,3418.4
85.988,85.988,3438.2,3438.2
74.259,74.259,2982,2982
80.534,80.534,3709,3709
88.548,88.548,4160.7,4160.7
91.409,91.409,3731.9,3731.9
89.328,89.328,4217.4,4217.4
73.579,73.579,3561.3,3561.3
84.975,84.975,3490.6,3490.6
85.883,85.883,3539.2,3539.2
84.452,84.452,3487.7,3487.7
56.451,56.451,2600.6,2600.6
89.251,89.251,3710,3710
89.376,89.376,4011.9,4011.9
85.901,85.901,3908,3908
81.092,81.092,3580.5,3580.5
83.99,83.99,3529.8,3529.8
82.976,82.976,3502.4,3502.4
78.248,78.248,3445.7,3445.7
88.558,88.558,3751.7,3751.7
88.407,88.407,3754.3,3754.3
81.383,81.383,3462.5,3462.5
84.596,84.596,3613,3613
87.851,87.851,4562.7,4562.7
87.539,87.539,3751,3751
85.008,85.008,3650.3,3650.3
70.785,70.785,3077.7,3077.7
85.55,85.55,3730.7,3730.7
73.431,73.431,3165.3,3165.3
78.306,78.306,3409.4,3409.4
81.611,81.611,3536.2,3536.2
84.272,84.272,3807.4,3807.4
82.765,82.765,4041.3,4041.3
44.245,44.245,1969.8,1969.8
86.318,86.318,3768.1,3768.1
86.465,86.465,4103.1,4103.1
86.265,86.265,4410.8,4410.8
85.5,85.5,3781.1,3781.1
81.116,81.116,3556.8,3556.8
85.72,85.72,3764.5,3764.5
76.334,76.334,3362.4,3362.4
83.232,83.232,3707.4,3707.4
74.101,74.101,3492.3,3492.3
80.67,80.67,3560.4,3560.4
80.22,80.22,3702.5,3702.5
71.388,71.388,3127,3127
85.167,85.167,3770.4,3770.4
85.214,85.214,3774.8,3774.8
76.195,76.195,3993.3,3993.3
79.07,79.07,3514.4,3514.4
73.953,73.953,3328.3,3328.3
72.563,72.563,3914.5,3914.5
83.588,83.588,4277.6,4277.6
85.013,85.013,3795.1,3795.1
82.472,82.472,3682.8,3682.8
80.336,80.336,3615.3,3615.3
67.512,67.512,3022.8,3022.8
76.052,76.052,3405.6,3405.6
84.641,84.641,3797.4,3797.4
84.402,84.402,4564,4564
81.418,81.418,3659.2,3659.2
76.675,76.675,3447.4,3447.4
74.697,74.697,3360.9,3360.9
84.21,84.21,4160.4,4160.4
83.834,83.834,3781.2,3781.2
83.454,83.454,3768.5,3768.5
65.952,65.952,2983.8,2983.8
67.012,67.012,3033.6,3033.6
82.226,82.226,3723.7,3723.7
68.61,68.61,3251.2,3251.2
83.142,83.142,4700.3,4700.3
70.907,70.907,3226,3226
82.087,82.087,4322.8,4322.8
78.695,78.695,4339.7,4339.7
81.604,81.604,3776.2,3776.2
76.145,76.145,3481.1,3481.1
82.022,82.022,4540.7,4540.7
76.383,76.383,3460.3,3460.3
71.159,71.159,3534.7,3534.7
82.813,82.813,3807.3,3807.3
82.213,82.213,3786,3786
82.336,82.336,3796.2,3796.2
78.824,78.824,3635.6,3635.6
10.485,10.485,483.62,483.62
0,0,0,0
0,0,0,0
0,0,0,0
9.7552,0,181.44,0
15.67,0,226.65,0
14.578,0,209.83,0
14.552,0,209.21,0
13.201,0,189.73,0
12.007,0,174.71,0
15.144,0,244.26,0
39.758,0,653.75,0
79.417,0,1303.2,0
137.44,0,2252.8,0
151.89,0,2504.4,0
148.61,0,2493.3,0
146.26,0,2451.4,0
99.713,0,1686.3,0
176.12,0,2948.9,0
137.49,0,2345.5,0
142.99,0,2437.1,0
133.85,0,2292.4,0
163.93,0,2771.9,0
151.93,0,2587.6,0
127.64,0,2199.5,0
154.76,0,2617.2,0
100.28,2.3871,1826.7,70.489
165.56,22.653,2810.3,668.92
188.62,10.853,3195.3,320.48
207.36,10.396,3520,318.8
149.02,20.654,2595.9,595.58
178.91,10.97,3103.7,316.31
158.85,0,2821.3,0
173.57,0,3076.1,0
191.96,0,3417.5,0
175.15,0,3222.5,0
134.79,0,2741.3,0
177.7,2.2138,3439.6,75.62
154.95,12.661,3066.6,432.46
194.36,13.174,3847.5,383.41
210.42,31.624,4260.4,920.32
162.92,22.868,3473.4,761.44
191.54,21.412,4131,640.77
161.98,23.59,3610,709.33
186.52,41.633,4239,1234.9
175.21,33.632,4074.9,1083.4
148.72,16.144,3513.4,515.09
161.51,21.22,3950.4,677.05
160.82,11.439,4008.6,427.06
164.61,27.742,4171.3,915.88
107.82,91.36,2777.1,2777.1
140.97,137.68,4170.1,4170.1
142.77,45.574,3846.5,1380.3
142.88,70.189,3888.3,2227.4
152.64,14.773,4225.2,512.15
150.53,80.141,4246.8,2585.3
147.08,138.34,4277.4,4277.4
142.15,20.309,4120,627.92
134.88,22.553,3951,806.91
135.24,17.703,4018,633.4
116.66,48.981,3504.3,1735.6
133.09,72.154,4052.6,2435.1
138.15,97.021,4265.6,4018.5
130.54,121.52,4382.8,4382.8
130.67,14.489,4119.7,522.57
126.28,16.098,4034.5,609.11
132.84,49.93,4280.5,1920.1
130.61,34.72,4242.1,1284.2
122.45,116.18,4454.6,4454.6
126.13,91.361,4178.6,3513.9
125.78,11.947,4197.7,494.44
117.25,15.55,3941.5,631.95
106.9,26.776,3635.2,1088.2
118.31,118.31,5101,5101
99.703,63.286,3443.4,2613.8
121.57,104.98,4465.3,4465.3
120.21,53.016,4196.7,2255.2
95.335,28.033,3349.6,1158.4
120.79,120.79,4991.5,4991.5
116.83,65.104,4164.7,2850.8
114.22,41.433,4095.6,1856.4
118.55,101.52,4283.3,4192.5
113.52,90.352,4126.7,3910
84.147,62.319,3062.9,2696.9
98.536,15.417,3619.3,677.64
106.37,51.985,3920.6,2276.8
98.238,53.442,3655,2285.7
108.9,97.468,4168.8,4168.8
111.64,23.966,4188.1,940.07
109.72,83.737,4131.4,3810.9
103.26,93.501,3947,3947
109.15,31.7,4151.4,1338.2
79.179,61.032,3036.6,2896.9
107.96,91.634,4511.4,4511.4
97.238,60.59,3738.8,2535.7
110.94,47.684,4285.9,2102.5
84.237,57.158,3263.8,2812.6
105.81,105.81,4851,4851
106.62,106.62,4180.5,4180.5
91.538,91.538,4467.4,4467.4
102.7,102.7,4832,4832
96.485,96.485,3997.8,3997.8
101.45,101.45,4056.4,4056.4
88.885,88.885,3569.4,3569.4
95.864,95.864,4379.9,4379.9
103.54,103.54,4938.4,4938.4
106.88,106.88,4392.3,4392.3
104.45,104.45,4931.2,4931.2
87.673,87.673,4167.8,4167.8
99.355,99.355,4081.3,4081.3
100.44,100.44,4138.9,4138.9
99.851,99.851,4123.7,4123.7
69.048,69.048,3193.7,3193.7
104.35,104.35,4337.8,4337.8
104.51,104.51,4691,4691
100.44,100.44,4579.7,4579.7
96.413,96.413,4186.4,4186.4
98.204,98.204,4127.1,4127.1
97.064,97.064,4097.1,4097.1
91.783,91.783,4028.9,4028.9
103.54,103.54,4386.6,4386.6
103.37,103.37,4389.7,4389.7
95.155,95.155,4048.5,4048.5
98.911,98.911,4341.4,4341.4
102.72,102.72,5335,5335
102.35,102.35,4385.8,4385.8
99.51,99.51,4271.5,4271.5
83.82,83.82,3776.7,3776.7
100.03,100.03,4362.4,4362.4
87.022,87.022,3751.1,3751.1
92.534,92.534,4028.9,4028.9
96.145,96.145,4165.9,4165.9
99.094,99.094,4488.4,4488.4
96.771,96.771,4725.2,4725.2
54.142,54.142,2429.4,2429.4
100.93,100.93,4405.9,4405.9
101.1,101.1,4797.5,4797.5
100.89,100.89,5220.8,5220.8
100.14,100.14,4428.6,4428.6
95.781,95.781,4199.8,4199.8
100.23,100.23,4401.6,4401.6
90.513,90.513,3987,3987
97.881,97.881,4334.8,4334.8
88.669,88.669,4178.9,4178.9
94.329,94.329,4163.3,4163.3
93.827,93.827,4330.6,4330.6
83.97,83.97,3678.2,3678.2
99.61,99.61,4409.8,4409.8
99.634,99.634,4413.6,4413.6
89.089,89.089,4669.1,4669.1
92.45,92.45,4109.1,4109.1
87.74,87.74,3948.8,3948.8
84.842,84.842,4576.9,4576.9
97.733,97.733,5001.4,5001.4
99.4,99.4,4437.3,4437.3
96.429,96.429,4306.1,4306.1
94.024,94.024,4231.3,4231.3
78.937,78.937,3534.3,3534.3
90.492,90.492,4052.2,4052.2
98.965,98.965,4440,4440
98.721,98.721,5338.3,5338.3
95.692,95.692,4300.7,4300.7
89.65,89.65,4030.8,4030.8
87.8,87.8,3950.5,3950.5
98.462,98.462,4864.6,4864.6
98.021,98.021,4421.1,4421.1
97.577,97.577,4406.2,4406.2
77.554,77.554,3508.7,3508.7
78.352,78.352,3546.9,3546.9
96.141,96.141,4353.8,4353.8
80.22,80.22,3801.4,3801.4
97.212,97.212,5495.8,5495.8
82.907,82.907,3771.9,3771.9
95.978,95.978,5073.9,5073.9
92.544,92.544,5103.4,5103.4
95.415,95.415,4427.7,4427.7
89.031,89.031,4070.2,4070.2
95.903,95.903,5309.1,5309.1
90.524,90.524,4100.9,4100.9
83.201,83.201,4132.9,4132.9
96.827,96.827,4451.5,4451.5
96.125,96.125,4426.7,4426.7
96.27,96.27,4438.7,4438.7
92.163,92.163,4250.9,4250.9
12.26,12.26,565.46,565.46
0,0,0,0
0,0,0,0
3.8726,0,90.998,0
15.312,0,285.25,0
24.22,0,350.32,0
22.546,0,324.51,0
22.565,0,324.42,0
20.603,0,296.11,0
18.828,0,273.96,0
23.013,0,371.19,0
54.139,0,890.22,0
104.14,0,1708.9,0
172.72,0,2831,0
186.06,0,3067.9,0
183.06,0,3071.2,0
178.77,0,3016.8,0
125.72,0,2176.9,0
212.02,0,3549.9,0
170.61,0,2921.5,0
177.39,0,3023.3,0
168.06,0,2878.3,0
200.49,0,3390.1,0
187.67,0,3196.3,0
160.68,0,2768.8,0
188.14,0,3181.6,0
125.87,3.3795,2323.6,99.794
202.04,32.07,3429.7,947.01
224.65,15.365,3805.8,453.71
244.21,14.892,4145.5,456.69
182.29,29.416,3175.6,848.23
214.06,15.623,3713.6,450.49
191.59,0,3402.7,0
204.73,0,3628.4,0
225.62,0,4016.7,0
204.89,0,3769.8,0
165.15,0,3358.8,0
209.72,3.2697,4059.3,111.69
181.85,18.699,3599,638.72
220.25,18.157,4360,528.42
238.61,43.584,4831.3,1268.4
190.84,32.392,4068.6,1078.5
218.38,29.553,4709.9,884.41
187.79,32.798,4185.1,986.21
211.81,55.803,4813.8,1655.2
200.35,46.098,4659.6,1485
169.1,22.53,4033.1,718.82
185.52,29.614,4537.7,944.83
184.29,16.871,4593.6,629.88
186.64,38.541,4729.6,1272.4
122.75,111.43,3387.3,3387.3
160.38,160.38,4857.4,4857.4
161.77,53.085,4358.5,1607.8
164.02,88.518,4485,2809.1
172.94,19.85,4787.1,688.16
170.61,100.04,4813.3,3227.1
166.66,158.4,4897.4,4897.4
162.43,23.253,4707.7,718.95
153.09,31.025,4484.3,1110
153.63,24.354,4564.3,871.34
133.5,63.373,4010,2245.5
150.78,88.351,4591.3,2981.8
156.52,117.09,4849.7,4849.7
148.51,139.41,5027.9,5027.9
149.05,16.622,4699.2,599.48
143.1,22.121,4571.9,836.98
150.5,64.904,4849.4,2496
148.24,42.278,4814.4,1563.8
139.27,134.71,5165.1,5165.1
142.9,103.51,4734,3981.3
142.75,17.522,4763.9,725.19
132.84,21.129,4465.4,858.67
125.16,36.382,4256,1478.6
134.31,134.31,5790.9,5790.9
117.27,78.895,4050.2,3258.5
137.82,120.29,5116.7,5116.7
136.2,60.75,4755.2,2584.1
110.54,31.773,3883.7,1313
136.9,136.9,5657.4,5657.4
133.19,81.357,4748,3562.5
129.4,50.723,4640,2272.7
134.31,118.07,4876.3,4876.3
128.82,103.58,4683,4482.6
95.462,71.446,3474.8,3091.8
114.99,22.1,4232.1,971.41
121.05,66.337,4461.6,2905.4
111.93,60.995,4164.5,2608.8
124.77,111.24,4758,4758
126.51,32.764,4746,1285.2
124.31,94.868,4680.5,4317.5
118.06,109.45,4620.3,4620.3
123.8,37.107,4708.7,1660.3
95.388,76.277,3658.2,3620.5
122.31,106.85,5260.3,5260.3
111.96,75.73,4305,3169.3
125.68,58.196,4855.6,2566
95.434,65.119,3697.6,3204.4
119.87,119.87,5496,5496
121.24,121.24,4753.8,4753.8
107.26,107.26,5156.2,5156.2
116.35,116.35,5474.3,5474.3
109.34,109.34,4530.4,4530.4
115.97,115.97,4637.2,4637.2
103.09,103.09,4139.7,4139.7
111.22,111.22,5011.7,5011.7
117.31,117.31,5679.4,5679.4
121.08,121.08,5008.9,5008.9
118.33,118.33,5586.7,5586.7
101.22,101.22,4726.3,4726.3
112.56,112.56,4623.8,4623.8
113.81,113.81,4690,4690
114.39,114.39,4724.2,4724.2
82.163,82.163,3800.3,3800.3
118.23,118.23,4914.4,4914.4
118.4,118.4,5314.8,5314.8
113.79,113.79,5200.2,5200.2
111.07,111.07,4763.5,4763.5
111.26,111.26,4675.8,4675.8
110.02,110.02,4643.9,4643.9
104.32,104.32,4564.6,4564.6
117.31,117.31,4969.7,4969.7
117.11,117.11,4973.2,4973.2
107.8,107.8,4586.7,4586.7
112.06,112.06,5054.7,5054.7
116.38,116.38,6044.3,6044.3
115.96,115.96,4968.7,4968.7
113.48,113.48,4871.4,4871.4
96.173,96.173,4490.7,4490.7
113.34,113.34,4942.6,4942.6
99.925,99.925,4307.3,4307.3
105.95,105.95,4613.1,4613.1
109.75,109.75,4755.4,4755.4
112.91,112.91,5127,5127
109.63,109.63,5353.3,5353.3
64.703,64.703,2903.2,2903.2
114.34,114.34,4991.6,4991.6
114.54,114.54,5435.3,5435.3
114.33,114.33,5987.7,5987.7
113.65,113.65,5026.1,5026.1
109.59,109.59,4805.1,4805.1
113.55,113.55,4986.6,4986.6
103.99,103.99,4580.8,4580.8
111.54,111.54,4911,4911
102.81,102.81,4845.2,4845.2
106.88,106.88,4717.1,4717.1
106.33,106.33,4907.8,4907.8
95.703,95.703,4192.1,4192.1
112.88,112.88,4997.5,4997.5
112.88,112.88,5000.3,5000.3
100.93,100.93,5289.7,5289.7
104.74,104.74,4655.3,4655.3
100.87,100.87,4539.6,4539.6
96.12,96.12,5185.3,5185.3
110.72,110.72,5666.3,5666.3
112.61,112.61,5027.1,5027.1
109.25,109.25,4878.4,4878.4
106.63,106.63,4798.5,4798.5
89.545,89.545,4008,4008
104.33,104.33,4671.9,4671.9
112.12,112.12,5030.2,5030.2
111.88,111.88,6050.1,6050.1
108.98,108.98,4897.7,4897.7
101.57,101.57,4566.6,4566.6
99.998,99.998,4499.4,4499.4
111.55,111.55,5511.3,5511.3
111.05,111.05,5008.7,5008.7
110.55,110.55,4991.9,4991.9
88.367,88.367,3997.9,3997.9
88.768,88.768,4018.4,4018.4
108.92,108.92,4932.6,4932.6
90.883,90.883,4306.7,4306.7
110.17,110.17,6226.3,6226.3
93.927,93.927,4273.3,4273.3
108.92,108.92,5770.5,5770.5
105.45,105.45,5815.1,5815.1
108.1,108.1,5030.3,5030.3
100.87,100.87,4611.3,4611.3
108.65,108.65,6014.8,6014.8
103.95,103.95,4709.2,4709.2
94.26,94.26,4682.2,4682.2
109.7,109.7,5043.3,5043.3
108.9,108.9,5015.2,5015.2
109.07,109.07,5028.7,5028.7
104.41,104.41,4815.9,4815.9
13.889,13.889,640.62,640.62
0,0,0,0
0,0,0,0
5.8944,0,138.51,0
23.287,0,434.52,0
36.272,0,524.64,0
33.786,0,486.29,0
33.905,0,487.46,0
31.157,0,447.8,0
28.607,0,416.26,0
33.885,0,546.55,0
71.433,0,1174.6,0
132.31,0,2171.3,0
210.3,0,3447,0
220.85,0,3641.5,0
218.49,0,3665.6,0
213.18,0,3597.4,0
158.87,0,2750.9,0
247.3,0,4140.7,0
205.91,0,3525.9,0
213.22,0,3634,0
204.46,0,3501.7,0
237.59,0,4017.4,0
224.62,0,3825.7,0
195.99,0,3377.3,0
221.62,0,3747.7,0
155.13,4.6359,2863.8,136.89
238.92,43.993,4055.7,1299.1
259.27,21.077,4392.2,622.39
278.68,20.671,4730.6,633.92
216.08,40.593,3764.1,1170.5
248.17,21.559,4305.3,621.67
223.89,0,3976.4,0
233.99,0,4171.3,0
256.95,0,4574.5,0
232.25,0,4273.1,0
196.07,0,3987.7,0
239.82,4.6792,4641.9,159.83
206.8,26.76,4092.7,914.06
241.84,24.248,4787.4,705.66
262.18,58.204,5308.5,1693.9
216.61,44.457,4618,1480.3
241.25,39.523,5203.2,1182.8
210.95,44.184,4701.2,1328.6
233.06,72.473,5296.9,2149.7
221.98,61.224,5162.7,1972.3
188.43,30.464,4508.6,971.98
206.48,40.043,5050.4,1277.6
204.62,24.111,5100.5,900.17
205.05,51.88,5196.1,1712.8
142.14,131.7,4003.3,4003.3
181.01,181.01,5482.2,5482.2
181.51,59.913,4875.7,1814.6
183.78,108.17,5025.2,3432.7
189.86,25.844,5255.4,895.94
187.36,120.99,5286,3903.2
182.99,175.73,5433.2,5433.2
179.84,25.797,5212.2,797.6
168.36,41.355,4931.6,1479.6
169.1,32.462,5024,1161.5
148.02,79.447,4446.2,2815.1
165.52,104.83,5040.2,3537.8
171.83,136.92,5671.2,5671.2
163.71,154.96,5588.8,5588.8
164.74,19.773,5193.8,849.33
157.13,29.453,5020,1114.4
165.21,81.748,5323.5,3143.7
163.01,50.272,5294.4,1985.6
153.47,151.35,5802.9,5802.9
156.87,113.64,5196.7,4370.8
156.97,24.902,5238.7,1030.6
145.82,27.818,4901.9,1130.5
141.98,47.9,4828.1,1946.6
147.74,147.74,6369.9,6369.9
133.66,95.299,4616,3936
151.4,133.55,5681,5681
149.54,67.45,5220.7,2869.1
124.18,34.894,4363.1,1441.9
150.35,150.35,6213,6213
147.13,98.51,5244.9,4313.6
142.05,60.168,5093.5,2695.8
147.44,133.06,5495.4,5495.4
141.64,115.07,5149.2,4979.6
104.94,79.367,3819.7,3434.6
130.37,30.697,4800.4,1349.3
133.48,82.022,4919.6,3592.4
123.58,67.454,4597.7,2885.1
138.52,123.02,5261.8,5261.8
138.91,43.402,5211.4,1702.5
136.46,104.14,5138.1,4739.6
130.79,124.14,5240.4,5240.4
136.66,47.001,5194,2207.4
111.35,92.37,4384.4,4384.4
134.27,120.71,5943.1,5943.1
124.91,91.714,4803,3838.3
137.97,68.821,5330.2,3034.5
104.76,74.919,4059.1,3537.4
131.59,131.59,6033.3,6033.3
133.59,133.59,5238,5238
121.78,121.78,5766.4,5766.4
127.72,127.72,6009.4,6009.4
120.05,120.05,4974.4,4974.4
128.46,128.46,5136.5,5136.5
115.85,115.85,4652.2,4652.2
125.02,125.02,5556.5,5556.5
128.78,128.78,6328.8,6328.8
132.92,132.92,5534.7,5534.7
129.9,129.9,6132.9,6132.9
113.24,113.24,5193.1,5193.1
123.56,123.56,5075.8,5075.8
124.96,124.96,5149.5,5149.5
126.98,126.98,5244.2,5244.2
94.734,94.734,4381.8,4381.8
129.78,129.78,5394.7,5394.7
129.98,129.98,5834.6,5834.6
124.91,124.91,5721.5,5721.5
123.98,123.98,5317.3,5317.3
122.56,122.56,5155.7,5155.7
120.83,120.83,5133.6,5133.6
114.88,114.88,5010.9,5010.9
128.77,128.77,5455.4,5455.4
128.56,128.56,5459.4,5459.4
118.34,118.34,5091,5091
123.01,123.01,5702.5,5702.5
127.76,127.76,6635.3,6635.3
127.29,127.29,5454.4,5454.4
125.4,125.4,5382.9,5382.9
106.92,106.92,5173.7,5173.7
124.43,124.43,5426.2,5426.2
111.18,111.18,4792.5,4792.5
117.55,117.55,5118.1,5118.1
121.39,121.39,5259.8,5259.8
124.65,124.65,5674.5,5674.5
120.35,120.35,5876.6,5876.6
74.922,74.922,3361.8,3361.8
125.52,125.52,5479.6,5479.6
125.73,125.73,5966.6,5966.6
125.54,125.54,6654.1,6654.1
124.98,124.98,5527,5527
121.49,121.49,5326.9,5326.9
124.65,124.65,5474.1,5474.1
115.77,115.77,5099.6,5099.6
123.15,123.15,5421.6,5421.6
115.5,115.5,5443.3,5443.3
117.33,117.33,5178.6,5178.6
116.77,116.77,5389.4,5389.4
105.69,105.69,4629.5,4629.5
123.96,123.96,5487.7,5487.7
123.91,123.91,5489,5489
110.8,110.8,5806.8,5806.8
114.98,114.98,5110.4,5110.4
112.36,112.36,5056.7,5056.7
105.52,105.52,5692.1,5692.1
121.55,121.55,6220.2,6220.2
123.62,123.62,5518.5,5518.5
119.92,119.92,5355.3,5355.3
117.17,117.17,5272.7,5272.7
100.57,100.57,4501.3,4501.3
116.55,116.55,5219.1,5219.1
123.08,123.08,5521.9,5521.9
122.87,122.87,6643.9,6643.9
120.25,120.25,5404.5,5404.5
111.49,111.49,5013,5013
110.35,110.35,4965.3,4965.3
122.46,122.46,6050.1,6050.1
121.9,121.9,5498.3,5498.3
121.35,121.35,5479.9,5479.9
97.561,97.561,4413.8,4413.8
97.445,97.445,4411.2,4411.2
119.57,119.57,5414.7,5414.7
99.767,99.767,4727.7,4727.7
120.97,120.97,6834.9,6834.9
103.11,103.11,4691,4691
120.03,120.03,6359,6359
116.43,116.43,6420.5,6420.5
118.67,118.67,5537.6,5537.6
111.83,111.83,5115.2,5115.2
119.27,119.27,6602.7,6602.7
115.67,115.67,5239.8,5239.8
103.47,103.47,5139.9,5139.9
120.42,120.42,5536.2,5536.2
119.55,119.55,5505.4,5505.4
119.73,119.73,5520.2,5520.2
114.62,114.62,5286.7,5286.7
15.247,15.247,703.24,703.24
0,0,0,0
0,0,0,0
8.6932,0,204.27,0
34.318,0,641.35,0
52.635,0,761.32,0
49.057,0,706.11,0
49.363,0,709.69,0
45.655,0,656.16,0
42.116,0,612.82,0
48.345,0,779.78,0
91.325,0,1507.6,0
162.89,0,2673.1,0
248.11,0,4066.8,0
254,0,4188.1,0
252.68,0,4239.3,0
246.31,0,4156.5,0
194.52,0,3368.3,0
279.51,0,4679.9,0
240.8,0,4123.3,0
248.33,0,4232.4,0
241.02,0,4127.9,0
272.81,0,4613,0
260.5,0,4436.8,0
231.63,0,3991.5,0
253.25,0,4315.6,0
185.26,6.162,3420,181.96
273.76,58.475,4647,1726.7
289.92,28.015,4911.5,827.27
308.13,27.802,5230.7,852.59
248.17,54.279,4323.1,1565.2
278.78,28.827,4836.3,831.25
253.52,0,4509.3,0
263.04,0,4716.9,0
283.54,0,5047.9,0
255.08,0,4693.2,0
225.55,0,4587.3,0
265.72,6.4885,5143.3,221.63
227.86,37.107,4509.6,1267.5
257.3,31.376,5093.5,913.1
279.14,75.313,5651.8,2191.8
238.22,59.122,5078.7,1968.6
258.24,51.216,5569.6,1532.7
229.6,57.676,5116.9,1734.3
248.49,91.2,5647.4,2705.2
238.31,78.788,5542.4,2538.1
204.11,39.915,4883.7,1273.5
222.67,52.465,5446.6,1673.9
220.15,33.388,5487.6,1246.5
218.28,67.668,5531.4,2234
163.66,150.82,4584.4,4584.4
197.95,197.95,5995.3,5995.3
197.92,65.521,5316.4,1984.5
199.53,128.07,5455.8,4064.4
201.96,32.602,5590.3,1142.5
199.37,141.8,5624.8,4574.3
194.69,188.9,5840.5,5840.5
192.93,27.731,5591.6,857.39
179.4,53.413,5255,1911
180.35,41.927,5358.3,1500.1
159.02,96.506,4797.3,3419.5
176.05,120.51,5361.1,4067.1
182.78,155.14,6425.9,6425.9
174.86,166.9,6019.4,6019.4
176.43,27.881,5562.2,1197.6
167.17,37.997,5340.8,1437.7
175.73,99.766,5662.4,3836.7
173.7,64.881,5641.4,2562.6
164.76,164.76,6317.1,6317.1
166.85,120.89,5527.6,4649.4
167.26,34.29,5582,1419.1
155.11,35.487,5214,1442.2
156.06,61.106,5307,2483.3
157.47,157.47,6789.3,6789.3
147.6,111.54,5097.5,4606.8
161.15,144.04,6111.7,6111.7
159.08,72.564,5553.9,3086.6
135.18,37.131,4749.6,1534.4
159.99,159.99,6611.4,6611.4
157.49,115.58,5613.9,5060.9
151.09,69.155,5417.8,3098.5
156.83,145.3,6000.8,6000.8
150.91,123.86,5486.1,5359.9
115.74,85.428,4232.1,3696.9
143.29,41.315,5276.1,1816
142.61,98.269,5256.2,4304
135.95,80.547,5058.7,3338
149.01,131.83,5638.4,5638.4
147.8,55.708,5544.7,2185.2
145.14,115.12,5465.2,5103.7
141.87,136.43,5759.3,5759.3
146.26,60.549,5558.9,2843.7
125.94,108.38,5144.6,5144.6
142.81,132.15,6506,6506
135.04,107.62,5192.2,4504
146.75,78.859,5669.5,3477.1
111.43,85.846,4317.5,3785.2
139.96,139.96,6417.6,6417.6
142.62,142.62,5592.2,5592.2
133.98,133.98,6248.6,6248.6
135.85,135.85,6392,6392
127.73,127.73,5292.4,5292.4
137.88,137.88,5513,5513
126.15,126.15,5065.7,5065.7
136.17,136.17,5969.3,5969.3
137.61,137.61,6833.5,6833.5
141.38,141.38,5925.9,5925.9
138.17,138.17,6523.5,6523.5
122.75,122.75,5528.9,5528.9
131.43,131.43,5398.9,5398.9
132.94,132.94,5478.4,5478.4
136.58,136.58,5640.7,5640.7
105.84,105.84,4895.3,4895.3
138.04,138.04,5738.2,5738.2
138.26,138.26,6206.3,6206.3
132.87,132.87,6099.5,6099.5
134.1,134.1,5751.1,5751.1
132.95,132.95,5592.9,5592.9
130.7,130.7,5569.2,5569.2
122.59,122.59,5330.1,5330.1
136.97,136.97,5802.7,5802.7
136.74,136.74,5914.1,5914.1
125.88,125.88,5735.5,5735.5
130.84,130.84,6233.6,6233.6
135.9,135.9,7058,7058
135.4,135.4,5801.7,5801.7
134.27,134.27,5763.5,5763.5
119.36,119.36,5775.6,5775.6
132.36,132.36,5772.1,5772.1
119.86,119.86,5166.7,5166.7
126.9,126.9,5502,5502
130.1,130.1,5637.1,5637.1
133.34,133.34,6085.6,6085.6
128.01,128.01,6250.7,6250.7
84.062,84.062,3771.9,3771.9
133.52,133.52,5828.6,5828.6
133.74,133.74,6346.5,6346.5
133.56,133.56,7165,7165
133.17,133.17,5889.2,5889.2
130.5,130.5,5722.1,5722.1
132.58,132.58,5973.9,5973.9
124.88,124.88,5500.9,5500.9
131.75,131.75,5800.2,5800.2
125.73,125.73,5925.4,5925.4
124.82,124.82,5508.8,5508.8
124.24,124.24,5734.4,5734.4
113.09,113.09,4967,4967
131.89,131.89,5838.9,5838.9
131.8,131.8,5838.5,5838.5
118.94,118.94,6176.4,6176.4
122.3,122.3,5435.7,5435.7
121.27,121.27,5457.8,5457.8
112.23,112.23,6054.5,6054.5
129.29,129.29,6616.2,6616.2
131.49,131.49,5953.2,5953.2
127.56,127.56,5696.2,5696.2
124.75,124.75,5613.9,5613.9
109.44,109.44,4898.5,4898.5
126.16,126.16,5649.4,5649.4
130.91,130.91,5873.5,5873.5
130.73,130.73,7069.4,7069.4
128.57,128.57,5778.5,5778.5
118.59,118.59,5332.1,5332.1
118,118,5384.9,5384.9
130.26,130.26,6435.4,6435.4
129.67,129.67,5848.4,5848.4
129.08,129.08,5828.7,5828.7
104.37,104.37,4989.6,4989.6
103.65,103.65,4692.1,4692.1
127.18,127.18,5759.4,5759.4
106.12,106.12,5028.7,5028.7
128.71,128.71,7270,7270
109.67,109.67,4989.7,4989.7
128.16,128.16,6790,6790
124.56,124.56,6868.7,6868.7
126.22,126.22,5906.7,5906.7
122.26,122.26,5591.9,5591.9
126.87,126.87,7023.1,7023.1
124.7,124.7,5649.2,5649.2
110.79,110.79,5467.1,5467.1
128.09,128.09,5888.7,5888.7
127.16,127.16,5855.9,5855.9
127.35,127.35,5871.7,5871.7
121.92,121.92,5623.2,5623.2
16.218,16.218,748.01,748.01
0,0,0,0
0,0,0,0
12.423,0,291.91,0
49.002,0,917.24,0
74.008,0,1070.5,0
69.02,0,993.44,0
69.636,0,1001.2,0
64.822,0,931.63,0
60.078,0,874.2,0
66.833,0,1078,0
120.1,0,1988.6,0
196.1,0,3246.1,0
283.64,0,4649,0
283.06,0,4667.2,0
283.15,0,4750.5,0
275.76,0,4653.4,0
230.79,0,3996.2,0
306.09,0,5129.4,0
272.85,0,4672.2,0
280.24,0,4776.4,0
275.3,0,4714.9,0
303.53,0,5132.4,0
292.73,0,4985.8,0
265.26,0,4571.1,0
285.1,0,4858.2,0
214.37,7.9361,3957.5,234.35
303.93,75.311,5159.2,2223.9
314.14,36.081,5321.7,1065.4
330.13,36.232,5604,1111.1
276.18,70.324,4811.1,2027.8
303.44,37.349,5264.1,1077
278.16,0,5039.7,0
288.21,0,5168.3,0
303.17,0,5397.4,0
271.46,0,5183.1,0
251.41,0,5113.2,0
285.28,8.7179,5522,297.79
243.28,49.857,4871.3,1703
265.25,39.338,5250.9,1144.8
287.96,94.594,5830.5,2762.5
253.85,76.182,5412,2536.6
267.85,64.308,5776.8,1924.5
242.14,72.95,5396.5,2193.6
256.71,111.2,5834.2,3298.5
247.9,98.242,5765.4,3164.8
214.23,50.673,5125.8,1616.7
234.08,66.606,5718,2125.1
229.5,44.798,5720.7,1672.5
225.15,85.52,5728.9,2823.3
183.5,167.35,5086.9,5086.9
209.75,209.75,6352.9,6352.9
209.1,69.429,5616.9,2150.5
209.9,146.94,5739.3,4663
208.16,42.542,5762,1514.5
205.57,161.02,5799.6,5194.5
200.7,196.76,6083.4,6083.4
200.54,28.884,5812.4,1034.9
185.23,66.844,5446,2391.6
186.38,52.471,5537.4,1877.3
172.6,113.59,5278.8,4024.8
181.45,134.24,5525.4,4530.5
188.39,170.33,7054.9,7054.9
180.97,174.18,6281.9,6281.9
183.07,38.091,5771.7,1636.1
174.71,47.498,5562.4,1797.2
181.11,117.98,5835.9,4536.9
179.33,81.136,5824.5,3204.6
173.79,173.79,6663.3,6663.3
171.97,124.6,5697,4792.3
172.68,45.752,5763,1893.5
159.86,43.865,5373.8,1782.7
166.22,75.533,5652.4,3069.6
166.28,162.63,7011.6,7011.6
157.93,126.5,5454.5,5224.4
166.2,153.09,6371,6371
163.98,75.641,5724.8,3217.6
142.59,38.285,5009.8,1582.1
164.96,164.96,6816.9,6816.9
163.33,131.39,5822.3,5753.3
157.11,77.017,5635.8,3450.8
161.63,153.74,6349.3,6349.3
155.79,129.18,5663.5,5590.1
124.94,89.098,4568.3,3855.7
152.6,53.879,5618.8,2368.2
147.64,114.08,5441.5,4996.3
147.36,96.926,5483.4,4016.7
155.32,136.88,5854.3,5854.3
152.37,69.284,5716.1,2717.7
149.59,129.74,5751.9,5751.9
149.76,145.29,6133,6133
151.68,75.581,5764.7,3549.7
138.02,123.23,5849.1,5849.1
147.19,140.17,6901.2,6901.2
141.45,122.37,5438.7,5121.2
151.25,91.287,5843.3,3860.5
114.85,95.313,4449.8,4202.6
144.25,144.25,6614.4,6614.4
147.54,147.54,5785,5785
142.82,142.82,6560.9,6560.9
140.01,140.01,6587.9,6587.9
131.68,131.68,5455.9,5455.9
143.39,143.39,5733.4,5733.4
133.1,133.1,5344.8,5344.8
143.72,143.72,6213.6,6213.6
143.97,143.97,7149.4,7149.4
145.71,145.71,6147.7,6147.7
142.41,142.41,6723.5,6723.5
128.93,128.93,5703.7,5703.7
135.46,135.46,5803.1,5803.1
137.04,137.04,5647.3,5647.3
142.35,142.35,5878.7,5878.7
116.16,116.16,5299.2,5299.2
142.27,142.27,6141.6,6141.6
142.5,142.5,6396.7,6396.7
136.94,136.94,6300.6,6300.6
140.54,140.54,6027.2,6027.2
139.75,139.75,5878.7,5878.7
137.39,137.39,5854.3,5854.3
130.31,130.31,5588.2,5588.2
141.17,141.17,5980.5,5980.5
140.93,140.93,6452.6,6452.6
129.74,129.74,6261,6261
134.85,134.85,6602.6,6602.6
140.06,140.06,7274.5,7274.5
139.54,139.54,5979.4,5979.4
139.3,139.3,5979.4,5979.4
129.82,129.82,6247.4,6247.4
136.43,136.43,5949.5,5949.5
125.21,125.21,5397.1,5397.1
134.79,134.79,5827.4,5827.4
135.1,135.1,5853.8,5853.8
138.21,138.21,6517.6,6517.6
131.93,131.93,6442.2,6442.2
91.389,91.389,4100.7,4100.7
137.61,137.61,6142.3,6142.3
137.83,137.83,6541,6541
137.69,137.69,7475.7,7475.7
137.49,137.49,6080.2,6080.2
135.83,135.83,5955.8,5955.8
136.65,136.65,6467,6467
130.53,130.53,5749.5,5749.5
136.57,136.57,6012.6,6012.6
132.61,132.61,6249.9,6249.9
128.65,128.65,5678.1,5678.1
128.09,128.09,5912.1,5912.1
120.14,120.14,5315.3,5315.3
135.97,135.97,6019.6,6019.6
135.84,135.84,6017.4,6017.4
128.29,128.29,6365.7,6365.7
126.04,126.04,5602.3,5602.3
126.82,126.82,5707.8,5707.8
115.67,115.67,6240,6240
133.25,133.25,6819,6819
135.52,135.52,6381.2,6381.2
131.47,131.47,5870.7,5870.7
128.7,128.7,5791.7,5791.7
115.4,115.4,5165.1,5165.1
132.32,132.32,5925.2,5925.2
134.93,134.93,6053.5,6053.5
134.79,134.79,7288.7,7288.7
133.2,133.2,5986.5,5986.5
122.23,122.23,5693.5,5693.5
125.57,125.57,5762.5,5762.5
134.25,134.25,6632.7,6632.7
133.64,133.64,6027.5,6027.5
133.03,133.03,6007.3,6007.3
108.21,108.21,5678,5678
114.93,114.93,5218.7,5218.7
131.08,131.08,5935.9,5935.9
109.37,109.37,5182.8,5182.8
132.69,132.69,7492.8,7492.8
113.03,113.03,5142.6,5142.6
132.6,132.6,7025.1,7025.1
129.12,129.12,7120.1,7120.1
130.09,130.09,6104.8,6104.8
129.5,129.5,5923.2,5923.2
130.76,130.76,7238.3,7238.3
130.27,130.27,5901.5,5901.5
115,115,5634.6,5634.6
132.01,132.01,6069.1,6069.1
131.05,131.05,6218.4,6218.4
131.25,131.25,6051.6,6051.6
125.65,125.65,5795.5,5795.5
16.714,16.714,770.93,770.93
0,0,0,0
0,0,0,0
17.201,0,404.2,0
67.797,0,1271.1,0
100.83,0,1458.4,0
94.091,0,1354.3,0
95.185,0,1368.5,0
89.178,0,1281.7,0
83.041,0,1208.3,0
89.523,0,1444,0
153.5,0,2541.7,0
234.09,0,3875,0
314.18,0,5149.6,0
305.65,0,5039.6,0
307.44,0,5158,0
299.14,0,5048,0
265.31,0,4594,0
326.27,0,5494.1,0
299.57,0,5129.7,0
306.44,0,5222.9,0
304.69,0,5218.3,0
327.22,0,5533,0
318.74,0,5428.7,0
294.35,0,5072.2,0
310.98,0,5299.3,0
240.36,9.9036,4437.2,292.45
326.95,93.982,5550,2775.2
329.8,45.027,5587.1,1329.6
342.71,45.752,5817.7,1403
297.81,88.284,5187.9,2545.7
320.03,46.887,5551.9,1352
295.72,0,5457.6,0
305.99,0,5487.1,0
314.1,0,5592,0
285.38,0,5564.2,0
271.53,0,5522.4,0
296.77,11.35,5744.4,387.68
251.67,64.907,5334.5,2217.1
264.96,47.791,5453.4,1390.8
287.84,115.83,5828,3382.7
262.11,95.118,5588.1,3167.1
269.19,78.238,5847.1,2341.4
247.45,89.403,5514.6,2688.3
256.96,131.38,5840,3897.2
249.86,118.7,5811.2,3823.8
217.87,62.333,5212.8,1988.8
239.63,81.932,5853.6,2614.1
231.82,58.242,5778.5,2174.5
230.1,104.73,5856.3,3457.4
199.36,179.92,5469.2,5469.2
215.36,215.36,6522.8,6522.8
214.06,75.332,5750.1,2390.6
213.95,163.34,5850.1,5183.7
207.89,54.643,5754.5,1945.3
206.52,177.17,5835,5715.5
201.66,198.57,6139.6,6139.6
201.99,37.066,5854.3,1397
190.02,81.056,5604,2956.6
186.63,63.626,5544.8,2276.4
184.02,129.54,5628.3,4590.2
181.2,144.89,5517.9,4890
188.15,181.2,7505.1,7505.1
186.57,176.13,6352.4,6352.4
184.07,50.425,5803.3,2165.9
177.39,57.531,5647.6,2231.7
180.87,135.18,5827.9,5198.5
179.41,98.313,5826.8,3883
177.62,177.62,6810.3,6810.3
171.73,124.44,5689.2,4786.1
172.75,59.15,5765.2,2448
159.64,52.538,5366.5,2135.1
171.54,90.467,5833.3,3676.6
170.27,162.74,7016.4,7016.4
163.75,139,5741,5741
167.15,157.65,6435,6435
163.78,76.402,5717.8,3249.9
145.73,38.249,5120.2,1580.6
164.81,164.81,6810.5,6810.5
164.14,144.73,6337.4,6337.4
159.36,83.109,5716.6,3723.7
161.46,157.62,6509.5,6509.5
159,130.54,5786.7,5649.2
130.67,90.039,4778.1,3896.5
157.46,68.081,5798,2992.5
153.45,128.32,5680.2,5620
154.78,113.02,5759.2,4683.5
156.87,138.32,6380,6380
152.86,83.493,5733.2,3275
149.39,141.67,6281.2,6281.2
153.19,149.91,6328.2,6328.2
152.41,91.416,5792.5,4293.3
146.57,135.75,6443.7,6443.7
146.99,144.07,7093,7093
144.94,134.82,5642.2,5642.2
151.04,104.22,5835.3,4153.2
114.69,102.54,4521.2,4521.2
144.06,144.06,6605.6,6605.6
147.89,147.89,5798.6,5798.6
147.51,147.51,6674.9,6674.9
139.82,139.82,6578.9,6578.9
136.1,136.1,5452.5,5452.5
144.49,144.49,5777.4,5777.4
136.07,136.07,5464.1,5464.1
146.97,146.97,6267.1,6267.1
145.95,145.95,7247.7,7247.7
145.52,145.52,6179.8,6179.8
142.22,142.22,6714.4,6714.4
131.21,131.21,5701.3,5701.3
136.52,136.52,6104.8,6104.8
136.88,136.88,5640.8,5640.8
143.75,143.75,5936.6,5936.6
127.49,127.49,5558.4,5558.4
143.3,143.3,6420.2,6420.2
143.24,143.24,6388.3,6388.3
136.75,136.75,6306.3,6306.3
142.71,142.71,6120.5,6120.5
142.33,142.33,5987.3,5987.3
140.46,140.46,5962.8,5962.8
136.36,136.36,5847.6,5847.6
140.98,140.98,5972.4,5972.4
140.74,140.74,6821.6,6821.6
129.56,129.56,6622.4,6622.4
134.67,134.67,6776.2,6776.2
139.88,139.88,7264.8,7264.8
139.35,139.35,5971.3,5971.3
140.03,140.03,6010.8,6010.8
136.81,136.81,6547.8,6547.8
136.25,136.25,5941.9,5941.9
126.73,126.73,5462.9,5462.9
138.73,138.73,5997.8,5997.8
135.94,135.94,5890.2,5890.2
138.81,138.81,6866.3,6866.3
131.75,131.75,6433.4,6433.4
96.269,96.269,4366.2,4366.2
137.43,137.43,6427.5,6427.5
137.65,137.65,6532.2,6532.2
137.54,137.54,7557.6,7557.6
137.54,137.54,6199.5,6199.5
136.98,136.98,6006.5,6006.5
136.85,136.85,6783.4,6783.4
132.19,132.19,5822.8,5822.8
137.18,137.18,6039.2,6039.2
135.53,135.53,6387.6,6387.6
128.49,128.49,5680.6,5680.6
130.87,130.87,5906.1,5906.1
124.57,124.57,5511.5,5511.5
135.83,135.83,6013.3,6013.3
135.66,135.66,6009.2,6009.2
134.07,134.07,6357,6357
125.87,125.87,5594.7,5594.7
128.51,128.51,5783.9,5783.9
125.24,125.24,6231.5,6231.5
133.07,133.07,6809.7,6809.7
135.33,135.33,6627.6,6627.6
131.29,131.29,5862.8,5862.8
128.65,128.65,5789.5,5789.5
117.9,117.9,5277.2,5277.2
134.47,134.47,6021.6,6021.6
134.74,134.74,6101,6101
134.66,134.66,7281.4,7281.4
133.71,133.71,6009.5,6009.5
122.06,122.06,6157.7,6157.7
131.97,131.97,5975.1,5975.1
134.07,134.07,6623.8,6623.8
133.46,133.46,6019.3,6019.3
132.85,132.85,5999.1,5999.1
119.31,119.31,6260.9,6260.9
124.82,124.82,5668.1,5668.1
130.9,130.9,5927.8,5927.8
109.22,109.22,5175.7,5175.7
132.54,132.54,7482.6,7482.6
112.88,112.88,5135.6,5135.6
133.65,133.65,7042.6,7042.6
129.69,129.69,7151.5,7151.5
129.92,129.92,6113.7,6113.7
132.92,132.92,6079.4,6079.4
130.58,130.58,7228.4,7228.4
131.86,131.86,5973.6,5973.6
115.66,115.66,5627,5627
131.83,131.83,6060.9,6060.9
130.88,130.88,6481.5,6481.5
131.07,131.07,6043.3,6043.3
125.48,125.48,5787.6,5787.6
16.692,16.692,769.88,769.88
0,0,0,0
0,0,0,0
23.079,0,542.3,0
90.89,0,1706.7,0
133.1,0,1925.2,0
124.29,0,1788.9,0
126.07,0,1812.5,0
118.88,0,1708.5,0
111.22,0,1618.3,0
117.04,0,1874.2,0
190.09,0,3147.6,0
270.76,0,4482,0
337.2,0,5527,0
319.79,0,5339.6,0
323.45,0,5426.7,0
318.53,0,5446.9,0
295.52,0,5117.2,0
338.62,0,5702.1,0
318.7,0,5457.2,0
324.68,0,5533.8,0
326.74,0,5596,0
341.81,0,5779.7,0
336.28,0,5727.5,0
316.48,0,5453.6,0
328.68,0,5601,0
261.13,11.975,4820.6,353.62
340.8,113.64,5785.1,3355.7
335.5,54.445,5683.7,1607.7
344.73,55.979,5851.9,1716.7
311.16,107.39,5420.5,3096.7
327.04,57.034,5673.6,1644.6
308.82,0,5726.7,0
314.77,0,5644.7,0
315.31,0,5613.6,0
296.85,0,5787.9,0
284.16,0,5779.2,0
299.14,14.317,5790.2,489.05
260.94,81.878,5660.5,2796.8
265.22,56.256,5622.1,1637.2
278.79,137.43,5854.8,4013.4
262.24,115.07,5670.5,3831.6
268.36,92.232,5829.2,2760.1
245.01,106.17,5460.4,3192.4
249.23,150.41,5747.1,4461.4
244.03,138.96,5675.4,4476.5
214.68,74.296,5136.7,2370.4
237.7,97.657,5806.4,3217.1
226.9,73.37,5819.1,2739.2
227.91,124.26,5861.5,4102.4
209.86,187.44,5697.6,5697.6
214.88,214.26,6489.3,6489.3
212.33,81.143,5703.7,2575.1
211.31,175.94,5777.9,5583.6
201.18,68.006,5568.6,2421.1
205.64,188.89,6093.5,6093.5
202.77,194.19,6004,6004
197.65,48.482,5730.2,1827.3
189.46,95.237,5587.6,3630.5
189.6,74.758,5764.5,2674.7
190.11,143.15,5814.6,5072.4
175.34,151.53,5395.8,5114.1
186.78,186.78,7736.1,7736.1
186.41,172.58,6224.1,6224.1
182.04,64.68,5755.6,2778.2
174.52,70.929,5612.6,2811.6
178.33,150.08,5814.8,5771.5
173.9,115.43,5648.1,4559
175.9,175.9,6744.4,6744.4
166.17,120.42,5505.1,4631.6
167.45,74.096,5634.4,3066.6
154.48,60.972,5192.9,2477.9
171.53,104.99,5833.1,4266.7
168.95,157.79,6803.1,6803.1
164.5,148,6112.7,6112.7
167.97,157.31,6375.6,6375.6
158.5,85.372,5533.5,3670.1
144.32,37.027,5070.5,1530.1
159.54,159.54,6592.9,6592.9
159.82,154.47,6764,6764
156.63,94.119,5618.6,3893.5
156.58,156.58,6466.5,6466.5
158.2,127.82,5757.6,5531.6
138.94,88.166,5204.7,3815.4
157.44,83.357,5797.1,3664
156.2,139.85,6125.3,6125.3
157.51,127.68,5861,5291.3
153.52,148.18,6835,6835
152.5,97.492,5719.8,3824.1
149.9,149.9,6646.1,6646.1
151.84,149.88,6326.9,6326.9
148.39,107.13,5639.7,5031.6
150.81,144.91,6878.3,6878.3
143.48,143.48,7063.9,7063.9
150.08,143.92,6023.1,6023.1
146.16,115.3,5646.4,4567.7
114.64,106.89,4712.9,4712.9
141.09,141.09,6791.4,6791.4
143.63,143.63,5631.8,5631.8
147.63,147.63,6580,6580
135.3,135.3,6366,6366
143.38,143.38,5744.3,5744.3
146.21,146.21,6231.4,6231.4
135.76,135.76,5482.3,5482.3
145.63,145.63,6124.9,6124.9
143.36,143.36,7119.1,7119.1
140.83,140.83,6019.3,6019.3
137.62,137.62,6497.2,6497.2
129.39,129.39,5521.9,5521.9
142.01,142.01,6222.7,6222.7
139.36,139.36,5755.8,5755.8
140.66,140.66,5996,5996
135.57,135.57,5677.3,5677.3
143.48,143.48,6503.1,6503.1
139.54,139.54,6181.8,6181.8
132.33,132.33,6116,6116
140.42,140.42,6022.2,6022.2
140.46,140.46,5908.6,5908.6
139.98,139.98,5903.2,5903.2
138.26,138.26,5929.2,5929.2
136.41,136.41,6171.1,6171.1
140.88,140.88,6987.8,6987.8
128.5,128.5,6787.2,6787.2
130.31,130.31,6738.5,6738.5
135.45,135.45,7029.9,7029.9
134.84,134.84,5778,5778
138.21,138.21,5930.4,5930.4
139.7,139.7,6649.7,6649.7
131.86,131.86,5750,5750
124.29,124.29,5849.2,5849.2
138.36,138.36,5981.5,5981.5
132.54,132.54,5742.7,5742.7
138.48,138.48,7009,7009
127.49,127.49,6225.2,6225.2
99.068,99.068,5110.2,5110.2
136.51,136.51,6570.9,6570.9
133.19,133.19,6320.9,6320.9
136.13,136.13,7403.2,7403.2
135.32,135.32,6293,6293
133.96,133.96,5902.9,5902.9
135.44,135.44,6894.3,6894.3
129.72,129.72,5864.7,5864.7
133.51,133.51,5877.7,5877.7
134.22,134.22,6325.5,6325.5
133.37,133.37,5899.4,5899.4
135.66,135.66,6005.9,6005.9
125.16,125.16,5537.5,5537.5
136.47,136.47,6050.9,6050.9
131.27,131.27,5814.8,5814.8
135.77,135.77,6151.3,6151.3
121.8,121.8,5413.6,5413.6
130.46,130.46,5799.8,5799.8
132.19,132.19,6029.8,6029.8
129.77,129.77,6589.4,6589.4
135.62,135.62,6669.8,6669.8
127.75,127.75,5725,5725
124.61,124.61,5607.7,5607.7
116.72,116.72,5224.2,5224.2
132.42,132.42,5929.6,5929.6
130.38,130.38,6176.1,6176.1
130.34,130.34,7048.3,7048.3
130.06,130.06,5845.3,5845.3
124.86,124.86,6453,6453
134.4,134.4,6034.4,6034.4
129.73,129.73,6409.5,6409.5
132.75,132.75,5993.8,5993.8
128.55,128.55,5805,5805
127.48,127.48,6689.2,6689.2
131.36,131.36,5965,5965
126.66,126.66,5736,5736
105.69,105.69,5008.2,5008.2
128.29,128.29,7240.4,7240.4
109.23,109.23,4969.4,4969.4
132.82,132.82,6840.9,6840.9
126.21,126.21,6960,6960
125.72,125.72,5932.5,5932.5
132.18,132.18,6140.5,6140.5
126.36,126.36,6994.5,6994.5
129.33,129.33,5858.9,5858.9
112.71,112.71,5444.8,5444.8
132.4,132.4,6149.6,6149.6
126.64,126.64,6546.1,6546.1
126.83,126.83,5847.7,5847.7
121.42,121.42,5600.3,5600.3
16.151,16.151,744.96,744.96
0,0,0,0
0,0,0,0
30.003,0,705,0
118.06,0,2220.6,0
170.26,0,2462.6,0
159.08,0,2289.7,0
161.79,0,2326,0
153.54,0,2206.8,0
144.33,0,2100.1,0
151.28,0,2357,0
228.1,0,3777,0
303.45,0,5023.2,0
350.68,0,5747.9,0
336.38,0,5638.7,0
329.73,0,5532,0
334.23,0,5718.4,0
318.96,0,5523,0
340.53,0,5734.2,0
328.52,0,5625.4,0
333.33,0,5682.9,0
339.52,0,5814.8,0
345.96,0,5849.9,0
343.77,0,5855.1,0
329.71,0,5681.6,0
336.61,0,5736,0
274.88,14.031,5074.6,414.31
344.21,133.15,5842.9,3931.7
330.7,63.79,5602.4,1883.7
335.99,66.365,5703.6,2035.2
315.02,126.57,5635.4,3649.9
323.83,67.223,5617.9,1938.4
313.98,0,5822.5,0
313.76,0,5626.5,0
306.7,0,5574,0
299.2,0,5847.1,0
288.14,0,5860.2,0
292.17,17.5,5815.1,597.76
268.29,100.08,5819.8,3418.5
264.93,64.166,5616,1867.4
272.6,157.99,5831.3,4613.9
254.22,134.89,5825.7,4491.5
259.23,105.35,5744.2,3152.7
235.07,122.16,5238.8,3673.2
240.64,166.84,5861,4948.8
231.44,157.63,5669.9,5077.9
204.98,85.805,5225.8,2737.6
230.31,112.78,5773.5,3845.3
227.28,89.557,5852.6,3343.6
224.11,142.87,5854.9,4716.6
214.06,189.2,5795.6,5795.6
212.48,206.54,6255.5,6255.5
204.96,84.689,5523.3,2687.6
202.22,183.63,5827.5,5827.5
197.73,82.01,5737.1,2919.6
198.41,195.13,6294.8,6294.8
197.84,184,5819.6,5689.1
188.92,61.444,5477.2,2315.8
187.9,111.38,5757.4,4319.5
191.56,85.111,5824.1,3045.1
190.31,153.28,5820.5,5431.2
178.5,153.56,5706.1,5182.5
186.55,186.55,7726.6,7726.6
180.47,163.84,5909.1,5909.1
175.3,80.389,5711.4,3453
177.45,86.584,5821,3432.1
179.34,161.45,6208.8,6208.8
163.34,131.31,5305,5186.4
174.56,168.79,6471.8,6471.8
157.83,114.79,5372,4610.9
168.16,89.938,5681.9,3722.2
151.77,68.563,5140.3,2786.4
168.13,118.06,5782.8,4797.9
162.43,148.25,6391.6,6391.6
160.13,152.69,6306.5,6306.5
163.56,152.1,6164.4,6164.4
149.43,94.94,5252.7,4081.5
140.03,40.949,5068.8,1740.3
149.65,149.65,6184.1,6184.1
159.75,159.75,7007.1,7007.1
149.16,108.91,5350.8,4474.1
150.71,150.71,6224.3,6224.3
152.52,121.28,5550.7,5248.4
147.7,94.437,5532.5,3728.4
152.53,98.892,5616.3,4346.8
154.06,147.69,6468.7,6468.7
155.32,139.78,5792.5,5792.5
153.82,153.82,7095.1,7095.1
150.37,110.3,5691.1,4326.7
153.69,153.69,6814,6814
146.92,145.19,6129.1,6129.1
146.88,121.66,5713.7,5713.7
150.36,149.88,7114.2,7114.2
147.2,138.45,6816.4,6816.4
150.59,148.87,6230.1,6230.1
137.93,123.59,5327.7,4896.1
111.81,107.96,4760.2,4760.2
142.19,142.19,6844.7,6844.7
139.32,139.32,5949.1,5949.1
143.16,143.16,6285.1,6285.1
140.54,140.54,5968.7,5968.7
146.37,146.37,5895.9,5895.9
145.57,145.57,6541.5,6541.5
140.19,140.19,5661.2,5661.2
139.82,139.82,6380.6,6380.6
136.45,136.45,6775.8,6775.8
132.22,132.22,5680.8,5680.8
129.03,129.03,6091.8,6091.8
124.25,124.25,5718.3,5718.3
143.22,143.22,6146,6146
141.07,141.07,5826.7,5826.7
133.36,133.36,6617.6,6617.6
139.68,139.68,5849.7,5849.7
140.82,140.82,6382.6,6382.6
131.72,131.72,6300.4,6300.4
129.1,129.1,5747.3,5747.3
135.44,135.44,6610.5,6610.5
134.31,134.31,5649.9,5649.9
137.17,137.17,5784.4,5784.4
135.84,135.84,5825.2,5825.2
130.1,130.1,6688.6,6688.6
139.83,139.83,6935.8,6935.8
127.61,127.61,6740.2,6740.2
122.18,122.18,6493,6493
127.48,127.48,6591.4,6591.4
126.43,126.43,5417.4,5417.4
134.1,134.1,5809.6,5809.6
138.23,138.23,6543.4,6543.4
127.63,127.63,5552.3,5552.3
122.51,122.51,6399,6399
133.7,133.7,5780,5780
125.49,125.49,5485.1,5485.1
136.97,136.97,6932.6,6932.6
123.65,123.65,5836.7,5836.7
111.58,111.58,5795.3,5795.3
138.26,138.26,6655.1,6655.1
124.88,124.88,5926.4,5926.4
138.01,138.01,7026.8,7026.8
135.17,135.17,6189.6,6189.6
135.39,135.39,5965.6,5965.6
133.15,133.15,6789.5,6789.5
124.08,124.08,6429,6429
125.9,125.9,5717,5717
128.79,128.79,6069.6,6069.6
134.21,134.21,5936.4,5936.4
136.63,136.63,6048.8,6048.8
121.84,121.84,5390.8,5390.8
135.51,135.51,6008.3,6008.3
128.59,128.59,5703,5703
133.22,133.22,5909.5,5909.5
121.57,121.57,5526.1,5526.1
128.47,128.47,5719.2,5719.2
135.2,135.2,6044.9,6044.9
125.4,125.4,6178.2,6178.2
132.25,132.25,6503.8,6503.8
133.55,133.55,5985.3,5985.3
118.46,118.46,5349.6,5349.6
111.96,111.96,5011.3,5011.3
128.73,128.73,5784.2,5784.2
122.24,122.24,6058.1,6058.1
124.83,124.83,6610.8,6610.8
128.86,128.86,5806.5,5806.5
126.79,126.79,6552.5,6552.5
132.61,132.61,5954.4,5954.4
121.64,121.64,6009.6,6009.6
131.93,131.93,5956.6,5956.6
126.11,126.11,5663.7,5663.7
131.97,131.97,6924.9,6924.9
133.95,133.95,6082.6,6082.6
118.76,118.76,5378,5378
113.02,113.02,5134.8,5134.8
128.99,128.99,6788.5,6788.5
108.32,108.32,4962.1,4962.1
128.23,128.23,6438.8,6438.8
119.02,119.02,6563.4,6563.4
117.87,117.87,5577.9,5577.9
127.38,127.38,6101.6,6101.6
118.47,118.47,6557.9,6557.9
126.63,126.63,5800.1,5800.1
109.78,109.78,5105,5105
131.06,131.06,6740,6740
130.82,130.82,6406,6406
118.92,118.92,5504.2,5504.2
113.84,113.84,5250.8,5250.8
15.143,15.143,698.47,698.47
0,0,0,0
0,0,0,0
37.793,0,888.06,0
148.6,0,2799.4,0
211.02,0,3052.2,0
197.28,0,2839.6,0
201.18,0,2892.4,0
192.16,0,2761.8,0
181.48,0,2640.7,0
189.47,0,2921.7,0
265.22,0,4391.6,0
329.53,0,5454.9,0
353.37,0,5824.4,0
344.2,0,5769.6,0
327.82,0,5636.9,0
340.87,0,5837.4,0
333.57,0,5775.9,0
331.81,0,5587.4,0
328.13,0,5618.7,0
336.35,0,5804.3,0
341.84,0,5854.6,0
339.46,0,5834.8,0
340.52,0,5817.6,0
332.82,0,5735.3,0
334.02,0,5752.2,0
280.38,15.928,5176.1,470.35
336.85,151.16,5817.8,4463.5
315.85,72.418,5482.2,2138.4
317.31,76.236,5827.2,2337.9
309.02,144.55,5795.7,4168.3
310.7,76.772,5418.5,2213.8
309.32,0,5831.6,0
303.04,0,5685.1,0
289.07,0,5657.7,0
292.2,0,5809.6,0
283.11,0,5757.8,0
276.5,20.726,5845,707.95
267.28,118.53,5861.3,4048.7
256.43,70.915,5435.8,2063.8
261.91,175.99,5663.8,5149.8
251.82,153.22,5799.4,5101.6
242.64,116.6,5770.6,3489.4
218.53,136.19,4870.2,4095.3
237.79,179.32,5791.5,5319
226.52,173.25,5581.2,5581.2
196.9,96.021,5589.8,3063.6
221.85,129.29,5837.7,4453.4
221.49,105.92,5786.7,3954.5
217.67,159.16,5849.5,5254.4
211.56,192.07,6131.3,6131.3
203.58,192.92,5842.9,5842.9
193.29,85.645,5290.1,2717.9
199.99,185.71,5893.4,5893.4
200.19,95.827,5808.6,3411.5
195.32,195.32,6300.9,6300.9
196.68,168.94,5814.1,5427.9
174.98,75.454,5072.9,2843.9
190.77,128.4,5845.1,4979.7
189.32,93.888,5829.3,3359.2
184.59,159.03,5645.6,5634.9
182.9,150.78,5846.8,5088.7
180.54,180.54,7477.6,7477.6
169.29,154.58,5752.7,5752.7
176.96,96.812,5765.5,4158.4
178.32,102.41,5849.7,4059.6
176.81,168.29,6471.9,6471.9
148.65,144.75,5717.1,5717.1
170.98,160.3,6017.4,6017.4
160.7,128.46,5469.9,5159.8
164.32,105.78,5551.9,4377.7
146.96,74.705,4977.6,3036
164.42,128.64,5655.4,5227.7
151.31,134.95,5818.5,5818.5
152.64,152.64,6304.3,6304.3
155.06,142.5,5775.1,5775.1
144.56,102.3,5081.6,4398
146.53,52.598,5376.1,2213.9
148.39,136.01,5620.5,5620.5
160.08,160.08,7173.7,7173.7
146.51,122.12,5451.2,5016.6
140.56,140.56,6082.1,6082.1
142.47,119.58,5185.2,4825
152.13,109.6,5698.5,4327.2
143.18,113.68,5272.2,4996.8
151.13,151.13,6619.3,6619.3
148.41,148.26,6144.2,6144.2
154.71,154.71,7136.4,7136.4
149.65,120.92,5663.8,4743.2
152.68,152.68,6769.1,6769.1
146.2,136.29,5753.2,5753.2
147.28,133.86,6286.8,6286.8
150.21,150.21,7129.8,7129.8
147.07,129.45,6373.4,6373.4
150.41,150.41,6244.2,6244.2
129.66,129.66,5288.5,5288.5
105.66,105.66,4658.7,4658.7
138.86,138.86,6684.2,6684.2
135.15,135.15,6622.6,6622.6
134.81,134.81,5960.7,5960.7
145.04,145.04,5877.2,5877.2
144.77,144.77,5952.6,5952.6
144.58,144.58,6653.8,6653.8
140.27,140.27,5664.4,5664.4
139.38,139.38,6940.7,6940.7
125.83,125.83,6248.7,6248.7
120.29,120.29,5325.2,5325.2
117.22,117.22,5534.4,5534.4
129.83,129.83,5975.3,5975.3
139.96,139.96,5987.9,5987.9
138.38,138.38,5715.5,5715.5
136.72,136.72,7076.8,7076.8
139.46,139.46,5840.2,5840.2
133.92,133.92,6069.8,6069.8
135.06,135.06,6689,6689
129.82,129.82,5462.2,5462.2
137.98,137.98,7043.1,7043.1
128.9,128.9,5477.3,5477.3
138.96,138.96,5891.8,5891.8
130.28,130.28,5554.3,5554.3
136.63,136.63,7024.5,7024.5
135.61,135.61,6670.5,6670.5
130.51,130.51,6485.6,6485.6
119.83,119.83,6062.1,6062.1
127.99,127.99,6722.5,6722.5
127.3,127.3,5511.7,5511.7
132.53,132.53,6271.4,6271.4
132.76,132.76,6239,6239
132.29,132.29,5755,5755
129.87,129.87,6783.2,6783.2
125.18,125.18,5411.9,5411.9
124.96,124.96,5461.6,5461.6
136.87,136.87,6644.1,6644.1
122.2,122.2,6131.3,6131.3
122.61,122.61,6368.1,6368.1
135.69,135.69,6531.1,6531.1
124.43,124.43,5434,5434
135.57,135.57,6551.8,6551.8
130.83,130.83,5898.9,5898.9
132.58,132.58,5841.8,5841.8
127.05,127.05,6478.7,6478.7
131.8,131.8,6828.7,6828.7
130.71,130.71,5790.6,5790.6
123.69,123.69,5643.2,5643.2
130.86,130.86,5788.2,5788.2
133.33,133.33,5902.9,5902.9
114.93,114.93,5700,5700
130.38,130.38,5780.8,5780.8
127.23,127.23,5642.5,5642.5
126.65,126.65,5618.4,5618.4
128.47,128.47,5733.1,5733.1
122.59,122.59,5722,5722
133.97,133.97,5990.3,5990.3
117.42,117.42,5612.8,5612.8
135.24,135.24,6145.1,6145.1
135.29,135.29,6063,6063
119.27,119.27,5386.1,5386.1
104.06,104.06,4657.8,4657.8
133.14,133.14,5982.2,5982.2
111.06,111.06,5757.7,5757.7
128.95,128.95,6008,6008
128.58,128.58,5794.1,5794.1
124.75,124.75,6447,6447
126.8,126.8,5693.1,5693.1
114.61,114.61,5459.7,5459.7
131.47,131.47,5934.2,5934.2
122.9,122.9,5519.4,5519.4
132.38,132.38,6946.3,6946.3
132.35,132.35,6009.9,6009.9
121.16,121.16,5897.8,5897.8
117.67,117.67,5346,5346
129.25,129.25,6167.2,6167.2
119.49,119.49,5473.8,5473.8
119.95,119.95,5872.1,5872.1
108.75,108.75,5997.2,5997.2
107.08,107.08,5081.7,5081.7
120.02,120.02,6001.7,6001.7
115.9,115.9,5957.8,5957.8
131.49,131.49,6022.3,6022.3
115.87,115.87,5324.3,5324.3
127.85,127.85,7157.8,7157.8
131.92,131.92,6075.2,6075.2
116.03,116.03,5334.3,5334.3
103.42,103.42,4770.2,4770.2
13.758,13.758,634.54,634.54
0,0,0,0
0,0,0,0
46.128,0,1083.9,0
181.23,0,3419.5,0
253.42,0,3665.4,0
237.07,0,3412.2,0
242.4,0,3485,0
233.03,0,3349.2,0
221.11,0,3217.4,0
229.94,0,3545.7,0
298.8,0,4947.6,0
346.74,0,5739.8,0
354.34,0,5843.2,0
341.26,0,5720.3,0
335.55,0,5821.9,0
337.16,0,5773.9,0
338.01,0,5852.9,0
321.65,0,5749.1,0
317.56,0,5766.8,0
335.04,0,5801.5,0
333.49,0,5711.6,0
331.82,0,5823.5,0
333.67,0,5789,0
325.54,0,5641.9,0
325.22,0,5674.6,0
277.11,17.521,5226.5,517.39
319.42,166.27,5852.6,4909.9
292.3,79.661,5657.4,2352.3
295.12,84.856,5837.7,2602.2
293.73,159.96,5857.9,4612.6
288.85,84.955,5511.3,2449.7
295.27,0,5826.1,0
283.6,0,5784.2,0
266.95,0,5564.4,0
276.5,0,5782.2,0
269.52,0,5631.3,0
263.31,23.785,5708.4,812.43
258,136.02,5768.1,4646.2
240.5,75.94,5098,2210
245.32,189.95,5828.8,5620.9
242.9,168.63,5673.3,5614.7
234.57,125.05,5617.1,4057.4
196.84,147.13,4643.6,4424.1
227.67,186.75,5545.2,5539.4
214.82,184.51,5944,5944
204.07,104.12,5793.5,3321.9
216.02,145.09,5719.3,4997.6
209.15,121.39,5858.9,4531.9
211.02,171.8,5705.6,5671.7
202.6,196.89,6285.1,6285.1
188.99,174.6,5288.1,5288.1
179.39,83.924,5030.8,2663.3
192.57,181.97,6119.2,6119.2
196.4,108.5,5698.5,3862.6
189.44,189.44,6111.2,6111.2
190.81,166.6,5767.5,5621.9
157.03,89.782,4552.5,3383.9
187.66,143.43,5750,5562.5
183.72,100.35,5735.3,3590.5
173.48,159.87,5664.7,5664.7
181.59,143.45,5805,4841.4
177.05,169.29,7011.8,7011.8
162.65,162.65,6053.1,6053.1
173.09,112.97,5660.4,4852.4
173.64,117.37,5696.1,4652.6
172.72,169.97,6536.6,6536.6
154.6,154.6,6106.3,6106.3
162.26,151.66,5609.9,5609.9
158.55,139.29,5594.8,5594.8
161.67,120.54,5721.4,4988.8
137.9,78.87,4880,3205.3
155.81,135.81,5519.2,5519.2
148.02,119.04,5336.5,5132.3
148.52,147.85,6106.5,6106.5
158.8,131.16,5767.1,5563.4
135.51,106.81,4763.5,4592
150.59,65.462,5525.1,2755.3
150.89,133.96,5838.7,5838.7
155.43,155.43,7116.3,7116.3
152.66,132.67,5741.7,5450.2
133.1,129.56,5795,5795
131.46,131.46,5114.9,5114.9
151.82,123.26,5687.1,4866.2
130.24,126.62,5565.6,5565.6
149.85,149.85,6563,6563
152.38,152.38,6314.9,6314.9
150.78,150.78,6955.1,6955.1
144.31,128.45,5461.7,5038.5
146.96,146.96,6515.8,6515.8
140.97,123.96,5391.9,5232.7
145.8,142.71,6702.6,6702.6
147.78,147.78,6923.5,6923.5
142.37,117.28,5774.1,5774.1
148.15,148.15,6064,6064
138.52,138.52,5650,5650
101,101,4417.8,4417.8
141.28,141.28,6324.8,6324.8
136.68,136.68,7143.4,7143.4
135.82,135.82,6235.9,6235.9
145.04,145.04,6341.1,6341.1
144.74,144.74,6103.5,6103.5
144.62,144.62,6557.9,6557.9
136.99,136.99,5710.7,5710.7
139.89,139.89,7315.4,7315.4
117.56,117.56,5583.8,5583.8
125.36,125.36,5642.7,5642.7
105.81,105.81,4871.9,4871.9
131.45,131.45,6050,6050
132.52,132.52,5721.2,5721.2
131.52,131.52,5432.2,5432.2
141.41,141.41,7332.9,7332.9
134.91,134.91,5649.7,5649.7
123.4,123.4,5593.1,5593.1
138.94,138.94,6881.1,6881.1
126.48,126.48,5321.9,5321.9
140.24,140.24,7271,7271
132.06,132.06,5625.7,5625.7
140.15,140.15,5942.2,5942.2
129.61,129.61,5633.6,5633.6
139.04,139.04,7148.2,7148.2
136.99,136.99,6216.1,6216.1
134.47,134.47,6046.9,6046.9
129.65,129.65,5620.7,5620.7
129.08,129.08,6780,6780
129.36,129.36,5608.2,5608.2
136.71,136.71,6559.7,6559.7
137.68,137.68,6331.5,6331.5
132.86,132.86,5780,5780
133.39,133.39,6967.1,6967.1
113.57,113.57,5314.9,5314.9
122.94,122.94,5388.8,5388.8
137.39,137.39,6169.9,6169.9
118.79,118.79,6267.4,6267.4
130.55,130.55,6780.4,6780.4
135.52,135.52,6210.4,6210.4
121.2,121.2,5292.7,5292.7
129.04,129.04,6236.3,6236.3
122.69,122.69,5447.3,5447.3
125.8,125.8,5543,5543
127.51,127.51,6033.5,6033.5
135.64,135.64,7028.1,7028.1
134.87,134.87,5974.8,5974.8
131.03,131.03,5895.5,5895.5
123.63,123.63,6042.3,6042.3
126.08,126.08,5581.6,5581.6
112.6,112.6,6067.4,6067.4
121.55,121.55,5389.2,5389.2
126.14,126.14,5643,5643
126.43,126.43,5705.9,5705.9
131.56,131.56,5870.7,5870.7
121.43,121.43,6417.1,6417.1
130.19,130.19,5823.3,5823.3
118.05,118.05,5812,5812
134.12,134.12,5999.7,5999.7
132.79,132.79,5951.1,5951.1
125.25,125.25,5623.6,5623.6
93.718,93.718,4194.8,4194.8
133.42,133.42,6036.5,6036.5
110.59,110.59,5623.8,5623.8
129.07,129.07,5813.8,5813.8
124.33,124.33,5602.3,5602.3
118.93,118.93,6146.2,6146.2
119.64,119.64,5406.1,5406.1
124.58,124.58,5583.2,5583.2
129,129,5822.6,5822.6
116.05,116.05,5211.9,5211.9
128.66,128.66,6751.5,6751.5
126.71,126.71,5753.7,5753.7
128.89,128.89,6507.1,6507.1
118.71,118.71,5393,5393
125.48,125.48,5618.2,5618.2
127.72,127.72,5850.7,5850.7
108.73,108.73,5938.9,5938.9
96.285,96.285,5309.7,5309.7
94.265,94.265,4485.9,4485.9
127.76,127.76,6664.6,6664.6
119.98,119.98,5507.5,5507.5
132.28,132.28,6058.8,6058.8
118.51,118.51,5445.4,5445.4
131.56,131.56,7365.5,7365.5
128.9,128.9,5936,5936
118.77,118.77,5460.4,5460.4
91.041,91.041,4199.1,4199.1
12.11,12.11,558.57,558.57
0,0,0,0
0,0,0,0
54.553,0,1281.9,0
214.16,0,4047.3,0
294.88,0,4265.2,0
276.03,0,3973,0
282.99,0,4068.6,0
273.82,0,3935.3,0
261.04,0,3798.4,0
270.38,0,4169.3,0
326.17,0,5400.9,0
353.52,0,5852.1,0
344.44,0,5797.4,0
327.84,0,5495.4,0
335.8,0,5826.2,0
324.79,0,5573.8,0
331.88,0,5746.7,0
320.78,0,5815.6,0
316.82,0,5796.3,0
323.37,0,5821.9,0
315.24,0,5399.1,0
323.41,0,5706.6,0
320.42,0,5840.5,0
309.44,0,5396.1,0
310.86,0,5424.1,0
265.37,18.675,5262.6,551.47
296.66,177.22,5704.8,5233.2
267.44,84.907,5659,2507.2
286.47,91.518,5794.6,2806.5
277.72,171.52,5817,4945.8
260.19,91.092,5431.7,2626.7
273.11,2.4425,5640,70.43
257.16,0,5702.4,0
254.39,0,5486.1,0
257.82,0,5647.9,0
248.63,0,5713.4,0
249.17,26.447,5401.9,903.38
242.69,151.25,5658,5166.3
218.55,78.797,5072.1,2293.2
222.91,198.66,5944.5,5944.5
227.02,179.82,5987.5,5987.5
221.24,129.94,5298,4632.1
177.53,154.01,4630.9,4630.9
211.22,188.45,5589.9,5589.9
197.4,190.41,6133.8,6133.8
204.95,109.39,5818.3,3490.1
205.07,157.77,5577.6,5434.1
202.03,134.79,5747.8,5032.3
199.44,179.69,5932.2,5932.2
195.56,195.56,6242.8,6242.8
174.43,153.11,4883.9,4637.4
166.3,79.683,5029.9,2528.7
179.67,178.56,6190.2,6190.2
186.69,119.02,5416.9,4237.4
178.03,178.03,6280.3,6280.3
183.4,167.2,5854.4,5642
143.54,103.51,4949.4,3901.4
178.87,155.24,6020.7,6020.7
175.07,103.94,5510.6,4132.5
157.98,155.72,5658.7,5658.7
174.71,132.25,5854.7,4463.2
174.54,169.98,6371,6371
165.83,165.83,6171.4,6171.4
167.94,127.73,5806.8,5486.4
163.83,130.34,5374.2,5166.8
166.34,166.34,6397,6397
160,160,6319.6,6319.6
154.7,139.04,5529.2,5142.9
151.56,146.34,5878.1,5878.1
161.7,133.11,5722.7,5508.7
138.19,80.682,4921.1,3278.9
143.06,138.93,5646,5646
147.58,101.74,5320.6,4386.5
151.96,138.77,5803.2,5803.2
157.88,136.65,5829.1,5796.2
123.09,108.06,4645.6,4645.6
149.96,78.942,5502,3322.8
148.66,142.75,6222.1,6222.1
147.59,147.59,6840.2,6840.2
155.81,139.67,5859.9,5737.5
123.83,119.61,5350.1,5350.1
140.03,140.03,5448.5,5448.5
146.82,134.31,5573.5,5302.4
136.65,136.65,6006.7,6006.7
149.58,149.58,6626.5,6626.5
151.75,151.75,6288.9,6288.9
142.39,142.39,6568,6568
134.84,132.21,5185.9,5185.9
139.16,139.16,6418.1,6418.1
131.7,127.2,5237.9,5237.9
147.43,147.43,6924,6924
147.96,147.96,6616.1,6616.1
133.55,123.54,5170.5,5094.4
141.39,141.39,5706.1,5706.1
143.39,143.39,5848.7,5848.7
114.75,114.75,4813.4,4813.4
144.5,144.5,6447.8,6447.8
142.85,142.85,7466,7466
137.76,137.76,6321.3,6321.3
140.53,140.53,6629.2,6629.2
144.87,144.87,6390.3,6390.3
140.16,140.16,6262.8,6262.8
139.5,139.5,5815.4,5815.4
142.19,142.19,7471,7471
124.78,124.78,5448.3,5448.3
128.71,128.71,5793.4,5793.4
118.63,118.63,5060.9,5060.9
128.96,128.96,5935.4,5935.4
121.59,121.59,5296.6,5296.6
121.21,121.21,5011,5011
141.98,141.98,7362.4,7362.4
126.46,126.46,5295.7,5295.7
123.51,123.51,5360.3,5360.3
138.49,138.49,6858.9,6858.9
119.41,119.41,5024.3,5024.3
140.29,140.29,7273.2,7273.2
134.26,134.26,5719.6,5719.6
136.96,136.96,5838.8,5838.8
131.88,131.88,5853.7,5853.7
137.09,137.09,7048.2,7048.2
134.09,134.09,6030.5,6030.5
137.73,137.73,5947.3,5947.3
135.93,135.93,5892.7,5892.7
126.15,126.15,6625.6,6625.6
134.77,134.77,5875.7,5875.7
138.55,138.55,6648.2,6648.2
138.35,138.35,6362.3,6362.3
129.29,129.29,5624.8,5624.8
136.43,136.43,6933.9,6933.9
101.03,101.03,5237.1,5237.1
123.24,123.24,5402.2,5402.2
133.64,133.64,5826.8,5826.8
117.65,117.65,6207.6,6207.6
134.69,134.69,6995.1,6995.1
137.09,137.09,6021.7,6021.7
115.46,115.46,5132.2,5132.2
119.02,119.02,5809.6,5809.6
111.49,111.49,4932.4,4932.4
115.65,115.65,5096.1,5096.1
133.45,133.45,6004.9,6004.9
135.27,135.27,7008.7,7008.7
134.84,134.84,5973.4,5973.4
134.48,134.48,6064.1,6064.1
121.89,121.89,6647.8,6647.8
115.51,115.51,5114,5114
116.14,116.14,6258.1,6258.1
109.8,109.8,4868.2,4868.2
132.76,132.76,5939.1,5939.1
124.84,124.84,5634.3,5634.3
130.53,130.53,5825,5825
128.4,128.4,6973.1,6973.1
130.91,130.91,5876.7,5876.7
120.7,120.7,5942.2,5942.2
128.89,128.89,5765.4,5765.4
126.29,126.29,5659.9,5659.9
130.79,130.79,5872.1,5872.1
102.73,102.73,4663,4663
129.55,129.55,6536.9,6536.9
120.73,120.73,6195.2,6195.2
125.18,125.18,5638.4,5638.4
119.27,119.27,5377.4,5377.4
111.05,111.05,5677.6,5677.6
125.12,125.12,5663.2,5663.2
131.21,131.21,5880.4,5880.4
122.64,122.64,5535.8,5535.8
106.18,106.18,4817.2,4817.2
121.17,121.17,6358.4,6358.4
117.54,117.54,5337.4,5337.4
132.86,132.86,7006.4,7006.4
126.35,126.35,5761.7,5761.7
122.99,122.99,5619.3,5619.3
132.27,132.27,6059.4,6059.4
110.79,110.79,6412.3,6412.3
88.063,88.063,4555,4555
80.404,80.404,3837,3837
131.78,131.78,7171,7171
126.1,126.1,5759,5759
128.95,128.95,5906.3,5906.3
117.44,117.44,5396.3,5396.3
131.17,131.17,7343.9,7343.9
122.03,122.03,5620,5620
117.8,117.8,5415.9,5415.9
79.075,79.075,4438.4,4438.4
10.329,10.329,476.43,476.43
0,0,0,0
0,0,0,0
62.514,0,1468.9,0
245.22,0,4641.6,0
332.48,0,4809.1,0
311.42,0,4482.4,0
320.13,0,4602.5,0
311.75,0,4480.5,0
298.6,0,4344.9,0
308.07,0,4750.5,0
345.01,0,5712.7,0
349.25,0,5837.2,0
324.43,0,5859,0
305.17,0,5115.4,0
325.61,0,5649.5,0
305.26,0,5304.7,0
315.74,0,5467.3,0
314.41,0,5700.1,0
308.56,0,5645.1,0
310.17,0,5661,0
288.74,0,4945.2,0
307.08,0,5418.3,0
298.14,0,5709.5,0
286.77,0,5000.7,0
287.92,0,5023.8,0
246.24,19.287,5134.4,569.53
279.82,183.03,5404.7,5404.7
255.44,87.689,5484.9,2589.4
269.44,95.639,5820.1,2932.9
261.87,178.2,5669.8,5138.4
236.59,94.639,5187.1,2729
249.17,2.5376,5360,73.172
241.13,0,5447.1,0
234.9,0,5277.7,0
234.42,0,5345.5,0
224.12,0,5616.6,0
228.48,28.495,4953.2,973.31
223.54,162.96,5566.2,5566.2
192.44,79.222,5046.3,2305.5
215.38,201.31,6091.7,6091.7
211.12,185.81,6186.9,6186.9
202.19,137.97,5124.1,5124.1
166.41,156.2,4696.9,4696.9
189.87,184.26,5465.6,5465.6
190.39,190.39,6133.2,6133.2
199.43,111.36,5661.7,3553
188.63,166.22,5725.3,5725.3
192.04,145.03,5463.7,5414.5
182.64,182.1,6011.9,6011.9
188.21,188.21,6008.2,6008.2
159.21,130.1,4457.7,3940.5
161.11,73.308,4873,2463.6
178.41,176.47,6067.6,6067.6
171.95,126.52,4989.3,4522.6
173.81,173.81,6277.2,6277.2
179.32,162.59,5767.3,5486.4
151.23,115.64,5214.8,4358.5
165.34,162.81,6314.2,6314.2
163.18,112.51,5240.8,4763.1
155.24,154.55,5790.2,5790.2
171.64,118.13,5751.7,3986.8
167.52,167.52,6194.2,6194.2
163.82,163.82,6096.7,6096.7
166.93,139.94,6010.7,6010.7
149.77,140.25,5559.6,5559.6
157.74,157.74,6066,6066
160.45,160.45,6337.2,6337.2
155.23,132.87,5548.3,5206.7
148.98,148.98,5984.1,5984.1
156.72,142.41,5893.9,5893.9
135.03,84.925,4808.4,3528.1
146.06,137.71,5618.4,5596.4
142.57,111.77,5140.1,4549.5
155.32,132.18,5847.1,5820.1
157.29,143.98,6051.6,6051.6
108.33,105.93,4554,4554
144.69,92.244,5308.8,3882.6
147.4,147.4,6424.7,6424.7
137.45,137.45,6370.6,6370.6
154.08,142.46,5852.4,5852.4
111.64,107,4785.9,4785.9
144.54,144.54,5623.7,5623.7
145.13,141.8,5598.4,5598.4
142.91,142.91,6281.4,6281.4
150.29,150.29,6658.1,6658.1
148.03,148.03,6068.5,6068.5
130.29,130.29,6009.8,6009.8
131.85,131.85,5488.1,5488.1
136.23,136.23,6283.1,6283.1
135.46,135.46,5578.2,5578.2
147.57,147.57,6930.7,6930.7
143.54,143.54,6418.4,6418.4
128.56,128.56,5301.6,5301.6
130.76,130.76,5202.7,5202.7
143.83,143.83,5866.4,5866.4
126.33,126.33,5299.1,5299.1
143.19,143.19,6560,6560
144.66,144.66,7560.8,7560.8
136.43,136.43,6208.8,6208.8
139.63,139.63,6715.3,6715.3
142.03,142.03,6482.9,6482.9
131.63,131.63,5795.2,5795.2
140.21,140.21,5820.8,5820.8
140.7,140.7,7393.1,7393.1
133.49,133.49,5828.8,5828.8
131.48,131.48,5763.5,5763.5
128.87,128.87,5497.8,5497.8
122.59,122.59,5642.2,5642.2
127.72,127.72,5417.6,5417.6
115.11,115.11,4815.3,4815.3
140.89,140.89,7162.5,7162.5
127.62,127.62,5440.9,5440.9
131.55,131.55,5709.2,5709.2
133.76,133.76,6624.5,6624.5
114.42,114.42,5612.4,5612.4
136.04,136.04,7049.5,7049.5
132.26,132.26,5634.5,5634.5
139.06,139.06,5948.3,5948.3
132.78,132.78,5893.5,5893.5
139.2,139.2,6733.9,6733.9
133.72,133.72,6491.6,6491.6
136.69,136.69,5885.7,5885.7
138.08,138.08,5985.9,5985.9
125.75,125.75,6273.8,6273.8
136.82,136.82,5964.8,5964.8
136.06,136.06,6528.7,6528.7
134.7,134.7,6194.8,6194.8
125.04,125.04,5460.7,5460.7
135.87,135.87,6686.5,6686.5
96.463,96.463,5000.1,5000.1
119.71,119.71,5247.4,5247.4
128,128,5859.3,5859.3
114.89,114.89,6101.5,6101.5
134.64,134.64,6992.6,6992.6
134.37,134.37,6020,6020
125.43,125.43,5575.3,5575.3
126,126,6144.3,6144.3
105.06,105.06,4641.9,4641.9
116.55,116.55,5204,5204
135.33,135.33,6003.1,6003.1
130.71,130.71,6772.4,6772.4
130.62,130.62,5786.6,5786.6
134.45,134.45,6256.6,6256.6
129.94,129.94,7087,7087
107.62,107.62,4749.5,4749.5
116.07,116.07,6254.3,6254.3
99.732,99.732,4431.3,4431.3
135.39,135.39,6056.7,6056.7
119.45,119.45,5390.8,5390.8
125.5,125.5,5600.2,5600.2
132.11,132.11,7342.1,7342.1
133.64,133.64,5999.1,5999.1
119.57,119.57,5886.8,5886.8
120.01,120.01,5368.3,5368.3
116.38,116.38,5215.8,5215.8
132.33,132.33,5941.1,5941.1
114.96,114.96,5218.1,5218.1
130.4,130.4,6859,6859
128.87,128.87,6612.9,6612.9
127.36,127.36,5768.3,5768.3
119.14,119.14,5371.4,5371.4
117.76,117.76,5319.1,5319.1
130.61,130.61,5911.6,5911.6
133.9,133.9,6001,6001
112.98,112.98,5099.7,5099.7
112.27,112.27,5101.9,5101.9
117.72,117.72,5802.2,5802.2
110.04,110.04,5062.2,5062.2
132.71,132.71,7309.8,7309.8
131.52,131.52,5997.4,5997.4
124.48,124.48,5687.6,5687.6
132.74,132.74,6080.8,6080.8
115.91,115.91,6708.4,6708.4
96.675,96.675,4507.6,4507.6
76.561,76.561,3518.6,3518.6
131.7,131.7,7476.3,7476.3
128.41,128.41,6201.7,6201.7
129.27,129.27,5949.6,5949.6
112.77,112.77,5181.7,5181.7
126.72,126.72,7095,7095
111.95,111.95,5155.6,5155.6
118.27,118.27,5464.3,5464.3
84.7,84.7,4754.2,4754.2
8.5369,8.5369,393.75,393.75
0,0,0,0
0,0,0,0
69.412,0,1631,0
272.06,0,5157.9,0
363.24,0,5253.9,0
340.43,0,4900,0
350.89,0,5044.8,0
343.92,0,4942.9,0
336.19,0,4869.2,0
340.11,0,5244.5,0
353.59,0,5855,0
335.24,0,5653.8,0
301.86,0,5737.5,0
275.24,0,4613.8,0
305.93,0,5308,0
286.06,0,4984.7,0
291.06,0,5039.9,0
298.6,0,5413.5,0
291.18,0,5327.1,0
292.23,0,5333.6,0
256.46,0,4439.1,0
282.52,0,4984.9,0
268.79,0,5408.1,0
257.51,0,4612.8,0
258.39,0,4694.2,0
229.82,19.301,4853.9,569.93
256.08,183.16,5408.5,5408.5
239.89,87.75,5151.1,2591.2
245.55,96.842,5664.3,2969.8
240.79,179.39,5354.8,5172.7
218.91,95.272,4799.6,2747.2
226.46,2.5545,5206.3,73.661
223.19,0,5085.6,0
210.16,0,4919.6,0
211.03,0,5171,0
210.65,0,5350.1,0
202.99,29.747,4400.7,1016.1
200.62,170.12,5811,5811
180.73,77.177,4868.1,2246
201.65,197.67,6048.6,6048.6
200.97,186.04,6194.4,6194.4
179.04,147.89,5492.4,5492.4
153.51,153.51,4615.9,4615.9
178.99,174.57,5784.2,5784.2
184.45,184.45,5942.1,5942.1
188.04,109.85,5338.3,3504.7
177.17,169.69,5844.9,5844.9
176.88,151.19,5644.8,5644.8
178.82,178.82,5903.5,5903.5
175.51,175.51,6185.2,6185.2
140.8,107.12,3942.3,3244.3
151.23,69.264,4574.3,2492.8
175.35,173.85,5791.3,5791.3
153.46,130.31,4677.2,4677.2
168.33,168.33,6079.4,6079.4
171.17,153.19,5505.1,5299.6
154.4,125.18,5323.9,4717.9
167.76,165.45,6416.5,6416.5
150.37,125.65,5319.3,5319.3
153.61,153.23,5740.9,5740.9
163.38,102.24,5475.1,3450.6
159.97,159.97,5915.2,5915.2
156.81,156.81,5835.8,5835.8
160.78,148.55,6380.7,6380.7
146.23,146.23,5998.1,5998.1
145.45,144.93,6170.3,6170.3
155.9,155.9,6157.6,6157.6
150.94,133.71,5394.7,5239.4
146.96,146.96,5902.8,5902.8
154.45,147.64,6110.3,6110.3
127.84,92.69,4552.4,3850.7
151.41,132.26,5824.5,5375
133.46,123.47,5025.7,5025.7
153.82,128.45,5790.6,5655.8
152.8,148.15,6227.1,6227.1
102.01,102.01,4539.7,4539.7
135.28,104.44,4963.3,4395.9
147.48,147.48,6500.6,6500.6
129.32,129.32,5749.1,5749.1
147.64,140.81,5784.2,5784.2
97.513,92.744,4148.3,4148.3
144.55,144.55,5624.3,5624.3
145.07,145.07,5727.3,5727.3
144.8,144.8,6364.8,6364.8
146.32,146.32,6482.1,6482.1
147.52,147.52,5827.5,5827.5
115.52,115.52,5328.3,5328.3
127.41,127.41,5989.5,5989.5
133.09,133.09,5959.9,5959.9
139.78,139.78,5756.1,5756.1
143.13,143.13,6722,6722
134.93,134.93,6033.4,6033.4
129.63,129.63,5345.8,5345.8
126.1,126.1,5344,5344
139.78,139.78,5701.4,5701.4
134.75,134.75,5704.1,5704.1
137.5,137.5,6467,6467
141.95,141.95,7419.1,7419.1
130.93,130.93,5909,5909
137.05,137.05,6591.2,6591.2
139.24,139.24,6372.6,6372.6
119.77,119.77,5196,5196
137.72,137.72,5717.4,5717.4
134.91,134.91,7088.8,7088.8
138.38,138.38,6042.3,6042.3
132.44,132.44,5555.8,5555.8
135.65,135.65,5787,5787
128.06,128.06,5545.8,5545.8
132,132,5599.1,5599.1
107.69,107.69,4504.8,4504.8
137.8,137.8,6751.6,6751.6
129.39,129.39,5571.2,5571.2
135.76,135.76,5892,5892
125.18,125.18,6199.5,6199.5
123.98,123.98,6081.8,6081.8
128.46,128.46,6620.5,6620.5
132.41,132.41,5967.6,5967.6
137.27,137.27,5871.7,5871.7
129.53,129.53,5749.3,5749.3
137.29,137.29,6233.8,6233.8
136.03,136.03,6770.9,6770.9
136.11,136.11,5927.8,5927.8
135.91,135.91,5922.6,5922.6
132.64,132.64,5818.7,5818.7
134.58,134.58,5867.3,5867.3
135.94,135.94,6212.3,6212.3
131.74,131.74,5844.4,5844.4
126.57,126.57,5564.1,5564.1
131.12,131.12,6247.8,6247.8
89.24,89.24,4625.7,4625.7
112.67,112.67,4938.8,4938.8
133.65,133.65,6100.8,6100.8
124.65,124.65,6579.9,6579.9
130.41,130.41,6773.1,6773.1
135.05,135.05,6233.9,6233.9
132.03,132.03,5868.7,5868.7
130.58,130.58,6296.4,6296.4
102.97,102.97,4549.6,4549.6
123.82,123.82,5528.7,5528.7
132.97,132.97,5898.6,5898.6
127.26,127.26,6340.8,6340.8
122.61,122.61,5467,5467
134.41,134.41,6254.8,6254.8
134.22,134.22,7320.7,7320.7
107.29,107.29,4735,4735
112.4,112.4,6056.5,6056.5
91.822,91.822,4079.9,4079.9
133.78,133.78,5984.9,5984.9
123.05,123.05,5497,5497
122.83,122.83,5527.6,5527.6
134.78,134.78,7490.5,7490.5
132.19,132.19,5934,5934
126.42,126.42,5803.4,5803.4
108.28,108.28,4843.4,4843.4
111.22,111.22,4999.3,4999.3
129.72,129.72,5824.3,5824.3
124.65,124.65,5658,5658
132.58,132.58,6973.5,6973.5
133.28,133.28,6839.5,6839.5
130.16,130.16,5894.9,5894.9
115.31,115.31,5198.8,5198.8
124.06,124.06,5712.8,5712.8
132.11,132.11,5979.3,5979.3
132.41,132.41,5934,5934
100.85,100.85,4552.1,4552.1
115.21,115.21,5235.7,5235.7
114.97,114.97,5207.2,5207.2
111.56,111.56,5132.1,5132.1
132.49,132.49,7389.5,7389.5
132.65,132.65,6048.9,6048.9
122.08,122.08,5577.9,5577.9
129.07,129.07,5912.7,5912.7
117.5,117.5,6800.3,6800.3
102.83,102.83,4794.8,4794.8
82.871,82.871,3808.5,3808.5
131.47,131.47,7552.6,7552.6
126.71,126.71,6480.6,6480.6
131.04,131.04,6030.7,6030.7
104.92,104.92,4821.1,4821.1
127,127,6641.7,6641.7
108.95,108.95,4996.9,4996.9
120.78,120.78,5555.6,5555.6
87.909,87.909,4934.3,4934.3
6.8363,6.8363,315.31,315.31
0,0,0,0
0,0,0,0
74.679,0,1754.8,0
292.47,0,5553.7,0
384.52,0,5561.7,0
360.6,0,5190.3,0
372.67,0,5357.9,0
374.19,0,5381.9,0
368.73,0,5340.4,0
363.83,0,5610.2,0
351.14,0,5814.4,0
314.62,0,5306,0
280.56,0,5444,0
240.55,0,4032.2,0
278.52,0,4924.8,0
260.46,0,4538.5,0
259.98,0,4501.8,0
274.79,0,4981.7,0
266.25,0,4961.9,0
266.78,0,4869.1,0
226.59,0,3922.1,0
251.85,0,4484.8,0
242.44,0,4963.6,0
224.05,0,4149.8,0
224.69,0,4313.2,0
210.51,18.714,4446.2,552.62
227.07,177.59,5244.2,5244.2
218.3,85.085,4687.5,2512.5
216.84,95.016,5341.5,2913.8
215.1,174.98,5064.6,5064.6
196.27,92.931,4303.2,2679.7
199.44,2.4918,4900.1,71.851
200.16,0,4688.1,0
187.14,0,4443.5,0
184.08,0,4852.7,0
194.42,0,4938,0
174.75,30.091,3788.4,1027.8
179.02,172.09,5878.1,5878.1
166.72,72.85,4550.4,2120.1
188.06,188.06,5819.4,5819.4
185.38,180.48,6009.3,6009.3
153.62,153.6,5704.3,5704.3
146.18,146.18,4395.4,4395.4
163.66,160.26,5941.7,5941.7
173.16,173.16,5813.9,5813.9
171.79,104.99,4877.1,3349.8
167.85,167.85,5781.6,5781.6
157.86,152.73,5702.2,5702.2
170.14,170.14,5617.1,5617.1
164.54,164.54,6210,6210
120.66,85.455,3378.3,2588.2
137.56,67.911,4160.6,2444.2
166.99,165.96,5597.7,5597.7
132.71,130.05,4965.1,4965.1
157.96,157.96,5704.9,5704.9
158.31,141.42,5526.4,5526.4
152.73,131.29,5266.5,4948.4
164.92,162.91,6318,6318
135.97,135.97,5756.1,5756.1
147.29,147.21,5515.2,5515.2
150.7,85.745,5050,3145.3
148.02,148.02,5473.3,5473.3
145.44,145.44,5651.9,5651.9
152.8,152.8,6563.1,6563.1
147.73,147.73,6314.2,6314.2
147.84,147.84,6336.4,6336.4
146.78,146.78,5853.8,5853.8
142.2,130.37,5108.6,5108.6
140.46,140.46,5656.6,5656.6
148.79,148.31,6205.4,6205.4
117.27,98.025,4176.3,4072.3
152.1,123.08,5850.7,5002
132.16,132.16,5379.4,5379.4
148.97,120.95,5732.4,5325.5
147.71,147.71,6208.7,6208.7
112.52,112.52,5007.2,5007.2
122.55,114.58,4822.6,4822.6
144.87,144.87,6392.1,6392.1
131.76,131.76,5296.9,5296.9
138.66,138.66,5761.5,5761.5
82.533,81.559,3567.9,3567.9
140.08,140.08,5450.3,5450.3
143.8,143.8,5677.3,5677.3
142.17,142.17,6249.1,6249.1
138.03,138.03,6114.9,6114.9
142.44,142.44,5627,5627
101.75,101.75,4577.5,4577.5
131.9,131.9,6333.7,6333.7
135.85,135.85,5655.3,5655.3
139.76,139.76,5755.3,5755.3
134.51,134.51,6317.2,6317.2
122.89,122.89,5495.3,5495.3
126.66,126.66,5223.1,5223.1
127.4,127.4,5398.9,5398.9
133.21,133.21,6018.2,6018.2
139.28,139.28,5969.1,5969.1
131.29,131.29,6177.3,6177.3
134.97,134.97,7054.1,7054.1
124.65,124.65,5449.1,5449.1
130.34,130.34,6268.6,6268.6
139.6,139.6,6069.7,6069.7
128.12,128.12,5523,5523
131.08,131.08,5441.5,5441.5
137.87,137.87,6586,6586
139,139,6069.1,6069.1
129.26,129.26,5812.3,5812.3
138.35,138.35,5902.3,5902.3
132.68,132.68,5745.9,5745.9
132.19,132.19,5607,5607
110.69,110.69,5026.9,5026.9
130.59,130.59,6166.8,6166.8
133.48,133.48,5806.2,5806.2
135.75,135.75,5919.8,5919.8
113.51,113.51,5621.6,5621.6
130.18,130.18,6385.9,6385.9
118.07,118.07,6024.6,6024.6
136.76,136.76,6370.8,6370.8
131.29,131.29,5616.2,5616.2
122.44,122.44,5434.5,5434.5
131.21,131.21,5807.9,5807.9
135.76,135.76,6842.9,6842.9
134.93,134.93,5876.5,5876.5
136.64,136.64,6064.5,6064.5
135.57,135.57,5947.1,5947.1
128.27,128.27,5592.1,5592.1
131.72,131.72,5801,5801
132.89,132.89,5877.5,5877.5
131.07,131.07,5761.9,5761.9
122.88,122.88,5797.9,5797.9
79.995,79.995,4146.5,4146.5
114.58,114.58,5080.1,5080.1
135.22,135.22,6155,6155
131.03,131.03,6875.5,6875.5
122.4,122.4,6356.8,6356.8
132.6,132.6,6255,6255
134.67,134.67,5985.7,5985.7
131.12,131.12,6252,6252
97.791,97.791,4320.8,4320.8
127.46,127.46,5691.3,5691.3
126.6,126.6,6017.9,6017.9
125.98,125.98,5752.5,5752.5
122.37,122.37,5460.7,5460.7
130.2,130.2,6058.9,6058.9
134.34,134.34,7327.2,7327.2
107.06,107.06,4799.5,4799.5
105.47,105.47,5682.8,5682.8
81.915,81.915,3639.7,3639.7
132.28,132.28,5932.3,5932.3
129.24,129.24,5773.8,5773.8
126.5,126.5,5692.9,5692.9
133.23,133.23,7404.7,7404.7
126.69,126.69,5977.2,5977.2
132.2,132.2,6068.9,6068.9
94.654,94.654,4339.3,4339.3
121.42,121.42,5457.7,5457.7
126.58,126.58,5682.8,5682.8
130.96,130.96,5944.4,5944.4
130.61,130.61,6869.8,6869.8
133.57,133.57,6854.3,6854.3
128.89,128.89,5837.2,5837.2
108.14,108.14,4875.5,4875.5
127.8,127.8,6071.3,6071.3
129.47,129.47,5860.1,5860.1
126.86,126.86,5685.5,5685.5
99.35,99.35,4537.1,4537.1
114.56,114.56,5206.1,5206.1
121.85,121.85,5522.1,5522.1
109.59,109.59,5041.4,5041.4
129.77,129.77,7238.2,7238.2
129.64,129.64,5911.5,5911.5
128.09,128.09,5883.7,5883.7
124.65,124.65,5642.6,5642.6
120.06,120.06,6679.5,6679.5
105.99,105.99,4942,4942
90.248,90.248,4157.1,4157.1
128.25,128.25,7392.8,7392.8
125.94,125.94,6561.8,6561.8
128.7,128.7,5923.1,5923.1
94.589,94.589,4346.4,4346.4
130.68,130.68,6420.8,6420.8
103.27,103.27,4736.8,4736.8
127.54,127.54,5796.3,5796.3
88.406,88.406,4962.2,4962.2
5.3045,5.3045,244.66,244.66
0,0,0,0
0,0,0,0
77.85,0,1829.3,0
304.65,0,5794.2,0
394.95,0,5744.8,0
380.01,0,5507.5,0
385.08,0,5537.1,0
396.41,0,5701.4,0
391.85,0,5675.3,0
377.12,0,5815.1,0
337.88,0,5594.8,0
286.11,0,4825.1,0
252.67,0,5005.2,0
203.7,0,3484.9,0
245.69,0,4466.4,0
229.78,0,4004,0
225.01,0,3896.2,0
245.01,0,4442,0
235.89,0,4479.1,0
235.99,0,4307.1,0
193.99,0,3357.8,0
217.54,0,3988.5,0
215.61,0,4414.2,0
192.37,0,3617.5,0
189.31,0,3840,0
186.84,17.583,3946.2,519.2
195.1,166.85,4927,4927
192.48,79.939,4133.1,2360.5
198.08,90.329,4880.7,2770.1
190.73,165.38,4814.8,4814.8
170.51,87.833,3738.4,2532.7
173.4,2.3551,4468.6,67.91
173.94,0,4196.7,0
163.78,0,3888.8,0
165.03,0,4412.6,0
173.88,0,4416.1,0
145.77,29.494,3160.1,1007.4
168.67,168.67,5761.4,5761.4
151,66.631,4121.4,1939.1
173.37,173.37,5425.1,5425.1
169.65,169.65,5777.5,5777.5
154.57,154.57,5740.5,5740.5
134.87,134.87,4389.5,4389.5
156.77,156.77,5913.9,5913.9
162.58,162.58,5668.3,5668.3
152.08,97.233,4317.4,3102.3
160.88,160.88,5541.5,5541.5
149.5,149.5,5581.4,5581.4
156.86,156.86,5178.7,5178.7
160.07,160.07,6041.4,6041.4
100.19,66.057,2805.1,2000.7
121.23,64.518,3666.8,2322
154.1,153.51,5318,5318
125.76,125.76,5231.5,5231.5
143.63,143.63,5187.3,5187.3
142.9,142.9,5584.1,5584.1
146.39,133.43,5048,5029
157.09,155.43,6301.2,6301.2
142.57,142.57,6035.4,6035.4
137.03,137.03,5133.9,5133.9
134.68,77.738,4513.3,3776.9
132.71,132.71,4907.2,4907.2
136.6,136.6,5979.4,5979.4
152.28,152.28,6541.1,6541.1
148.8,148.8,6440.5,6440.5
147.11,147.11,6305,6305
141.35,141.35,5903.2,5903.2
129.81,123.17,4826.4,4826.4
136.97,136.97,6009.5,6009.5
146.93,146.93,6158.7,6158.7
104.24,100.45,4172.9,4172.9
148.04,110.99,5694.5,4510.4
137.07,137.07,5579.2,5579.2
143.5,110.35,5521.9,4858.8
142.71,142.71,5998.1,5998.1
120.25,120.25,5351.4,5351.4
121.79,121.79,5126.4,5126.4
138.03,138.03,6090.2,6090.2
130.08,130.08,5378.6,5378.6
141.57,141.57,5882.7,5882.7
92.345,92.345,4039.8,4039.8
131.53,131.53,5117.7,5117.7
138.12,138.12,5453,5453
139.26,139.26,5944.9,5944.9
126.17,126.17,5589.3,5589.3
133.27,133.27,5264.7,5264.7
105.89,105.89,4457.2,4457.2
135.15,135.15,6489.7,6489.7
137.67,137.67,5730.8,5730.8
135.4,135.4,5618.2,5618.2
124.95,124.95,5752.4,5752.4
110.09,110.09,5109.9,5109.9
119.91,119.91,4944.7,4944.7
124.71,124.71,5285.1,5285.1
128.83,128.83,6516.9,6516.9
139.68,139.68,6052.6,6052.6
124.5,124.5,5717.4,5717.4
128.85,128.85,6498.7,6498.7
121.54,121.54,5141.7,5141.7
123.05,123.05,5776.6,5776.6
138.73,138.73,5873.6,5873.6
133.19,133.19,5741.7,5741.7
121.08,121.08,5317.9,5317.9
139.24,139.24,5934.8,5934.8
135.28,135.28,5955.5,5955.5
129.06,129.06,6120.1,6120.1
136.72,136.72,5833,5833
133.2,133.2,5768.4,5768.4
128.27,128.27,5440.6,5440.6
121.65,121.65,5524.7,5524.7
119.92,119.92,5457.7,5457.7
136.87,136.87,5953.3,5953.3
131.53,131.53,6497.3,6497.3
116.82,116.82,5175.1,5175.1
132.45,132.45,6496.9,6496.9
108.73,108.73,5312.2,5312.2
136.87,136.87,6590,6590
121.68,121.68,5570.8,5570.8
124.14,124.14,5494.9,5494.9
121.51,121.51,5378.3,5378.3
132.94,132.94,6701,6701
129.61,129.61,5644.7,5644.7
135.57,135.57,6017,6017
134.26,134.26,5889.7,5889.7
118.46,118.46,5164.4,5164.4
135.29,135.29,5978.4,5978.4
134.95,134.95,5968.6,5968.6
131.51,131.51,5857.3,5857.3
130.22,130.22,6144.2,6144.2
69.48,69.48,3601.5,3601.5
115.57,115.57,5123.9,5123.9
132.56,132.56,6016.9,6016.9
133.47,133.47,6961.3,6961.3
111.31,111.31,5780.8,5780.8
126.15,126.15,6081.4,6081.4
133.09,133.09,5915.5,5915.5
127.58,127.58,6015.2,6015.2
95.897,95.897,4345.2,4345.2
127.14,127.14,5676.8,5676.8
123.32,123.32,6403.5,6403.5
120.84,120.84,5402.1,5402.1
118.43,118.43,5285,5285
122.21,122.21,5686.8,5686.8
130.61,130.61,7106,7106
109.1,109.1,4890.6,4890.6
107.15,107.15,5166.7,5166.7
80.836,80.836,3631.3,3631.3
127.94,127.94,5737.6,5737.6
131.54,131.54,5876.3,5876.3
126.24,126.24,5681.2,5681.2
127.62,127.62,7092.6,7092.6
126.14,126.14,6360.9,6360.9
133.95,133.95,6149.5,6149.5
85.441,85.441,4377.9,4377.9
128.44,128.44,5773.1,5773.1
121.22,121.22,5442.2,5442.2
133.32,133.32,6051.5,6051.5
124.67,124.67,6557.5,6557.5
129.7,129.7,6655.9,6655.9
123.66,123.66,5600.7,5600.7
107.67,107.67,4880.4,4880.4
128.7,128.7,6251.9,6251.9
122.95,122.95,5564.9,5564.9
117.78,117.78,5278.3,5278.3
110.84,110.84,5061.7,5061.7
110.56,110.56,5045.7,5045.7
128.78,128.78,5836.2,5836.2
112.1,112.1,5161.8,5161.8
123.17,123.17,6869.8,6869.8
122.76,122.76,5597.8,5597.8
131.03,131.03,6018.3,6018.3
125.99,125.99,5703.1,5703.1
122.51,122.51,6357.1,6357.1
105.85,105.85,4935.5,4935.5
95.594,95.594,4403.4,4403.4
121.22,121.22,7011.7,7011.7
123.56,123.56,6437.8,6437.8
126.83,126.83,5860.9,5860.9
87.686,87.686,4056.6,4056.6
130.29,130.29,6401.6,6401.6
102.16,102.16,4695.6,4695.6
130.49,130.49,5930.4,5930.4
86.146,86.146,4835.4,4835.4
4.1858,4.1858,234.95,234.95
0,0,0,0
0,0,0,0
78.637,0,1847.8,0
324.34,0,5857.4,0
402.89,0,5860.3,0
394.91,0,5723.4,0
391.36,0,5627.4,0
406.91,0,5852.4,0
403.49,0,5843.9,0
380.71,0,5849.2,0
315.03,0,5216.4,0
252.1,0,4251.5,0
220.48,0,4458.8,0
172.55,0,2976.4,0
210,0,3924.9,0
196.43,0,3422.8,0
188.69,0,3267.4,0
211.69,0,3837.7,0
203.69,0,3917.8,0
202.27,0,3692.3,0
160.92,0,2829.2,0
182.07,0,3437,0
185.79,0,3803.7,0
162.48,0,3087.1,0
161.12,0,3312.6,0
160.69,16.006,3393.8,472.66
162.43,151.9,4485.3,4485.3
164.45,72.773,3531.1,2148.9
175.37,83.208,4321.1,2551.7
163.87,151.45,4435.2,4435.2
143.53,80.437,3146.9,2319.5
153.22,0,3948.7,0
147.35,0,3640.2,0
138.89,0,3297.7,0
145.4,0,3887.9,0
150.67,0,3826.8,0
117.82,28.011,2680.3,956.78
160.19,160.19,5471.7,5471.7
132.52,59.05,3616.9,1718.5
155.37,155.37,4900.4,4900.4
154.52,154.52,5393.1,5393.1
150.72,150.72,5597.5,5597.5
120.58,120.58,4583.9,4583.9
151.19,151.19,5703.5,5703.5
153.58,153.58,5354.8,5354.8
130.44,87.253,3703.2,2783.8
149.41,149.41,5146.4,5146.4
141.78,141.78,5435.5,5435.5
140.13,140.13,4626.2,4626.2
151.38,151.38,5694.9,5694.9
80.607,49.477,2628.7,1498.5
103.53,59.39,3131.3,2137.5
137.78,137.58,4895.4,4895.4
128.19,128.19,5341,5341
126.55,126.55,4570.2,4570.2
139.9,139.9,5762.5,5762.5
135.96,131.39,4952.2,4952.2
146.46,146.46,6315.1,6315.1
144.84,144.84,6131.7,6131.7
123.6,123.6,4630.6,4630.6
116.63,90.45,4394.6,4394.6
115.29,115.29,4263,4263
140.03,140.03,6129.4,6129.4
147.06,147.06,6316.7,6316.7
147.07,147.07,6365.4,6365.4
141.83,141.83,6304.8,6304.8
138.11,138.11,5840.9,5840.9
114.82,112.75,4503.5,4503.5
140.99,140.99,6186.1,6186.1
141.29,141.29,5922.5,5922.5
99.734,99.734,4143.3,4143.3
139.61,96.971,5370.4,3940.9
137.75,137.75,5724.5,5724.5
133.93,100.78,5153.9,4943.5
133.59,133.59,5837.6,5837.6
124.53,124.53,5541.6,5541.6
125.45,125.45,5280.2,5280.2
130.97,130.97,5645,5645
129.55,129.55,5307.5,5307.5
140.06,140.06,5819.9,5819.9
101.31,101.31,4432,4432
119.67,119.67,5197.8,5197.8
128.54,128.54,5075,5075
138.63,138.63,6179.9,6179.9
118.25,118.25,5309.6,5309.6
120.82,120.82,4772.8,4772.8
106.77,106.77,4494.3,4494.3
134.18,134.18,6443.2,6443.2
135.17,135.17,5627.1,5627.1
137.16,137.16,5840,5840
119.9,119.9,5075.5,5075.5
109.75,109.75,5093.9,5093.9
109.99,109.99,4708.5,4708.5
118.29,118.29,5013,5013
135.18,135.18,6837.8,6837.8
137.23,137.23,5946.6,5946.6
130.42,130.42,5644.8,5644.8
133.69,133.69,5805.7,5805.7
114.83,114.83,5010.7,5010.7
128.88,128.88,5625.2,5625.2
133.57,133.57,5655.5,5655.5
134.17,134.17,5783.7,5783.7
120.11,120.11,5376.8,5376.8
136.25,136.25,5893,5893
127.57,127.57,6226,6226
131.68,131.68,6244.2,6244.2
130.92,130.92,5585.5,5585.5
129.57,129.57,5611.1,5611.1
120.6,120.6,5115.2,5115.2
129.54,129.54,5883.2,5883.2
106.7,106.7,4680.2,4680.2
135.98,135.98,5914.6,5914.6
130.14,130.14,6909.7,6909.7
123.9,123.9,5488.8,5488.8
130.57,130.57,6404.7,6404.7
97.019,97.019,4538.5,4538.5
132.72,132.72,6605.1,6605.1
126.36,126.36,5970.9,5970.9
129.68,129.68,5739.8,5739.8
114.8,114.8,5045.9,5045.9
129.3,129.3,6358.3,6358.3
120.64,120.64,5253.8,5253.8
130.33,130.33,5784.5,5784.5
128.84,128.84,5651.7,5651.7
106,106,4768.2,4768.2
135.1,135.1,5969.9,5969.9
134.78,134.78,5964.5,5964.5
127.86,127.86,6215.9,6215.9
133.71,133.71,6308.9,6308.9
58.475,58.475,3031,3031
112.94,112.94,5007.6,5007.6
125.92,125.92,5699.3,5699.3
133.47,133.47,6829.4,6829.4
102.11,102.11,5093.8,5093.8
116.29,116.29,5728.9,5728.9
127.44,127.44,5679.1,5679.1
120.28,120.28,5607.6,5607.6
100.52,100.52,4554.7,4554.7
122.87,122.87,5486.5,5486.5
126.62,126.62,6602.3,6602.3
122.09,122.09,5476.8,5476.8
111.06,111.06,4956.1,4956.1
125.84,125.84,5960.6,5960.6
133.59,133.59,6677.6,6677.6
107.72,107.72,4930.6,4930.6
105.98,105.98,4983.7,4983.7
88.724,88.724,4039.1,4039.1
119.9,119.9,5377,5377
129.71,129.71,5794.9,5794.9
122.07,122.07,5493.4,5493.4
118.44,118.44,6582.8,6582.8
130.07,130.07,6559.1,6559.1
131.52,131.52,6037.6,6037.6
83.524,83.524,4279.7,4279.7
131.64,131.64,5917.1,5917.1
124.15,124.15,5692,5692
131.51,131.51,5969.3,5969.3
118.35,118.35,6065.1,6065.1
126.17,126.17,6262.5,6262.5
117.53,117.53,5363.9,5363.9
111.41,111.41,5050,5050
128.42,128.42,6238.1,6238.1
113.13,113.13,5120.5,5120.5
108.94,108.94,5113.2,5113.2
119.82,119.82,5471.8,5471.8
110.42,110.42,5039.4,5039.4
131.88,131.88,5976.7,5976.7
121.25,121.25,5582.9,5582.9
113.27,113.27,6317.8,6317.8
119.4,119.4,5491.1,5491.1
129.86,129.86,5964.9,5964.9
123.38,123.38,5585.2,5585.2
121.12,121.12,5862.4,5862.4
102.43,102.43,4776,4776
98.112,98.112,4519.4,4519.4
124.56,124.56,6443.8,6443.8
128.76,128.76,6398.7,6398.7
124.83,124.83,5768.7,5768.7
88.374,88.374,4088.5,4088.5
125.87,125.87,6184.3,6184.3
102.72,102.72,4721.5,4721.5
129.36,129.36,5879.2,5879.2
81.338,81.338,4565.5,4565.5
3.9522,3.9522,221.83,221.83
0,0,0,0
0,0,0,0
76.965,0,1808.5,0
336.94,0,5737.5,0
401.94,0,5846,0
397.66,0,5763.2,0
401.7,0,5787.5,0
407.05,0,5857.1,0
404.13,0,5850.2,0
386.46,0,5850.6,0
284.6,0,4860.5,0
215.23,0,3629.8,0
190.22,0,3848.8,0
142.8,0,2463.2,0
178.51,0,3342,0
162.7,0,2835.1,0
153.33,0,2655,0
177.21,0,3212.8,0
172.63,0,3320.4,0
167.98,0,3083.4,0
129.34,0,2334.4,0
147.65,0,2869.7,0
155.12,0,3175.9,0
132.98,0,2588,0
134.67,0,2768.9,0
133.9,14.119,2828,416.92
133.99,133.99,3956.5,3956.5
136.13,64.192,2923.2,1895.5
150.45,74.268,3707,2277.5
136.42,134.39,3958.7,3958.7
117.07,71.377,2566.7,2058.2
131.19,0,3380.8,0
123.84,0,3059.5,0
114.12,0,2709.6,0
124.14,0,3319.2,0
126.51,0,3213.1,0
92.267,25.776,2234,880.46
147.41,147.41,5035.2,5035.2
112.69,50.708,3075.6,1475.7
135.98,135.98,4289,4289
139.19,139.19,4878,4878
142.41,142.41,5288.7,5288.7
105.02,105.02,4638.3,4638.3
141.29,141.29,5329.8,5329.8
140.58,140.58,4901.5,4901.5
108.42,75.866,3077.8,2420.5
134.45,134.45,4631.1,4631.1
130.29,130.29,5712.4,5712.4
121.29,121.29,4429.3,4429.3
139.29,139.29,5201.6,5201.6
62.839,35.908,2845.7,1302.8
85.663,52.973,2591,1906.5
121.32,121.32,4366.4,4366.4
126.81,126.81,5283.5,5283.5
110.75,110.75,4182.3,4182.3
132.72,132.72,5776.6,5776.6
125.37,125.37,5097.4,5097.4
143.32,143.32,6132.4,6132.4
142.58,142.58,6036.1,6036.1
108.02,108.02,4047,4047
101.97,101.97,4954.4,4954.4
97.047,97.047,3588.4,3588.4
139.09,139.09,6088.2,6088.2
137.61,137.61,5910.7,5910.7
140.84,140.84,6095.9,6095.9
132.78,132.78,6533.4,6533.4
130.77,130.77,5908.9,5908.9
109.02,109.02,4780.6,4780.6
140.63,140.63,6170.2,6170.2
131.66,131.66,5518.6,5518.6
95.951,95.951,3986.1,3986.1
127.58,82.095,4907.5,3647.5
134.59,134.59,5943.3,5943.3
121.13,107.83,5289.1,5289.1
133.93,133.93,6067.1,6067.1
124.95,124.95,5560.5,5560.5
125.2,125.2,5269.7,5269.7
134.24,134.24,5785.9,5785.9
125.96,125.96,5160.2,5160.2
134.27,134.27,5579,5579
107.7,107.7,4711.4,4711.4
114.68,114.68,5375.1,5375.1
115.92,115.92,4819.9,4819.9
136.49,136.49,6338.2,6338.2
120.12,120.12,5323.1,5323.1
108.04,108.04,4844.7,4844.7
104.32,104.32,4738.8,4738.8
129.08,129.08,6198.3,6198.3
128.61,128.61,5453.5,5453.5
138.15,138.15,5882.1,5882.1
111.49,111.49,4633.5,4633.5
106,106,4920.2,4920.2
113.5,113.5,4952.1,4952.1
108.72,108.72,4607.3,4607.3
137.43,137.43,6951.7,6951.7
130.64,130.64,5661.1,5661.1
132.38,132.38,5729.8,5729.8
134.41,134.41,5837.1,5837.1
122.72,122.72,5439.3,5439.3
130.79,130.79,5708.8,5708.8
124.62,124.62,5276.4,5276.4
130.95,130.95,5645.2,5645.2
117.66,117.66,5267.6,5267.6
129.19,129.19,5726,5726
123.43,123.43,6306.7,6306.7
130.18,130.18,6173,6173
121.48,121.48,5182.5,5182.5
128.12,128.12,5685.4,5685.4
109.86,109.86,4660,4660
133.66,133.66,6070.4,6070.4
92.631,92.631,3948.7,3948.7
130.9,130.9,5693.7,5693.7
134.1,134.1,7120.1,7120.1
127.33,127.33,5640.8,5640.8
124.72,124.72,6117.8,6117.8
90.384,90.384,4118.1,4118.1
124.97,124.97,6414.6,6414.6
131.23,131.23,6201.1,6201.1
131.25,131.25,5809.3,5809.3
111.32,111.32,4893.2,4893.2
130.52,130.52,6254,6254
108.79,108.79,4885,4885
121.41,121.41,5388.3,5388.3
119.79,119.79,5254.9,5254.9
108.19,108.19,5301,5301
130.72,130.72,5776.3,5776.3
133.13,133.13,5891.6,5891.6
131.4,131.4,6391.6,6391.6
133.03,133.03,6276.9,6276.9
47.684,47.684,2471.7,2471.7
110.48,110.48,5063.9,5063.9
115.9,115.9,5230.8,5230.8
129.39,129.39,6491.9,6491.9
96.266,96.266,4349.1,4349.1
113.13,113.13,5229.3,5229.3
124.05,124.05,5745.2,5745.2
109.88,109.88,5065.3,5065.3
102.1,102.1,4626.1,4626.1
115.07,115.07,5137.9,5137.9
127.82,127.82,6595.9,6595.9
125.32,125.32,5625.6,5625.6
117.45,117.45,5324.2,5324.2
129.55,129.55,6136.2,6136.2
132.39,132.39,6080.1,6080.1
106.23,106.23,5221,5221
101.56,101.56,4776.1,4776.1
100.56,100.56,4578.1,4578.1
108.87,108.87,4882.6,4882.6
125.02,125.02,5935.1,5935.1
114.37,114.37,5146.9,5146.9
119.87,119.87,6609.6,6609.6
129.96,129.96,6553.5,6553.5
125.12,125.12,5743.8,5743.8
79.116,79.116,4053.8,4053.8
130.74,130.74,5876.5,5876.5
129.96,129.96,5958.1,5958.1
132.54,132.54,6050.3,6050.3
111.84,111.84,5435.5,5435.5
131.14,131.14,5852.5,5852.5
123.85,123.85,5652.2,5652.2
111.7,111.7,5063.2,5063.2
124.15,124.15,6031.1,6031.1
116.27,116.27,5256.9,5256.9
117.91,117.91,5534.1,5534.1
125.5,125.5,5731.4,5731.4
106.86,106.86,4945.9,4945.9
130.86,130.86,5930.6,5930.6
127.07,127.07,5850.8,5850.8
107.28,107.28,5629.7,5629.7
120.17,120.17,5526.8,5526.8
124.71,124.71,5728.4,5728.4
117.08,117.08,5299.9,5299.9
116.04,116.04,5763,5763
97.031,97.031,4478.1,4478.1
97.571,97.571,4494.5,4494.5
127.15,127.15,5859.1,5859.1
131.06,131.06,6512.6,6512.6
119.06,119.06,5501.6,5501.6
86.302,86.302,3992.6,3992.6
120.03,120.03,5788.9,5788.9
100.08,100.08,4600.2,4600.2
124.26,124.26,5647.5,5647.5
74.413,74.413,4176.8,4176.8
3.6157,3.6157,202.95,202.95
0,0,0,0
0,0,0,0
72.99,0,1715.1,0
345.51,0,5630.8,0
398.23,0,5792.1,0
404.16,0,5854.2,0
406.82,0,5861.2,0
406.42,0,5849.3,0
399.67,0,5788.3,0
380.12,0,5754.7,0
254.89,0,4484.9,0
178.05,0,3002.8,0
159.1,0,3219.1,0
114.51,0,1975.2,0
147.27,0,2757.3,0
130.58,0,2275.4,0
120.72,0,2090.4,0
143.75,0,2641.8,0
141.77,0,2726.8,0
135.18,0,2495,0
102.25,0,1866.4,0
118.52,0,2321.7,0
125.5,0,2569.3,0
105.45,0,2102.2,0
109.07,0,2242.6,0
108.11,12.068,2283.5,356.34
114.52,114.52,3381.6,3381.6
109.2,54.865,2344.7,1620.1
125.06,64.23,3081.4,1969.7
115.55,115.55,3423.7,3423.7
92.52,61.371,2028.5,1769.7
108.84,0,2804.8,0
100.86,0,2491.6,0
90.856,0,2157.2,0
102.69,0,2745.7,0
102.93,0,2614.1,0
70.738,22.983,1804.3,785.07
131.44,131.44,4489.7,4489.7
92.848,42.191,2534.2,1296.3
115.32,115.32,3637.4,3637.4
121.99,121.99,4275.1,4275.1
130.37,130.37,4860.7,4860.7
102.97,102.97,4547.6,4547.6
127.93,127.93,4825.9,4825.9
124.69,124.69,4639.9,4639.9
87.308,63.917,2478.6,2039.3
117.23,117.23,4038,4038
124.43,124.43,5817,5817
101.73,101.73,4456.6,4456.6
124.19,124.19,4875,4632
61.974,30.549,2984.9,1153
68.681,45.782,2077.4,1647.7
104.85,104.85,3773.7,3773.7
121.55,121.55,5064.4,5064.4
99.022,99.022,3739.4,3739.4
128.78,128.78,5610.9,5610.9
115.91,115.91,5100,5100
135.89,135.89,5770.2,5770.2
136,136,5757.6,5757.6
91.472,91.472,3427.1,3427.1
111.4,111.4,5412.2,5412.2
79.215,79.215,3517.6,3517.6
137.45,137.45,5859.4,5859.4
124.76,124.76,5359.1,5359.1
130.69,130.69,5656.5,5656.5
133.32,133.32,6560.1,6560.1
125.37,125.37,5792.1,5792.1
112.14,112.14,4917.3,4917.3
135.92,135.92,5963.3,5963.3
118.87,118.87,4982.5,4982.5
89.445,89.445,3748.2,3748.2
112.96,85.283,4345.3,3831.4
135.4,135.4,5978.9,5978.9
111.78,111.78,5483.3,5483.3
134.87,134.87,6109.9,6109.9
121.49,121.49,5406.2,5406.2
121.07,121.07,5095.9,5095.9
133.32,133.32,5809,5809
118.66,118.66,4861.3,4861.3
124.71,124.71,5319.9,5319.9
110.93,110.93,4852.9,4852.9
114.91,114.91,5386,5386
105.89,105.89,4729.1,4729.1
135.69,135.69,6298.7,6298.7
122.82,122.82,5390.8,5390.8
112.47,112.47,5043.2,5043.2
107.91,107.91,5063.5,5063.5
125.97,125.97,5804.5,5804.5
125.84,125.84,5450.7,5450.7
134.83,134.83,5740.6,5740.6
100.44,100.44,4174.6,4174.6
99.211,99.211,4604.9,4604.9
115.67,115.67,5439,5439
96.815,96.815,4102.9,4102.9
135.38,135.38,6848.2,6848.2
123.15,123.15,5466.4,5466.4
130.2,130.2,5635.4,5635.4
130.94,130.94,5686.4,5686.4
129.08,129.08,5721.2,5721.2
128.61,128.61,5613.8,5613.8
112.66,112.66,4898.4,4898.4
123.85,123.85,5726.5,5726.5
111.7,111.7,5000.3,5000.3
118.7,118.7,5391.1,5391.1
121.15,121.15,6190,6190
124.7,124.7,5932.4,5932.4
109.21,109.21,4659.2,4659.2
131.82,131.82,5849.4,5849.4
96.978,96.978,4113.4,4113.4
133.64,133.64,6069.2,6069.2
80.159,80.159,3615.7,3615.7
122.1,122.1,5310.9,5310.9
133.89,133.89,7109.1,7109.1
126.79,126.79,5617,5617
117.36,117.36,5662.2,5662.2
102.76,102.76,4682.1,4682.1
117.6,117.6,6036.3,6036.3
132.05,132.05,6240.1,6240.1
128.71,128.71,5697.2,5697.2
104.6,104.6,4597.7,4597.7
127.65,127.65,6116.8,6116.8
113.07,113.07,5403.4,5403.4
117.87,117.87,5226.9,5226.9
107.93,107.93,4734.3,4734.3
116.55,116.55,5710.4,5710.4
122.56,122.56,5415.5,5415.5
127.43,127.43,5639,5639
130.92,130.92,6368.3,6368.3
128.25,128.25,6051.2,6051.2
48.12,48.12,2283.6,2283.6
120.2,120.2,5509.5,5509.5
107.97,107.97,4865.9,4865.9
128.4,128.4,5979.6,5979.6
95.658,95.658,4282.8,4282.8
113.53,113.53,5088.1,5088.1
128.45,128.45,5816.2,5816.2
109.24,109.24,4947,4947
100.48,100.48,4552.8,4552.8
104.41,104.41,4662.1,4662.1
130.59,130.59,6384.9,6384.9
130.27,130.27,5847.9,5847.9
124.48,124.48,5642.8,5642.8
129.23,129.23,6121,6121
129.96,129.96,5880.7,5880.7
109,109,5356.9,5356.9
94.311,94.311,4435,4435
110.44,110.44,5027.8,5027.8
95.791,95.791,4296,4296
124.16,124.16,5894.1,5894.1
103.83,103.83,4672.6,4672.6
118.86,118.86,6554.1,6554.1
125.81,125.81,6344.5,6344.5
125.59,125.59,5636.5,5636.5
84.869,84.869,3886.7,3886.7
125.81,125.81,5654.9,5654.9
131.81,131.81,6043.1,6043.1
130.51,130.51,5957.9,5957.9
102.42,102.42,4720,4720
132.07,132.07,5894,5894
126.45,126.45,5771.1,5771.1
108.51,108.51,4918.8,4918.8
116.31,116.31,5649.8,5649.8
120.49,120.49,5447.6,5447.6
123.65,123.65,5803.6,5803.6
127.38,127.38,5816.9,5816.9
111.48,111.48,5554.4,5554.4
125.82,125.82,5702.1,5702.1
129.03,129.03,5941.3,5941.3
98.567,98.567,4860.8,4860.8
117.2,117.2,5389.9,5389.9
116.05,116.05,5330.5,5330.5
107.65,107.65,4873,4873
113.99,113.99,5937.8,5937.8
95.639,95.639,4334.3,4334.3
94.02,94.02,4330.9,4330.9
128.77,128.77,5856.1,5856.1
129.25,129.25,6422.8,6422.8
124.06,124.06,5697.3,5697.3
81.662,81.662,3778,3778
125.53,125.53,5844.6,5844.6
99.02,99.02,4581.1,4581.1
122.08,122.08,5978,5978
65.964,65.964,3702.6,3702.6
3.2052,3.2052,179.91,179.91
0,0,0,0
0,0,0,0
67.071,0,1576,0
345.17,0,5796.7,0
400.39,0,5823.6,0
404.84,0,5860.6,0
402.99,0,5804.3,0
403.62,0,5806.8,0
405.41,0,5858.8,0
362.28,0,5484.5,0
225.45,0,4009.8,0
142.72,0,2407,0
128.94,0,2608.8,0
88.974,0,1534.7,0
117.73,0,2204.2,0
101.55,0,1769.5,0
92.099,0,1594.8,0
112.98,0,2106.1,0
112.81,0,2169.7,0
105.4,0,1956.2,0
79.211,0,1445.9,0
92.909,0,1820.1,0
98.378,0,2014.1,0
81.029,0,1654.5,0
85.599,0,1759.9,0
84.585,9.9939,1786.5,295.11
94.839,94.839,2800.5,2800.5
84.869,45.437,1822.4,1341.7
100.72,53.825,2481.8,1650.6
96.27,96.27,2869,2869
70.849,51.129,1553.3,1474.3
87.488,0,2254.7,0
79.584,0,1966,0
70.09,0,1664.2,0
82.306,0,2200.7,0
81.137,0,2060.7,0
55.356,19.857,1411.9,678.27
113.56,113.56,3879,3879
74.127,34.016,2023.2,1119.9
94.765,94.765,2989,2989
103.59,103.59,3630.4,3630.4
115.65,115.65,4427.7,4427.7
97.819,97.819,4320.2,4320.2
112.24,112.24,4234.1,4234.1
107.16,107.16,4446.5,4446.5
68.128,52.178,1934.1,1664.8
99.046,99.046,3411.6,3411.6
122.77,122.77,5739.5,5739.5
95.127,95.127,4344.8,4344.8
107.29,107.29,4954.7,4001.5
62.988,26.197,3033.7,988.76
53.355,38.339,1613.8,1379.8
87.806,87.806,3160.2,3160.2
112.89,112.89,4703.6,4703.6
85.787,85.787,3239.6,3239.6
121.2,121.2,5280.8,5280.8
111.29,111.29,4944.1,4944.1
124.84,124.84,5260.7,5260.7
125.7,125.7,5321.4,5321.4
75.056,75.056,2812,2812
117.91,117.91,5728.7,5728.7
75.386,75.386,3347.6,3347.6
131.77,131.77,5569.4,5569.4
109.61,109.61,4708,4708
117.5,117.5,5598.7,5598.7
129.7,129.7,6382.3,6382.3
119.72,119.72,5501.3,5501.3
111.76,111.76,4900.7,4900.7
127.28,127.28,5584.4,5584.4
108.22,108.22,4870.7,4870.7
85.314,85.314,3922,3922
96.915,86.801,3899.6,3899.6
131.98,131.98,5827.9,5827.9
112.29,112.29,5508.1,5508.1
131.6,131.6,5961.9,5961.9
114.45,114.45,5092.9,5092.9
113.44,113.44,4774.9,4774.9
128.29,128.29,5669.2,5669.2
108.31,108.31,4437.5,4437.5
117.1,117.1,5329.9,5329.9
110.72,110.72,4843.4,4843.4
111.57,111.57,5229.3,5229.3
100.67,100.67,4495.9,4495.9
132.94,132.94,6065.2,6065.2
121.69,121.69,5550.5,5550.5
113.44,113.44,5086.8,5086.8
117.22,117.22,5500.6,5500.6
130.21,130.21,6000.1,6000.1
121.87,121.87,5278.7,5278.7
127.5,127.5,5608.2,5608.2
87.832,87.832,3729.5,3729.5
106.57,106.57,4865.1,4865.1
121.12,121.12,5880.6,5880.6
83.54,83.54,3540.3,3540.3
129.23,129.23,6536.7,6536.7
124.18,124.18,5512.2,5512.2
124.08,124.08,5370.5,5370.5
123.6,123.6,5367.7,5367.7
131.55,131.55,5830.8,5830.8
122.55,122.55,5348.9,5348.9
112.73,112.73,5028.9,5028.9
126.61,126.61,6067.3,6067.3
102.74,102.74,4599.3,4599.3
121.81,121.81,5445.7,5445.7
115.22,115.22,5886.9,5886.9
127.88,127.88,6181.1,6181.1
95.136,95.136,4336.2,4336.2
131.41,131.41,5831.4,5831.4
82.946,82.946,3518.3,3518.3
133.03,133.03,6077.5,6077.5
68.921,68.921,3207.9,3207.9
110.35,110.35,4800,4800
129.54,129.54,6877.8,6877.8
122.34,122.34,5419.6,5419.6
114.73,114.73,5110.4,5110.4
113.21,113.21,5158,5158
107.22,107.22,5503.9,5503.9
128.76,128.76,6084.5,6084.5
122.31,122.31,5413.8,5413.8
95.234,95.234,4411.7,4411.7
122.94,122.94,5796.8,5796.8
121.18,121.18,5791.3,5791.3
112.99,112.99,5010.5,5010.5
94.214,94.214,4138.3,4138.3
121.65,121.65,5960.4,5960.4
111.33,111.33,4919.6,4919.6
125.33,125.33,5644.1,5644.1
126.39,126.39,6148,6148
131.6,131.6,5936.9,5936.9
59.596,59.596,2828.2,2828.2
126.72,126.72,5808.3,5808.3
117.07,117.07,5314.1,5314.1
126.9,126.9,5792.7,5792.7
92.101,92.101,4123.6,4123.6
110.39,110.39,4947.4,4947.4
128.88,128.88,5835.5,5835.5
116.75,116.75,5320.6,5320.6
95.813,95.813,4341.4,4341.4
91.801,91.801,4099,4099
129.28,129.28,5988.7,5988.7
131.22,131.22,5890.3,5890.3
127.83,127.83,5794.8,5794.8
124.91,124.91,5916.2,5916.2
124.47,124.47,5632.4,5632.4
108.36,108.36,5325.7,5325.7
84.857,84.857,3990.4,3990.4
117.53,117.53,5350.3,5350.3
87.379,87.379,3925.3,3925.3
119.47,119.47,5671.7,5671.7
91.334,91.334,4110.2,4110.2
114.2,114.2,6297.3,6297.3
118.02,118.02,5951.5,5951.5
123.26,123.26,5531.7,5531.7
94.243,94.243,4316,4316
117.3,117.3,5603.6,5603.6
129.54,129.54,5939,5939
124.53,124.53,5684.7,5684.7
90.874,90.874,4123.5,4123.5
128.88,128.88,5751.6,5751.6
125.11,125.11,5709.6,5709.6
115.49,115.49,5254.1,5254.1
105.57,105.57,5128.4,5128.4
120.98,120.98,5469.9,5469.9
125.65,125.65,5897.2,5897.2
125.26,125.26,5736,5736
121.31,121.31,6044.1,6044.1
117.73,117.73,5435.3,5435.3
126.96,126.96,5845.8,5845.8
87.752,87.752,4066.6,4066.6
110.75,110.75,5093.3,5093.3
106.06,106.06,4858,4858
105.85,105.85,4942.1,4942.1
113.8,113.8,5927.9,5927.9
91.34,91.34,4139.5,4139.5
87.785,87.785,4043.7,4043.7
127.16,127.16,5783.1,5783.1
123.51,123.51,6137.5,6137.5
127.91,127.91,5874.1,5874.1
74.873,74.873,3463.9,3463.9
127.21,127.21,5922.6,5922.6
95.962,95.962,4439.7,4439.7
127.74,127.74,6255.3,6255.3
56.659,56.659,3180.3,3180.3
2.7531,2.7531,154.53,154.53
0,0,0,0
0,0,0,0
59.719,0,1403.3,0
343.26,0,5782.1,0
396.52,0,5767.2,0
402.88,0,5829.8,0
404.19,0,5819.9,0
400.81,0,5766.4,0
401.61,0,5803.9,0
334.55,0,5064.8,0
193.22,0,3473.8,0
110.85,0,1869.5,0
101.25,0,2048.6,0
66.986,0,1155.5,0
91.198,0,1707.4,0
76.516,0,1333.3,0
68.081,0,1178.9,0
86.044,0,1626.9,0
86.974,0,1672.9,0
79.632,0,1486.1,0
59.458,0,1085.3,0
70.572,0,1382.5,0
74.724,0,1529.8,0
60.668,0,1261.8,0
65.09,0,1338.3,0
64.121,8.0196,1354.3,236.81
76.104,76.104,2247.3,2247.3
63.914,36.461,1372.4,1076.7
78.608,43.705,1936.9,1340.3
77.714,77.714,2329.6,2329.6
52.57,41.274,1190.2,1190.2
68.145,0,1756.2,0
60.849,0,1503.2,0
52.391,0,1243.9,0
63.923,0,1709.2,0
61.976,0,1574.1,0
41.974,16.623,1070.6,567.82
95.066,95.066,3247.3,3247.3
57.343,27.448,1565.1,937.56
75.454,75.454,2379.9,2379.9
85.237,85.237,2987.2,2987.2
99.401,99.401,3908.1,3908.1
90.043,90.043,3976.8,3976.8
95.417,95.417,3599.4,3599.4
89.825,89.825,4128.9,4128.9
51.51,41.273,1462.3,1316.8
81.082,81.082,2792.8,2792.8
117.38,117.38,5487.3,5487.3
89.862,89.862,4104.3,4104.3
101.31,89.807,4879.4,3349.6
62.03,21.768,2987.6,821.57
40.163,31.109,1214.8,1119.6
71.282,71.282,2595.7,2595.7
101.6,101.6,4232.9,4232.9
72.013,72.013,2719.5,2719.5
110.53,110.53,4815.7,4815.7
104.54,104.54,4756,4756
111.13,111.13,4810,4810
112.57,112.57,4765.5,4765.5
59.673,59.673,2235.7,2235.7
120.93,120.93,5875.5,5875.5
69.515,69.515,3086.9,3086.9
122.41,122.41,5182.7,5182.7
93.303,93.303,4230.8,4230.8
111.55,111.55,5472.1,5472.1
122.27,122.27,6016.6,6016.6
115.53,115.53,5206.7,5206.7
107.93,107.93,4732.6,4732.6
121.27,115.49,5742.2,5067.2
102.52,102.52,4614.1,4614.1
86.498,86.498,3976.4,3976.4
85.603,85.603,3845.8,3845.8
124.65,124.65,5504.4,5504.4
109.3,109.3,5361.2,5361.2
124.43,124.43,5636.8,5636.8
104.47,104.47,4648.9,4648.9
103,103,4539.4,4539.4
119.62,119.62,5360.9,5360.9
95.802,95.802,3924.9,3924.9
113.68,113.68,5174.1,5174.1
107.07,107.07,4683.9,4683.9
104.96,104.96,4919.5,4919.5
93.449,93.449,4413.9,4413.9
126.21,126.21,5673.6,5673.6
122.87,122.87,5832.4,5832.4
110.87,110.87,4971.5,4971.5
123.39,123.39,5790.1,5790.1
130.42,130.42,6009.7,6009.7
114.36,114.36,4953.5,4953.5
124.46,124.46,5617.5,5617.5
91.831,91.831,4347.5,4347.5
113.78,113.78,5194.3,5194.3
126.89,126.89,6160.6,6160.6
73.726,73.726,3293.6,3293.6
119.52,119.52,6045.6,6045.6
121.33,121.33,5385.9,5385.9
118.09,118.09,5390.1,5390.1
113.05,113.05,4909.4,4909.4
129.91,129.91,5758.1,5758.1
113.14,113.14,4938.3,4938.3
112.14,112.14,5002.7,5002.7
129.98,129.98,6228.7,6228.7
91.562,91.562,4099,4099
121.55,121.55,5509.1,5509.1
106.17,106.17,5424.8,5424.8
129.11,129.11,6240.3,6240.3
90.674,90.674,4286.4,4286.4
126.94,126.94,5632.8,5632.8
68.742,68.742,3221.7,3221.7
129.42,129.42,5912.2,5912.2
59.25,59.25,2757.8,2757.8
99.467,99.467,4443.1,4443.1
121.43,121.43,6447.4,6447.4
115.64,115.64,5463,5463
108.68,108.68,4841,4841
120.85,120.85,5505.9,5505.9
94.732,94.732,4862.6,4862.6
121.65,121.65,5748.6,5748.6
120.43,120.43,5491.7,5491.7
105.43,105.43,4954.4,4954.4
128.24,128.24,5810.2,5810.2
125.85,125.85,6014.2,6014.2
104.95,104.95,5339.4,5339.4
102.86,102.86,4734.8,4734.8
123.04,123.04,6028.2,6028.2
109.47,109.47,4948.1,4948.1
124.41,124.41,5969.4,5969.4
118.37,118.37,5751,5751
131.44,131.44,5929.7,5929.7
71.517,71.517,3393.9,3393.9
129.44,129.44,5933.1,5933.1
123.89,123.89,5623.5,5623.5
124.12,124.12,5666.1,5666.1
85.924,85.924,3847,3847
104.01,104.01,4661.3,4661.3
125.29,125.29,5673,5673
121.67,121.67,5544.8,5544.8
88.529,88.529,4011.4,4011.4
85.846,85.846,4218.4,4218.4
124.01,124.01,5595,5595
128.06,128.06,5748.7,5748.7
127.2,127.2,5766.2,5766.2
116.98,116.98,5540.7,5540.7
115.51,115.51,5227,5227
104.39,104.39,5130.3,5130.3
75.018,75.018,3824.4,3824.4
122.58,122.58,5566.9,5566.9
77.9,77.9,3499.4,3499.4
111.4,111.4,5288.3,5288.3
77.848,77.848,3503.3,3503.3
112.36,112.36,5995.9,5995.9
115.73,115.73,5529.8,5529.8
117.36,117.36,5340.2,5340.2
101.4,101.4,4797.2,4797.2
123.61,123.61,5883.9,5883.9
123.35,123.35,5655.4,5655.4
115.13,115.13,5255.6,5255.6
87.843,87.843,4030.3,4030.3
129.16,129.16,5917.9,5917.9
119.93,119.93,5473.4,5473.4
123.61,123.61,5623.2,5623.2
101.85,101.85,4698.7,4698.7
121.43,121.43,5502.3,5502.3
127.06,127.06,5806.3,5806.3
129.05,129.05,5940.7,5940.7
127.9,127.9,6372.8,6372.8
120.96,120.96,5584.2,5584.2
121.04,121.04,5573.3,5573.3
75.698,75.698,3503.2,3503.2
107.51,107.51,4957.4,4957.4
105.42,105.42,4946.1,4946.1
115.68,115.68,5400.9,5400.9
110.08,110.08,5734.2,5734.2
84.526,84.526,3830.7,3830.7
88.795,88.795,4135.8,4135.8
121.68,121.68,5533.8,5533.8
124.3,124.3,5783.7,5783.7
127.78,127.78,5868.4,5868.4
66.516,66.516,3077.3,3077.3
124.91,124.91,5815.4,5815.4
90.111,90.111,4169,4169
129.52,129.52,6342.2,6342.2
47.156,47.156,2646.8,2646.8
2.2913,2.2913,128.61,128.61
0,0,0,0
0,0,0,0
57.315,0,1210.6,0
330.77,0,5588.5,0
380.48,0,5534,0
390.32,0,5647.9,0
406.73,0,5839.2,0
405.33,0,5814.2,0
385.5,0,5571,0
299.36,0,4531.9,0
160.46,0,2916,0
83.423,0,1406.9,0
77.037,0,1558.7,0
48.865,0,842.89,0
68.449,0,1281.5,0
55.866,0,973.48,0
48.763,0,844.37,0
63.494,0,1217.7,0
64.975,0,1249.8,0
58.295,0,1093.9,0
43.245,0,789.36,0
51.941,0,1017.5,0
54.996,0,1125.9,0
44.83,0,932.39,0
47.958,0,986.02,0
47.099,6.2355,994.77,184.13
59.173,59.173,1747.3,1747.3
46.639,28.35,1001.5,837.14
59.442,34.385,1464.6,1054.5
60.787,60.787,1832.8,1832.8
37.795,32.284,930.92,930.92
51.43,0,1325.4,0
45.079,0,1113.6,0
37.945,0,900.95,0
48.104,0,1286.2,0
45.87,0,1165,0
30.838,13.484,786.56,460.59
77.113,77.113,2634,2634
42.982,22.264,1173.1,760.5
58.213,58.213,1836.1,1836.1
67.958,67.958,2381.6,2381.6
82.784,82.784,3342.3,3342.3
80.313,80.313,3547.1,3547.1
78.596,78.596,2964.9,2964.9
80.819,80.819,3714.9,3714.9
37.737,31.633,1071.3,1009.3
64.315,64.315,2215.3,2215.3
108.73,108.73,5083.3,5083.3
82.253,82.253,3756.8,3756.8
96.671,72.841,4656.1,2716.8
59.191,17.526,2850.9,661.46
29.294,24.459,886.03,880.29
58.265,58.265,2121.7,2121.7
88.589,88.589,3691,3691
58.574,58.574,2905.5,2905.5
97.667,97.667,4255.3,4255.3
95.247,95.247,4446.3,4446.3
95.853,95.853,4699.5,4699.5
97.681,97.681,4135.2,4135.2
45.971,45.971,1722.3,1722.3
120.18,120.18,5838.9,5838.9
62.111,62.111,2758.1,2758.1
111.07,111.07,4753.2,4753.2
79.32,79.32,3712.3,3712.3
105.64,105.64,5182.4,5182.4
111.69,111.69,5495.8,5495.8
108.04,108.04,4868.8,4868.8
100.99,100.99,4428.4,4428.4
123.3,101.54,5838.2,4455.1
94.104,94.104,4235.2,4235.2
84.975,84.975,3906.4,3906.4
81.801,81.801,3674.9,3674.9
114.08,114.08,5037.5,5037.5
103.08,103.08,5056.2,5056.2
113.99,113.99,5164.1,5164.1
92.399,92.399,4111.8,4111.8
98.658,98.658,4454,4454
110.2,110.2,5281.6,5281.6
82.104,82.104,3363.7,3363.7
113.21,113.21,5560.4,5560.4
100.33,100.33,4389,4389
95.675,95.675,4484.4,4484.4
92.024,92.024,4473.7,4473.7
126.39,126.39,5751.4,5751.4
125.1,125.1,5938.2,5938.2
112.28,112.28,5271,5271
125.85,125.85,5905.5,5905.5
126.58,126.58,5832.4,5832.4
103.98,103.98,4503.9,4503.9
120.79,120.79,5452.1,5452.1
103.73,103.73,4910.7,4910.7
117.71,117.71,5373.7,5373.7
128.81,128.81,6253.6,6253.6
71.242,71.242,3541.3,3541.3
115.39,115.39,5417.9,5417.9
114.87,114.87,5300.4,5300.4
120.67,120.67,5507.8,5507.8
100.19,100.19,4350.9,4350.9
124.3,124.3,5509.7,5509.7
101.21,101.21,4417.7,4417.7
108.09,108.09,4896,4896
129.29,129.29,6195.9,6195.9
86.33,86.33,4349.4,4349.4
124.67,124.67,5836.9,5836.9
94.803,94.803,4843.7,4843.7
126.3,126.3,6104.5,6104.5
96.327,96.327,4553.6,4553.6
118.81,118.81,5272.1,5272.1
64.367,64.367,3310.7,3310.7
121.99,121.99,5801.3,5801.3
54.988,54.988,2581,2581
96.587,96.587,4314.4,4314.4
110.3,110.3,5856.2,5856.2
123.81,123.81,5849.3,5849.3
99.757,99.757,4443.4,4443.4
124.99,124.99,5694.8,5694.8
95.834,95.834,4877.7,4877.7
111.37,111.37,5262.5,5262.5
126.73,126.73,5778.7,5778.7
114.73,114.73,5391,5391
129.61,129.61,5872.4,5872.4
126.63,126.63,6051.8,6051.8
110.4,110.4,5978.3,5978.3
114.03,114.03,5249.1,5249.1
120.57,120.57,5907.5,5907.5
111.68,111.68,5048,5048
126.82,126.82,6307.2,6307.2
108.33,108.33,5212.7,5212.7
127.2,127.2,5741.5,5741.5
83.158,83.158,3946.4,3946.4
128.12,128.12,5872.5,5872.5
127.03,127.03,5766.1,5766.1
120.27,120.27,5511.2,5511.2
80.424,80.424,3693.7,3693.7
94.95,94.95,4255.4,4255.4
118.02,118.02,5783.7,5783.7
122.85,122.85,5599,5599
86.631,86.631,3953,3953
96.452,96.452,4787.6,4787.6
115.26,115.26,5200.2,5200.2
121.11,121.11,5436.4,5436.4
122.64,122.64,5559.5,5559.5
111.7,111.7,5027.9,5027.9
103.87,103.87,4700.2,4700.2
97.433,97.433,4788.6,4788.6
77.063,77.063,3928.7,3928.7
127.32,127.32,5782.3,5782.3
74.511,74.511,3452.7,3452.7
100.64,100.64,4777.6,4777.6
64.292,64.292,2893.3,2893.3
113.6,113.6,6061.8,6061.8
122.86,122.86,5925.5,5925.5
118.02,118.02,5370.5,5370.5
105.72,105.72,5307.4,5307.4
128.08,128.08,5986.3,5986.3
128.07,128.07,5898.3,5898.3
103.13,103.13,4708.1,4708.1
93.899,93.899,4321.6,4321.6
129.6,129.6,5938.3,5938.3
111.4,111.4,5084,5084
128.18,128.18,5831.4,5831.4
100.38,100.38,4630.9,4630.9
124.37,124.37,5635.6,5635.6
126.44,126.44,5747.8,5747.8
129.5,129.5,5987.7,5987.7
130.67,130.67,6510.7,6510.7
120.41,120.41,5559,5559
111.81,111.81,5148.5,5148.5
85.532,85.532,3975.1,3975.1
117.92,117.92,5437.2,5437.2
104,104,4879.4,4879.4
122.49,122.49,5719.1,5719.1
111.04,111.04,5374.7,5374.7
86.885,86.885,4027.2,4027.2
95.602,95.602,4452.8,4452.8
112.82,112.82,5130.7,5130.7
127.68,127.68,5933.5,5933.5
123.69,123.69,5680.6,5680.6
63.152,63.152,2926.5,2926.5
118.84,118.84,5532.8,5532.8
93.473,93.473,4370.7,4370.7
128.09,128.09,6230.7,6230.7
38.028,38.028,2134.5,2134.5
1.8478,1.8478,103.71,103.71
0,0,0,0
0,0,0,0
53.676,0,1012,0
308.83,0,5233.7,0
353.76,0,5145.4,0
366.4,0,5301.9,0
404.01,0,5800.2,0
406.9,0,5832.4,0
363.58,0,5236.1,0
259.54,0,3929.2,0
130.41,0,2371.7,0
60.833,0,1025.9,0
56.795,0,1149.2,0
34.54,0,595.79,0
49.779,0,931.96,0
39.522,0,688.69,0
33.843,0,586.01,0
45.507,0,883.08,0
47.034,0,904.67,0
41.528,0,780.25,0
30.477,0,556.29,0
37.042,0,725.64,0
39.219,0,802.93,0
32.099,0,667.6,0
34.238,0,703.94,0
33.522,4.6978,708,138.72
44.581,44.581,1316.4,1316.4
32.976,21.359,708.09,630.7
43.554,26.213,1073.2,803.87
46.07,46.07,1397.2,1397.2
26.33,24.468,705.55,705.55
37.61,0,969.26,0
32.36,0,799.43,0
26.63,0,632.28,0
35.076,0,937.86,0
32.895,0,835.46,0
21.954,10.598,559.95,362.01
60.609,60.609,2070.3,2070.3
31.217,17.499,852.03,597.73
43.517,43.517,1372.6,1372.6
52.5,52.5,1839.9,1839.9
67.049,67.049,2769.7,2769.7
69.409,69.409,3065.5,3065.5
62.731,62.731,2525.1,2525.1
70.458,70.458,3238.7,3238.7
26.788,23.492,760.49,749.52
49.432,49.432,1702.6,1702.6
97.601,97.601,4562.8,4562.8
72.95,72.95,3331.9,3331.9
89.382,57.246,4305,2135.2
54.728,13.672,2635.9,516.02
20.703,18.633,670.62,670.62
46.146,46.146,1680.4,1680.4
74.85,74.85,3118.6,3118.6
69.406,69.406,3474.1,3474.1
83.622,83.622,3643.3,3643.3
86.279,86.279,4027.6,4027.6
90.677,90.677,4449,4449
82.129,82.129,3478.6,3478.6
34.315,34.315,1285.6,1285.6
115.72,115.72,5622.3,5622.3
53.773,53.773,2387.8,2387.8
98.708,98.708,4224,4224
67.438,67.438,3156.2,3156.2
96.944,96.944,4755.7,4755.7
98.851,98.851,4864.1,4864.1
97.888,97.888,4411.5,4411.5
91.563,91.563,4015.1,4015.1
121.47,93.74,5751.5,4592.2
83.696,83.696,3843.7,3843.7
80.887,80.887,3718.5,3718.5
75.741,75.741,3402.7,3402.7
101.16,101.16,4467,4467
99.117,99.117,4771.6,4771.6
101.19,101.19,4584,4584
87.233,87.233,4213.8,4213.8
93.797,93.797,4234.5,4234.5
117.5,117.5,5631.7,5631.7
68.18,68.18,2793.3,2793.3
118.06,118.06,5798.6,5798.6
91.093,91.093,3985,3985
84.505,84.505,4121.7,4121.7
89.364,89.364,4393.5,4393.5
124.14,124.14,5649.2,5649.2
123.42,123.42,5858.3,5858.3
117.29,117.29,5505.8,5505.8
124.37,124.37,5836.2,5836.2
119.03,119.03,5484.6,5484.6
91.607,91.607,3968.1,3968.1
113.6,113.6,5127.3,5127.3
113.52,113.52,5374.5,5374.5
117.99,117.99,5386.6,5386.6
126.69,126.69,6150.9,6150.9
74.221,74.221,3689.4,3689.4
121.76,121.76,5657.8,5657.8
109.94,109.94,5414.9,5414.9
119.48,119.48,5453.4,5453.4
86.036,86.036,3736.2,3736.2
116.03,116.03,5375.9,5375.9
87.729,87.729,3829.2,3829.2
109.87,109.87,5113.7,5113.7
124.62,124.62,5971.9,5971.9
99.025,99.025,4989,4989
127.99,127.99,5992.3,5992.3
82.02,82.02,4190.7,4190.7
119.71,119.71,5786.2,5786.2
99.155,99.155,4687.3,4687.3
107.75,107.75,4781.3,4781.3
64.091,64.091,3296.5,3296.5
112.3,112.3,5776.4,5776.4
64.236,64.236,3089.1,3089.1
90.878,90.878,4059.4,4059.4
97.074,97.074,5154.1,5154.1
128.45,128.45,6068.5,6068.5
89.144,89.144,4367.4,4367.4
126.98,126.98,5786.4,5786.4
107.75,107.75,5484,5484
101.73,101.73,4975.7,4975.7
129.21,129.21,5892,5892
120.96,120.96,5684.1,5684.1
126.93,126.93,5767.4,5767.4
123.47,123.47,5900.6,5900.6
119.77,119.77,6485.8,6485.8
122.49,122.49,5638.5,5638.5
114.49,114.49,5609.4,5609.4
110.4,110.4,4990.1,4990.1
129.84,129.84,6457.2,6457.2
96.058,96.058,4578,4578
126.43,126.43,5777.2,5777.2
93.692,93.692,4446.2,4446.2
122.87,122.87,5632,5632
126.21,126.21,5728.7,5728.7
126.68,126.68,5804.8,5804.8
92.222,92.222,4235.5,4235.5
83.99,83.99,3764.2,3764.2
125.18,125.18,6139.5,6139.5
120.2,120.2,5478.2,5478.2
93.079,93.079,4247.2,4247.2
105,105,5265,5265
114.57,114.57,5279.7,5279.7
110.97,110.97,4981.4,4981.4
114.58,114.58,5193.9,5193.9
106.54,106.54,4777.9,4777.9
90.504,90.504,4168.2,4168.2
89.263,89.263,4330.9,4330.9
76.705,76.705,3910.4,3910.4
128.14,128.14,5819.4,5819.4
87.889,87.889,4072.6,4072.6
88.1,88.1,4182.3,4182.3
65.916,65.916,3089.9,3089.9
111.28,111.28,5938.1,5938.1
126.38,126.38,6152.4,6152.4
115.6,115.6,5393.2,5393.2
110.85,110.85,5689.6,5689.6
128.59,128.59,5901.4,5901.4
129.91,129.91,5983.2,5983.2
89.52,89.52,4086.6,4086.6
98.528,98.528,4534.6,4534.6
126.01,126.01,5773.8,5773.8
104.09,104.09,4814.7,4814.7
128.8,128.8,5859.5,5859.5
95.861,95.861,4422.3,4422.3
123.43,123.43,5593,5593
121.91,121.91,5542.1,5542.1
129.49,129.49,6113.7,6113.7
129.35,129.35,6445.1,6445.1
116.15,116.15,5366.6,5366.6
100.09,100.09,4608.4,4608.4
94.04,94.04,4370.5,4370.5
125.32,125.32,5778.3,5778.3
99.414,99.414,4664.2,4664.2
125.68,125.68,5867.9,5867.9
118.12,118.12,5483.1,5483.1
93.193,93.193,4319.5,4319.5
99.735,99.735,4645.3,4645.3
101.52,101.52,4698.4,4698.4
129.22,129.22,5965.1,5965.1
116.02,116.02,5328.1,5328.1
60.602,60.602,2859.9,2859.9
109.55,109.55,5100.5,5100.5
102.48,102.48,4908.9,4908.9
126.39,126.39,5931.1,5931.1
31.387,31.387,1667.9,1667.9
0,0,0,0
0,0,0,0
0,0,0,0
48.707,0,851.67,0
279.39,0,4749.3,0
318.7,0,4635.5,0
333.37,0,4822.5,0
388.85,0,5582.5,0
402.99,0,5776.9,0
338.66,0,4877.1,0
218.04,0,3300.9,0
102.78,0,1869.2,0
42.982,0,724.88,0
40.572,0,820.91,0
23.656,0,408.05,0
35.078,0,656.72,0
27.092,0,472.09,0
22.758,0,394.08,0
31.979,0,620.56,0
32.99,0,634.53,0
28.7,0,539.24,0
20.811,0,379.87,0
25.596,0,501.42,0
27.1,0,554.82,0
22.269,0,463.16,0
23.684,0,486.96,0
23.118,3.4294,488.26,101.27
32.544,32.544,961,961
22.592,15.592,485.11,460.41
30.922,19.363,761.9,593.79
33.833,33.833,1032.1,1032.1
17.968,17.968,518.13,518.13
26.65,0,686.8,0
22.508,0,556.05,0
18.108,0,429.95,0
24.782,0,662.62,0
22.858,0,580.54,0
15.143,8.0711,386.25,275.69
46.158,46.158,1576.6,1576.6
21.969,13.327,599.6,455.21
31.521,31.521,994.21,994.21
39.298,39.298,1377.2,1377.2
53.837,53.837,2223.9,2223.9
58.124,58.124,2567.1,2567.1
48.514,48.514,2133,2133
59.519,59.519,2735.8,2735.8
18.425,16.904,539.34,539.34
36.813,36.813,1268,1268
84.887,84.887,3968.5,3968.5
62.691,62.691,2863.3,2863.3
80.076,43.593,3856.8,1625.9
49.03,10.335,2361.5,390.06
14.177,13.754,495.03,495.03
35.413,35.413,1289.6,1289.6
61.278,61.278,2553.1,2553.1
80.413,80.413,4025.1,4025.1
69.373,69.373,3022.5,3022.5
75.729,75.729,3535.1,3535.1
83.178,83.178,4081,4081
66.91,66.91,3074.2,3074.2
24.819,24.819,1013.2,1013.2
107.97,107.97,5245.8,5245.8
45.108,45.108,2003,2003
84.994,84.994,3637.2,3637.2
55.556,55.556,2600.1,2600.1
86.198,86.198,4228.5,4228.5
84.773,84.773,4171.4,4171.4
85.94,85.94,3886.1,3886.1
80.439,80.439,3527.3,3527.3
115.95,95.053,5490.1,4656.6
77.119,77.119,3545.2,3545.2
74.606,74.606,3429.7,3429.7
67.952,67.952,3052.8,3052.8
86.919,86.919,3838.1,3838.1
100.93,100.93,5125.6,5125.6
87.034,87.034,3942.8,3942.8
91.565,91.565,4423.1,4423.1
86.406,86.406,3900.8,3900.8
121.4,121.4,5818.6,5818.6
54.86,54.86,2247.5,2247.5
119.29,119.29,5859.3,5859.3
80.139,80.139,3693.4,3693.4
79.777,79.777,3922.2,3922.2
85.037,85.037,4180.8,4180.8
118.15,118.15,5376.6,5376.6
120.91,120.91,5760,5760
118.7,118.7,5572.4,5572.4
119.1,119.1,5588.6,5588.6
108.45,108.45,4997.4,4997.4
78.202,78.202,3387.4,3387.4
107.84,107.84,4965.9,4965.9
120.39,120.39,5699.6,5699.6
114.6,114.6,5232,5232
120.74,120.74,5862,5862
74.925,74.925,3724.3,3724.3
124.49,124.49,5784.9,5784.9
108.83,108.83,5360.2,5360.2
114.62,114.62,5231.8,5231.8
71.587,71.587,3108.7,3108.7
117.07,117.07,5424.1,5424.1
73.682,73.682,3216.1,3216.1
111.31,111.31,5560.3,5560.3
116.38,116.38,5577.3,5577.3
110.06,110.06,5545,5545
127.31,127.31,5960.8,5960.8
68.758,68.758,3513.1,3513.1
116.73,116.73,5783.4,5783.4
98.897,98.897,4675.1,4675.1
94.682,94.682,4201.5,4201.5
70.694,70.694,3349.8,3349.8
108.35,108.35,5573,5573
75.823,75.823,3735.8,3735.8
82.851,82.851,3700.9,3700.9
82.783,82.783,4395.4,4395.4
129.13,129.13,6100.3,6100.3
101.56,101.56,4975.5,4975.5
125.33,125.33,5711.2,5711.2
117.38,117.38,5974.3,5974.3
109.21,109.21,5524.4,5524.4
127.65,127.65,5820.9,5820.9
123.58,123.58,5807,5807
125.4,125.4,5893.2,5893.2
116.65,116.65,5574.6,5574.6
125.9,125.9,6818,6818
127.5,127.5,5868.7,5868.7
105.97,105.97,5211.2,5211.2
113.51,113.51,5262.5,5262.5
128.8,128.8,6405.5,6405.5
82.534,82.534,3895.8,3895.8
127.96,127.96,5847,5847
102.28,102.28,4853.9,4853.9
114.18,114.18,5233.6,5233.6
121.49,121.49,5514.9,5514.9
129.29,129.29,5924.3,5924.3
102.47,102.47,4706,4706
71.989,71.989,3226.3,3226.3
128.75,128.75,6314.8,6314.8
113.96,113.96,5193.5,5193.5
96.901,96.901,4421.6,4421.6
110.77,110.77,5610.1,5610.1
122.7,122.7,5654.2,5654.2
103.42,103.42,4718.6,4718.6
105.85,105.85,4900.8,4900.8
98.466,98.466,4415.6,4415.6
102.01,102.01,4758.7,4758.7
101.97,101.97,4724.7,4724.7
73.978,73.978,3771.4,3771.4
124.96,124.96,5675,5675
100.45,100.45,4654.6,4654.6
74.728,74.728,3547.5,3547.5
78.687,78.687,3688.5,3688.5
105.62,105.62,5636.3,5636.3
125.97,125.97,6189.6,6189.6
123.44,123.44,5758.9,5758.9
115.14,115.14,5909.9,5909.9
125.09,125.09,5689.3,5689.3
127.69,127.69,5880.9,5880.9
78.509,78.509,3613.3,3613.3
102.87,102.87,4740.2,4740.2
118.72,118.72,5439.5,5439.5
114.82,114.82,5311,5311
127.35,127.35,5911.6,5911.6
88.702,88.702,4092,4092
118.69,118.69,5378.3,5378.3
113.9,113.9,5177.9,5177.9
128.11,128.11,6048.6,6048.6
124.07,124.07,6182.1,6182.1
108.56,108.56,5056.4,5056.4
92.854,92.854,4366.7,4366.7
100.18,100.18,4656,4656
129.04,129.04,5950.1,5950.1
92.079,92.079,4320,4320
124.95,124.95,5833.7,5833.7
121.76,121.76,5652,5652
96.854,96.854,4489.2,4489.2
100.82,100.82,4695.7,4695.7
112.07,112.07,5186.8,5186.8
126.71,126.71,5849.6,5849.6
116.03,116.03,5410.8,5410.8
65.956,65.956,3112.5,3112.5
106.77,106.77,4981.4,4981.4
113.53,113.53,5438.4,5438.4
120.84,120.84,5594.2,5594.2
34.562,34.562,1610.4,1610.4
0,0,0,0
0,0,0,0
0,0,0,0
42.826,0,748.84,0
244.91,0,4175.8,0
278.21,0,4046.4,0
294.17,0,4255.1,0
362.63,0,5206.1,0
388.7,0,5572.1,0
305.64,0,4401.7,0
177.49,0,2687,0
78.487,0,1427.4,0
29.427,0,496.28,0
28.083,0,568.22,0
15.699,0,270.79,0
23.951,0,448.4,0
17.995,0,313.56,0
14.829,0,256.78,0
21.774,0,422.54,0
22.42,0,431.24,0
19.219,0,361.1,0
13.77,0,251.34,0
17.138,0,335.73,0
18.144,0,371.47,0
14.97,0,311.35,0
15.875,0,326.4,0
15.448,2.4258,326.26,71.631
23.02,23.02,679.75,679.75
14.997,11.029,325.67,325.67
21.272,13.859,524.12,425
24.089,24.089,738.71,738.71
12.786,12.786,368.69,368.69
18.297,0,471.54,0
15.17,0,374.75,0
11.931,0,283.29,0
16.965,0,453.63,0
15.39,0,390.88,0
10.121,5.9559,258.16,203.44
34.061,34.061,1163.4,1163.4
14.98,9.8341,408.86,335.91
22.123,22.123,697.79,697.79
28.503,28.503,998.91,998.91
41.886,41.886,1730.3,1730.3
47.162,47.162,2082.9,2082.9
37.983,37.983,1745.9,1745.9
48.716,48.716,2239.3,2239.3
12.28,11.786,376.05,376.05
26.564,26.564,914.99,914.99
71.538,71.538,3344.4,3344.4
52.202,52.202,2384.2,2384.2
69.512,32.166,3348,1199.7
42.562,7.5693,2050,285.69
9.8378,9.8378,354.07,354.07
26.333,26.333,958.92,958.92
48.609,48.609,2025.3,2025.3
90.273,90.273,4518.6,4518.6
55.765,55.765,2429.6,2429.6
64.405,64.405,3006.5,3006.5
73.93,73.93,3627.3,3627.3
55.69,55.69,2732.4,2732.4
18.671,18.671,804.19,804.19
97.61,97.61,4742.4,4742.4
36.665,36.665,1628.1,1628.1
70.914,70.914,3034.6,3034.6
44.346,44.346,2075.5,2075.5
74.264,74.264,3643.1,3643.1
70.444,70.444,3466.3,3466.3
73.107,73.107,3351.6,3351.6
68.472,68.472,3002.5,3002.5
107.24,93.392,5077.9,4575.2
68.921,68.921,3333.3,3333.3
66.675,66.675,3065.1,3065.1
59.071,59.071,2653.8,2653.8
72.363,72.363,3195.4,3195.4
105.1,105.1,5337.1,5337.1
72.535,72.535,3286,3286
93.129,93.129,4498.6,4498.6
77.126,77.126,3582.7,3582.7
121.54,121.54,5825,5825
42.771,42.771,1752.3,1752.3
116.8,116.8,5736.8,5736.8
75.987,75.987,3595.9,3595.9
73.557,73.557,3616.4,3616.4
78.407,78.407,3854.8,3854.8
108.96,108.96,4958.3,4958.3
123.23,123.23,5870.3,5870.3
116.41,116.41,5464.7,5464.7
110.5,110.5,5185.4,5185.4
95.753,95.753,4412.2,4412.2
64.685,64.685,2801.9,2801.9
101.79,101.79,4687.1,4687.1
123.71,123.71,5856.6,5856.6
107.86,107.86,4924,4924
123.31,123.31,5836.8,5836.8
73.286,73.286,3642.9,3642.9
123.34,123.34,5731.2,5731.2
104.39,104.39,5141.3,5141.3
106.55,106.55,4863.4,4863.4
57.715,57.715,2506.3,2506.3
114.45,114.45,5302.8,5302.8
61.387,61.387,2832.2,2832.2
117.27,117.27,5858,5858
113.29,113.29,5214.9,5214.9
118.53,118.53,5971.6,5971.6
122.71,122.71,5745.3,5745.3
68.104,68.104,3205.9,3205.9
117.94,117.94,5843.1,5843.1
95.577,95.577,4518.2,4518.2
80.618,80.618,3577.4,3577.4
83.66,83.66,3964.1,3964.1
112.21,112.21,5235.5,5235.5
88.849,88.849,4377.6,4377.6
79.139,79.139,3727.7,3727.7
68.405,68.405,3632,3632
125.78,125.78,5942,5942
112.11,112.11,5492.3,5492.3
119.86,119.86,5461.9,5461.9
123.9,123.9,6306.4,6306.4
115.53,115.53,5943.3,5943.3
122.2,122.2,5572.2,5572.2
122.33,122.33,5748.3,5748.3
124.16,124.16,5941.5,5941.5
106.78,106.78,5103,5103
128.24,128.24,6944.6,6944.6
128.58,128.58,5918.7,5918.7
106.8,106.8,5252.3,5252.3
120.77,120.77,5599.1,5599.1
123.8,123.8,6156.9,6156.9
83.169,83.169,4119,4119
125.48,125.48,5733.8,5733.8
108.19,108.19,5134.4,5134.4
102.81,102.81,4712.4,4712.4
113.33,113.33,5144.2,5144.2
127.85,127.85,5859.1,5859.1
110.31,110.31,5066.5,5066.5
59.786,59.786,2679.4,2679.4
128.32,128.32,6293.4,6293.4
104.68,104.68,4770.8,4770.8
97.748,97.748,4460.2,4460.2
113.21,113.21,5792.3,5792.3
127.32,127.32,5867.3,5867.3
106.71,106.71,4868.9,4868.9
105.29,105.29,4874.8,4874.8
88.176,88.176,3958.6,3958.6
112.84,112.84,5264.1,5264.1
112.88,112.88,5229.9,5229.9
73.925,73.925,3524.4,3524.4
118.08,118.08,5362.4,5362.4
111.24,111.24,5154.6,5154.6
61.417,61.417,2915.6,2915.6
91.015,91.015,4266.4,4266.4
97.141,97.141,5183.7,5183.7
121.66,121.66,6033.7,6033.7
127.72,127.72,5958.5,5958.5
115.89,115.89,5948.1,5948.1
117.91,117.91,5362.8,5362.8
121.61,121.61,5600.8,5600.8
91.789,91.789,4223.9,4223.9
107.2,107.2,4939.5,4939.5
108.37,108.37,4965.5,4965.5
122.73,122.73,5676.6,5676.6
129.53,129.53,6012.9,6012.9
79.528,79.528,3668.9,3668.9
110.59,110.59,5011.2,5011.2
103.11,103.11,4687.4,4687.4
122.81,122.81,5798.4,5798.4
115.32,115.32,5745.6,5745.6
98.31,98.31,4616.1,4616.1
103.7,103.7,4876.9,4876.9
103.42,103.42,4806.2,4806.2
128.75,128.75,5936.8,5936.8
82.636,82.636,3877,3877
120.36,120.36,5619.7,5619.7
121.62,121.62,5645.2,5645.2
97.534,97.534,4587.6,4587.6
98.744,98.744,4599.2,4599.2
119.88,119.88,5548.2,5548.2
122.18,122.18,5622.4,5622.4
115.12,115.12,5368.1,5368.1
69.555,69.555,3282.4,3282.4
113.02,113.02,5273,5273
121.87,121.87,5837.9,5837.9
121.17,121.17,5646.1,5646.1
36.877,36.877,1718.3,1718.3
0,0,0,0
0,0,0,0
0,0,0,0
36.486,0,637.99,0
208.02,0,3557.7,0
235.31,0,3422.6,0
251.53,0,3638.2,0
327.69,0,4704.4,0
363.27,0,5207.6,0
267.29,0,3849.3,0
139.99,0,2119.3,0
58.074,0,1056.2,0
19.521,0,329.22,0
18.835,0,381.1,0
10.095,0,174.13,0
15.846,0,296.66,0
11.581,0,201.8,0
9.3627,0,162.12,0
14.366,0,278.77,0
14.764,0,283.98,0
12.471,0,234.3,0
8.8281,0,161.14,0
11.118,0,217.81,0
11.771,0,240.99,0
9.751,0,202.8,0
10.31,0,211.98,0
10.002,0,211.25,0
15.777,15.777,465.88,465.88
9.6463,7.5588,223.2,223.2
14.179,9.6112,349.36,294.74
16.706,16.706,512.3,512.3
8.8155,8.8155,254.2,254.2
12.173,0,313.7,0
9.9063,0,244.73,0
7.6172,0,180.86,0
11.254,0,300.91,0
10.04,0,255.01,0
6.5549,4.2585,167.19,145.46
24.354,24.354,831.87,831.87
9.8975,7.0315,270.14,240.18
15.045,15.045,474.54,474.54
20.031,20.031,702.01,702.01
31.576,31.576,1304.4,1304.4
37.079,37.079,1637.6,1637.6
30.124,30.124,1384.7,1384.7
38.637,38.637,1776,1776
7.9628,7.9628,254.06,254.06
18.574,18.574,639.75,639.75
58.416,58.416,2730.9,2730.9
42.118,42.118,1923.7,1923.7
58.468,22.997,2816.1,857.74
35.8,5.3718,1724.3,202.75
6.818,6.818,245.38,245.38
18.973,18.973,690.9,690.9
37.362,37.362,1556.7,1556.7
98.196,98.196,4915.2,4915.2
49.501,49.501,2477.8,2477.8
53.074,53.074,2477.6,2477.6
63.67,63.67,3123.9,3123.9
47.961,47.961,2353.2,2353.2
14.359,14.359,661.4,661.4
85.504,85.504,4154.3,4154.3
28.877,28.877,1317.4,1317.4
57.329,57.329,2453.3,2453.3
34.299,34.299,1605.2,1605.2
61.996,61.996,3041.3,3041.3
56.718,56.718,2790.9,2790.9
60.3,60.3,2801,2801
56.476,56.476,2476.5,2476.5
96.111,88.911,4550.9,4355.7
64.777,64.777,3173.3,3173.3
57.738,57.738,2654.3,2654.3
49.757,49.757,2235.3,2235.3
58.375,58.375,2577.7,2577.7
106.04,106.04,5384.8,5384.8
58.575,58.575,2841.5,2841.5
91.778,91.778,4433.4,4433.4
73.092,73.092,3530.7,3530.7
117.89,117.89,5650.3,5650.3
32.311,32.311,1513.8,1513.8
110.8,110.8,5442.4,5442.4
71.683,71.683,3392.2,3392.2
65.717,65.717,3230.9,3230.9
70.05,70.05,3443.9,3443.9
98.348,98.348,4877.7,4877.7
121.69,121.69,5796.9,5796.9
111.22,111.22,5291.6,5291.6
99.349,99.349,4661.9,4661.9
81.914,81.914,3774.5,3774.5
51.844,51.844,2245.7,2245.7
93.09,93.09,4286.7,4286.7
123.17,123.17,5831.1,5831.1
98.354,98.354,4490.2,4490.2
124.09,124.09,5873.4,5873.4
69.457,69.457,3452.6,3452.6
118.4,118.4,5501.7,5501.7
97.013,97.013,4778.2,4778.2
97.048,97.048,4640.7,4640.7
57.482,57.482,2850.1,2850.1
108.42,108.42,5023.3,5023.3
57.822,57.822,2667.8,2667.8
119.71,119.71,5980.1,5980.1
106.89,106.89,4920.2,4920.2
123.68,123.68,6231.3,6231.3
114.61,114.61,5365.7,5365.7
73.233,73.233,3487.7,3487.7
115.45,115.45,5720.1,5720.1
101.73,101.73,4795.2,4795.2
69.894,69.894,3304,3304
95.93,95.93,4545.6,4545.6
119.63,119.63,5582.1,5582.1
100.88,100.88,4970.4,4970.4
87.676,87.676,4129.9,4129.9
66.54,66.54,3143.3,3143.3
118.71,118.71,5608,5608
119.91,119.91,5874.6,5874.6
111.07,111.07,5061.4,5061.4
126.73,126.73,6450.2,6450.2
120.43,120.43,6195.4,6195.4
115.69,115.69,5371.5,5371.5
117.34,117.34,5513.6,5513.6
119.11,119.11,6408.1,6408.1
94.711,94.711,4526.3,4526.3
126.57,126.57,6853.9,6853.9
125.65,125.65,5783.8,5783.8
104.3,104.3,5129.4,5129.4
124.51,124.51,5772.3,5772.3
115.3,115.3,5734.3,5734.3
93.505,93.505,4630.9,4630.9
119.23,119.23,5538.7,5538.7
110.89,110.89,5262.5,5262.5
89.699,89.699,4111.4,4111.4
102.43,102.43,4649.5,4649.5
123.76,123.76,5671.6,5671.6
115.08,115.08,5285.2,5285.2
48.111,48.111,2156.2,2156.2
123.91,123.91,6077.4,6077.4
93.177,93.177,4246.5,4246.5
95.541,95.541,4359.5,4359.5
112.84,112.84,5794.8,5794.8
128.02,128.02,5899.4,5899.4
106.69,106.69,4868.1,4868.1
101.48,101.48,4698.5,4698.5
89.792,89.792,4144.1,4144.1
120.95,120.95,5642.4,5642.4
121.07,121.07,5609.4,5609.4
86.325,86.325,4036.3,4036.3
108.11,108.11,4909.6,4909.6
119.37,119.37,5531.2,5531.2
48.91,48.91,2321.9,2321.9
102.01,102.01,4781.7,4781.7
104.72,104.72,5563.6,5563.6
113.85,113.85,5699.1,5699.1
128.04,128.04,5973.6,5973.6
113.01,113.01,5800.8,5800.8
107.69,107.69,4898,4898
112.22,112.22,5168.5,5168.5
104.39,104.39,4803.9,4803.9
108.24,108.24,4987.4,4987.4
95.856,95.856,4392.1,4392.1
127.1,127.1,5879,5879
127.66,127.66,5926,5926
79.923,79.923,3659.4,3659.4
99.847,99.847,4524.3,4524.3
90.444,90.444,4111.6,4111.6
114.07,114.07,5385.9,5385.9
103.85,103.85,5174.2,5174.2
97.822,97.822,4563.7,4563.7
112.22,112.22,5277.6,5277.6
103.44,103.44,4807.3,4807.3
124.48,124.48,5739.6,5739.6
79.025,79.025,3667.9,3667.9
112.35,112.35,5245.4,5245.4
117.7,117.7,5463.4,5463.4
102.52,102.52,4833.5,4833.5
93.713,93.713,4364.8,4364.8
124.26,124.26,5750.6,5750.6
126.63,126.63,5827.4,5827.4
122.13,122.13,5669.8,5669.8
71.84,71.84,3354,3354
115.93,115.93,5408.5,5408.5
126.76,126.76,6072.3,6072.3
125.27,125.27,5837.2,5837.2
38.126,38.126,1776.5,1776.5
0,0,0,0
0,0,0,0
0,0,0,0
30.12,0,526.66,0
171.2,0,2936.9,0
192.86,0,2805,0
208.39,0,3014.2,0
286.91,0,4119.1,0
328.97,0,4715.9,0
226.48,0,3261.7,0
106.99,0,1619.7,0
41.637,0,757.22,0
12.548,0,211.61,0
12.24,0,247.66,0
6.2897,0,108.49,0
10.158,0,190.17,0
7.2218,0,125.84,0
5.7277,0,99.18,0
9.1836,0,178.21,0
9.4207,0,181.2,0
7.8404,0,147.31,0
5.4841,0,100.1,0
6.9892,0,136.92,0
7.3993,0,151.49,0
6.1542,0,128,0
6.4883,0,133.4,0
6.2748,0,132.53,0
10.478,10.478,309.39,309.39
6.012,5.0198,148.23,148.23
9.1576,6.4585,225.64,198.06
11.226,11.226,344.26,344.26
5.8893,5.8893,169.82,169.82
7.8465,0,202.21,0
6.2683,0,154.85,0
4.7121,0,111.88,0
7.2332,0,193.4,0
6.347,0,161.2,0
4.1133,2.9503,104.91,100.78
16.873,16.873,576.33,576.33
6.3364,4.8715,172.94,166.4
9.9138,9.9138,312.69,312.69
13.641,13.641,478.04,478.04
23.065,23.065,952.79,952.79
28.247,28.247,1247.5,1247.5
23.149,23.149,1064.1,1064.1
29.691,29.691,1364.8,1364.8
5.2126,5.2126,166.31,166.31
12.583,12.583,433.42,433.42
46.219,46.219,2160.8,2160.8
32.927,32.927,1503.9,1503.9
47.652,15.931,2295.1,594.2
29.177,3.694,1405.3,139.42
4.5784,4.5784,164.78,164.78
13.246,13.246,482.34,482.34
27.826,27.826,1159.4,1159.4
103.5,103.5,5180.6,5180.6
52.174,52.174,2611.6,2611.6
42.378,42.378,1978.3,1978.3
53.132,53.132,2606.9,2606.9
40.023,40.023,1963.7,1963.7
11.554,11.554,561.38,561.38
72.575,72.575,3526.1,3526.1
23.014,23.014,1118.2,1118.2
44.907,44.907,1921.7,1921.7
25.705,25.705,1203,1203
50.148,50.148,2460,2460
44.25,44.25,2177.4,2177.4
48.828,48.828,2268.1,2268.1
45.136,45.136,1979.2,1979.2
89.873,89.873,4393.4,4393.4
59.754,59.754,2927.3,2927.3
48.446,48.446,2227.1,2227.1
40.61,40.61,1824.4,1824.4
45.629,45.629,2018.8,2018.8
103.66,103.66,5264.2,5264.2
54.702,54.702,2777.9,2777.9
87.639,87.639,4233.4,4233.4
69.795,69.795,3371.5,3371.5
110.81,110.81,5310.7,5310.7
29.687,29.687,1422.8,1422.8
101.86,101.86,5002.9,5002.9
65.523,65.523,3100.7,3100.7
56.889,56.889,2796.9,2796.9
60.64,60.64,2981.3,2981.3
104.11,104.11,5163.4,5163.4
116.43,116.43,5546.7,5546.7
107.7,107.7,5124.1,5124.1
86.545,86.545,4061.1,4061.1
67.899,67.899,3128.7,3128.7
40.261,40.261,1744,1744
82.493,82.493,3798.7,3798.7
118.82,118.82,5625.5,5625.5
86.905,86.905,3967.5,3967.5
120.99,120.99,5726.8,5726.8
63.785,63.785,3170.6,3170.6
110.13,110.13,5117.4,5117.4
87.362,87.362,4302.8,4302.8
105.07,105.07,5024.1,5024.1
63.818,63.818,3164.2,3164.2
99.515,99.515,4610.8,4610.8
52.773,52.773,2434.8,2434.8
118.41,118.41,5915.3,5915.3
97.715,97.715,4498,4498
125.05,125.05,6300.4,6300.4
104.51,104.51,4857.4,4857.4
84.791,84.791,4038.1,4038.1
109.51,109.51,5425.8,5425.8
108.68,108.68,5122.5,5122.5
63.418,63.418,2997.9,2997.9
106.58,106.58,5050.4,5050.4
123.59,123.59,5766.8,5766.8
110.99,110.99,5468.3,5468.3
94.119,94.119,4433.4,4433.4
74.164,74.164,3503.4,3503.4
120.15,120.15,5833.1,5833.1
124.27,124.27,6088.4,6088.4
99.726,99.726,4544.6,4544.6
125.6,125.6,6392.5,6392.5
121.64,121.64,6257.6,6257.6
117.41,117.41,5451.6,5451.6
113.11,113.11,5325.6,5325.6
112.57,112.57,6696.7,6696.7
84.016,84.016,3962.8,3962.8
121.04,121.04,6554.5,6554.5
118.97,118.97,5476.5,5476.5
105.68,105.68,5248.4,5248.4
124.37,124.37,5766.1,5766.1
104.05,104.05,5174.8,5174.8
101.86,101.86,5044.8,5044.8
113.68,113.68,5702.9,5702.9
110.13,110.13,5226.4,5226.4
75.829,75.829,3475.7,3475.7
89.703,89.703,4071.8,4071.8
126.52,126.52,5864.4,5864.4
116.32,116.32,5342.1,5342.1
37.513,37.513,1681.2,1681.2
115.94,115.94,5686.5,5686.5
80.361,80.361,3662.4,3662.4
90.485,90.485,4383.1,4383.1
110.94,110.94,5617.2,5617.2
124.73,124.73,5747.5,5747.5
103.36,103.36,4716.2,4716.2
99.301,99.301,4777.9,4777.9
94.533,94.533,4362.9,4362.9
125.62,125.62,5860.1,5860.1
125.82,125.82,5829.7,5829.7
97.675,97.675,4567,4567
95.906,95.906,4355.5,4355.5
124.11,124.11,5750.9,5750.9
48.594,48.594,2274.8,2274.8
110.78,110.78,5192.8,5192.8
113.38,113.38,6023.9,6023.9
103.23,103.23,5215.9,5215.9
124.81,124.81,5887.7,5887.7
106.79,106.79,5481.4,5481.4
95.308,95.308,4334.7,4334.7
100.35,100.35,4621.4,4621.4
115.04,115.04,5293.9,5293.9
105.89,105.89,4879.4,4879.4
82.154,82.154,3764.2,3764.2
127.55,127.55,5899.6,5899.6
121.91,121.91,5659,5659
86.701,86.701,3969.8,3969.8
87.346,87.346,4139.2,4139.2
83.078,83.078,3914.5,3914.5
102.67,102.67,4847.4,4847.4
90.616,90.616,4515,4515
101.88,101.88,4753.2,4753.2
117.67,117.67,5533.8,5533.8
100.25,100.25,4659,4659
116.61,116.61,5376.7,5376.7
77.327,77.327,3589.1,3589.1
101.61,101.61,4744,4744
110.37,110.37,5123.3,5123.3
104.66,104.66,4934.5,4934.5
86.176,86.176,4013.8,4013.8
124.79,124.79,5775.2,5775.2
127.18,127.18,5852.3,5852.3
126.06,126.06,5852.6,5852.6
85.031,85.031,3969.4,3969.4
115.21,115.21,5375.1,5375.1
127.76,127.76,6119.9,6119.9
125.49,125.49,5847.5,5847.5
38.193,38.193,1779.6,1779.6
0,0,0,0
0,0,0,0
0,0,0,0
24.092,0,421.27,0
136.53,0,2349.1,0
153.15,0,2227.5,0
167.28,0,2419.7,0
243.41,0,3494.6,0
288.66,0,4138,0
185.95,0,2678,0
79.252,0,1199.4,0
28.925,0,526.03,0
7.8149,0,131.8,0
7.7076,0,155.95,0
0,0,0,0
6.3095,0,118.13,0
4.3637,0,76.039,0
0,0,0,0
5.6886,0,110.39,0
5.8245,0,112.03,0
4.7763,0,89.74,0
0,0,0,0
4.2571,0,83.396,0
4.5068,0,92.268,0
3.7636,0,78.276,0
3.9563,0,81.343,0
3.8144,0,80.563,0
6.742,6.742,199.09,199.09
3.6306,3.2301,95.382,95.382
5.7309,4.2053,141.21,128.96
7.3094,7.3094,224.15,224.15
3.8123,3.8123,109.93,109.93
4.9009,0,126.3,0
3.8432,0,94.943,0
0,0,0,0
4.5047,0,120.45,0
3.8876,0,98.737,0
0,0,0,0
11.327,11.327,386.89,386.89
3.9306,3.2702,111.7,111.7
6.3298,6.3298,199.65,199.65
9.0003,9.0003,315.42,315.42
16.325,16.325,674.37,674.37
20.85,20.85,920.88,920.88
17.237,17.237,792.32,792.32
22.108,22.108,1016.2,1016.2
3.3063,3.3063,105.49,105.49
8.2603,8.2603,284.52,284.52
35.434,35.434,1656.6,1656.6
24.943,24.943,1139.2,1139.2
37.631,10.694,1812.5,398.85
23.041,2.4613,1109.8,92.896
2.979,2.979,107.22,107.22
8.96,8.96,326.28,326.28
20.081,20.081,836.64,836.64
105.7,105.7,5290.8,5290.8
53.283,53.283,2667.1,2667.1
32.788,32.788,1530.6,1530.6
42.961,42.961,2107.8,2107.8
32.361,32.361,1587.8,1587.8
9.5028,9.5028,461.7,461.7
59.688,59.688,2900,2900
18.928,18.928,919.61,919.61
34.085,34.085,1458.6,1458.6
18.666,18.666,873.58,873.58
39.304,39.304,1928.1,1928.1
33.45,33.45,1646,1646
38.311,38.311,1779.5,1779.5
34.952,34.952,1532.7,1532.7
98.713,98.713,4825.5,4825.5
53.409,53.409,2616.5,2616.5
39.387,39.387,1810.7,1810.7
32.115,32.115,1442.8,1442.8
34.765,34.765,1659.7,1659.7
98.194,98.194,4986.6,4986.6
51.817,51.817,2631.4,2631.4
81.088,81.088,3917,3917
64.578,64.578,3119.5,3119.5
100.91,100.91,4836.5,4836.5
27.036,27.036,1295.8,1295.8
90.722,90.722,4456.1,4456.1
58.034,58.034,2746.3,2746.3
47.718,47.718,2346,2346
50.864,50.864,2500.7,2500.7
106.78,106.78,5296.1,5296.1
107.95,107.95,5142.6,5142.6
101.05,101.05,4807.8,4807.8
73.051,73.051,3427.9,3427.9
54.535,54.535,2512.9,2512.9
30.296,30.296,1312.3,1312.3
70.833,70.833,3261.8,3261.8
115.27,115.27,5553.3,5553.3
74.405,74.405,3396.8,3396.8
114.31,114.31,5410.5,5410.5
56.757,56.757,2821.3,2821.3
99.255,99.255,4612.1,4612.1
78.175,78.175,3754.5,3754.5
110.21,110.21,5270.3,5270.3
68.654,68.654,3404,3404
88.507,88.507,4100.7,4100.7
46.67,46.67,2153.2,2153.2
116.68,116.68,5669.4,5669.4
102.12,102.12,4870.5,4870.5
122.52,122.52,6172.6,6172.6
98.594,98.594,4717.9,4717.9
95.125,95.125,4530.2,4530.2
100.65,100.65,4986.9,4986.9
112.49,112.49,5302.3,5302.3
55.756,55.756,2635.7,2635.7
114.75,114.75,5437.1,5437.1
123.72,123.72,5772.7,5772.7
118.31,118.31,5829.2,5829.2
97.899,97.899,4611.4,4611.4
80.095,80.095,3783.6,3783.6
124.29,124.29,6034.5,6034.5
124.79,124.79,6114,6114
86.763,86.763,3953.8,3953.8
120.61,120.61,6138.6,6138.6
119.05,119.05,6124.2,6124.2
115.47,115.47,5361.2,5361.2
120.81,120.81,5688.1,5688.1
113.98,113.98,6781,6781
74.155,74.155,3497.7,3497.7
112.15,112.15,6073.4,6073.4
109.16,109.16,5024.5,5024.5
108.14,108.14,5370.4,5370.4
120.38,120.38,5581.1,5581.1
90.987,90.987,4524.9,4524.9
107.52,107.52,5325,5325
113.3,113.3,5689.6,5689.6
105.98,105.98,5029.3,5029.3
74.88,74.88,3484.4,3484.4
76.12,76.12,3455.2,3455.2
127.27,127.27,5898.9,5898.9
113.92,113.92,5232,5232
28.342,28.342,1270.2,1270.2
105.12,105.12,5155.6,5155.6
67.156,67.156,3060.6,3060.6
99.954,99.954,5081.7,5081.7
105.69,105.69,5276,5276
117.74,117.74,5425.7,5425.7
97.028,97.028,4427.1,4427.1
110.38,110.38,5311.3,5311.3
97.913,97.913,4549.1,4549.1
126.42,126.42,5897.2,5897.2
126.7,126.7,5870.4,5870.4
107.09,107.09,5007.1,5007.1
82.44,82.44,3744,3744
125.03,125.03,5793.7,5793.7
53.093,53.093,2485.4,2485.4
116.57,116.57,5464.1,5464.1
118.95,118.95,6319.9,6319.9
96.994,96.994,4625.5,4625.5
126.64,126.64,5973.9,5973.9
97.779,97.779,5018.8,5018.8
81.728,81.728,3717,3717
86.939,86.939,4004,4004
122.84,122.84,5652.7,5652.7
100.38,100.38,4625.5,4625.5
73.945,73.945,3403.1,3403.1
124.02,124.02,5736.4,5736.4
112.8,112.8,5236.3,5236.3
91.134,91.134,4172.7,4172.7
97.933,97.933,4659.4,4659.4
96.023,96.023,4524.5,4524.5
92.689,92.689,4428.4,4428.4
76.616,76.616,3817.4,3817.4
102.82,102.82,4796.8,4796.8
119.55,119.55,5622.4,5622.4
94.14,94.14,4375.1,4375.1
105.84,105.84,4880.3,4880.3
73.316,73.316,3402.9,3402.9
103.97,103.97,5216.4,5216.4
100.29,100.29,4655.1,4655.1
103.53,103.53,4881.2,4881.2
92.49,92.49,4542.7,4542.7
121.43,121.43,5619.9,5619.9
123.75,123.75,5694.9,5694.9
126.09,126.09,5853.8,5853.8
97.518,97.518,4552.4,4552.4
110.95,110.95,5176.2,5176.2
125.26,125.26,5976.4,5976.4
121.81,121.81,5675.9,5675.9
37.072,37.072,1727.4,1727.4
0,0,0,0
0,0,0,0
0,0,0,0
18.673,0,326.5,0
105.49,0,1820.7,0
117.84,0,1714,0
130.12,0,1882.1,0
200.1,0,2872.7,0
245.42,0,3518.2,0
147.93,0,2130.5,0
59.867,0,875.12,0
19.47,0,354.09,0
4.7161,0,79.536,0
4.7027,0,95.151,0
0,0,0,0
3.7974,0,71.095,0
0,0,0,0
0,0,0,0
0,0,0,0
0,0,0,0
0,0,0,0
0,0,0,0
0,0,0,0
0,0,0,0
0,0,0,0
0,0,0,0
0,0,0,0
4.2037,4.2037,124.13,124.13
0,0,0,0
3.4751,2.6531,85.626,81.361
4.6115,4.6115,141.42,141.42
2.3912,2.3912,68.952,68.952
2.966,0,76.438,0
0,0,0,0
0,0,0,0
2.7184,0,72.684,0
0,0,0,0
0,0,0,0
7.3674,7.3674,251.66,251.66
2.1271,2.1271,72.659,72.659
3.916,3.916,123.52,123.52
5.7542,5.7542,201.66,201.66
11.196,11.196,462.48,462.48
14.913,14.913,658.64,658.64
12.436,12.436,571.65,571.65
15.951,15.951,733.2,733.2
0,0,0,0
5.2542,5.2542,180.98,180.98
26.322,26.322,1230.6,1230.6
18.308,18.308,836.17,836.17
28.795,6.9553,1386.9,259.42
17.631,0,849.17,0
0,0,0,0
5.8729,5.8729,213.86,213.86
14.041,14.041,585.01,585.01
104.6,104.6,5235.5,5235.5
52.727,52.727,2639.2,2639.2
24.58,24.58,1147.4,1147.4
33.658,33.658,1651.4,1651.4
25.354,25.354,1244,1244
7.5727,7.5727,367.93,367.93
47.565,47.565,2311,2311
15.083,15.083,732.83,732.83
25.068,25.068,1072.7,1072.7
13.133,13.133,614.66,614.66
29.849,29.849,1464.3,1464.3
24.501,24.501,1205.6,1205.6
29.126,29.126,1352.9,1352.9
26.226,26.226,1150,1150
105.06,105.06,5135.6,5135.6
53.162,53.162,2598.8,2598.8
31.028,31.028,1426.4,1426.4
24.609,24.609,1105.6,1105.6
27.464,27.464,1322.2,1322.2
90.127,90.127,4576.9,4576.9
47.56,47.56,2415.2,2415.2
72.697,72.697,3511.7,3511.7
57.896,57.896,2796.7,2796.7
89.05,89.05,4268,4268
23.858,23.858,1143.4,1143.4
78.297,78.297,3845.8,3845.8
49.804,49.804,2356.9,2356.9
38.783,38.783,1906.7,1906.7
41.34,41.34,2032.4,2032.4
106.13,106.13,5263.6,5263.6
96.976,96.976,4619.8,4619.8
91.868,91.868,4371,4371
59.747,59.747,2803.6,2803.6
42.441,42.441,1955.6,1955.6
22.089,22.089,956.82,956.82
58.933,58.933,2713.8,2713.8
119.75,119.75,5769,5769
61.725,61.725,2817.9,2817.9
104.64,104.64,4952.9,4952.9
48.936,48.936,2432.5,2432.5
86.678,86.678,4027.7,4027.7
86.757,86.757,4151.6,4151.6
112.02,112.02,5356.8,5356.8
71.563,71.563,3548.2,3548.2
76.272,76.272,3533.9,3533.9
39.991,39.991,1845.1,1845.1
120.33,120.33,5730.3,5730.3
109.32,109.32,5214.1,5214.1
116.3,116.3,5859.5,5859.5
94.172,94.172,4506.3,4506.3
103.41,103.41,4924.6,4924.6
96.469,96.469,4575.2,4575.2
112.82,112.82,5317.9,5317.9
47.498,47.498,2245.3,2245.3
119.7,119.7,5671.7,5671.7
120,120,5599.2,5599.2
122.21,122.21,6021.1,6021.1
98.668,98.668,4647.6,4647.6
83.814,83.814,3959.3,3959.3
124.59,124.59,6049,6049
121.43,121.43,5949.1,5949.1
73.141,73.141,3333.1,3333.1
123.68,123.68,6003.5,6003.5
117.98,117.98,5807.6,5807.6
110.03,110.03,5108.6,5108.6
125.03,125.03,5886.7,5886.7
111.83,111.83,6653.1,6653.1
67.222,67.222,3168.1,3168.1
100.7,100.7,5453,5453
97.037,97.037,4466.7,4466.7
107.22,107.22,5324.6,5324.6
112.9,112.9,5234.3,5234.3
77.09,77.09,3833.8,3833.8
109.97,109.97,5446.3,5446.3
112.4,112.4,5500.2,5500.2
98.816,98.816,4689.4,4689.4
73.01,73.01,3397.4,3397.4
73.522,73.522,3456.8,3456.8
124.04,124.04,5749.3,5749.3
108.11,108.11,4965.1,4965.1
22.569,22.569,1113.9,1113.9
92.344,92.344,4529.2,4529.2
54.378,54.378,2478.2,2478.2
110.11,110.11,5708.6,5708.6
101.35,101.35,5100.2,5100.2
107.7,107.7,4962.8,4962.8
88.253,88.253,4026.8,4026.8
118.9,118.9,5720.8,5720.8
109.11,109.11,5069.4,5069.4
125.39,125.39,6071.9,6071.9
124.03,124.03,5772.6,5772.6
113.76,113.76,5319.1,5319.1
68.665,68.665,3118.4,3118.4
122.05,122.05,5655.6,5655.6
56.207,56.207,2631.1,2631.1
118.85,118.85,5571.1,5571.1
120.92,120.92,6424.4,6424.4
102.82,102.82,4755.8,4755.8
124.51,124.51,5873.2,5873.2
88.676,88.676,4452.5,4452.5
67.906,67.906,3088.4,3088.4
72.985,72.985,3361.3,3361.3
127.09,127.09,5848.4,5848.4
92.205,92.205,4248.7,4248.7
73.834,73.834,3442.2,3442.2
116.85,116.85,5404.6,5404.6
106.14,106.14,4882.9,4882.9
92.819,92.819,4249.9,4249.9
106.82,106.82,5082,5082
107.54,107.54,5067.2,5067.2
96.527,96.527,4611.8,4611.8
62.767,62.767,3127.4,3127.4
100.54,100.54,4690.6,4690.6
117.7,117.7,5541.5,5541.5
85.659,85.659,3981,3981
93.088,93.088,4292.3,4292.3
67.354,67.354,3126.2,3126.2
114.53,114.53,5745.9,5745.9
88.294,88.294,4098.5,4098.5
99.233,99.233,4678.5,4678.5
102.02,102.02,5010.7,5010.7
114.5,114.5,5299,5299
124.03,124.03,5853.8,5853.8
122.2,122.2,5673.1,5673.1
108.37,108.37,5058.8,5058.8
103.52,103.52,4829.8,4829.8
122.49,122.49,5655.1,5655.1
114.56,114.56,6176.5,6176.5
34.866,34.866,1624.6,1624.6
0,0,0,0
0,0,0,0
0,0,0,0
14.023,0,245.19,0
78.984,0,1367.3,0
87.861,0,1277.9,0
98.069,0,1418.5,0
159.38,0,2288.2,0
202.18,0,2898.4,0
114.04,0,1642.3,0
43.82,0,640.54,0
12.699,0,230.94,0
0,0,0,0
0,0,0,0
0,0,0,0
0,0,0,0
0,0,0,0
0,0,0,0
0,0,0,0
0,0,0,0
0,0,0,0
0,0,0,0
0,0,0,0
0,0,0,0
0,0,0,0
0,0,0,0
0,0,0,0
2.5396,2.5396,74.992,74.992
0,0,0,0
0,0,0,0
2.8191,2.8191,86.45,86.45
0,0,0,0
0,0,0,0
0,0,0,0
0,0,0,0
0,0,0,0
0,0,0,0
0,0,0,0
4.6434,4.6434,158.61,158.61
0,0,0,0
2.3475,2.3475,74.042,74.042
3.5646,3.5646,124.92,124.92
7.4397,7.4397,307.32,307.32
10.335,10.335,456.45,456.45
8.6942,8.6942,399.64,399.64
11.151,11.151,512.57,512.57
0,0,0,0
3.2382,3.2382,127.21,127.21
18.946,18.946,885.75,885.75
13.02,13.02,594.68,594.68
21.349,4.3833,1028.3,163.49
13.072,0,629.6,0
0,0,0,0
3.7299,3.7299,135.82,135.82
10.044,10.044,502.75,502.75
100.29,100.29,5020,5020
50.556,50.556,2530.6,2530.6
17.854,17.854,833.47,833.47
25.552,25.552,1253.7,1253.7
19.247,19.247,944.35,944.35
5.8473,5.8473,284.1,284.1
36.727,36.727,1784.4,1784.4
11.647,11.647,565.86,565.86
17.863,17.863,764.43,764.43
8.9539,8.9539,419.05,419.05
21.965,21.965,1077.5,1077.5
17.389,17.389,855.66,855.66
21.455,21.455,996.6,996.6
19.068,19.068,836.12,836.12
108.34,108.34,5295.9,5295.9
54.821,54.821,2679.9,2679.9
23.684,23.684,1088.8,1088.8
18.272,18.272,820.86,820.86
21.199,21.199,1020.6,1020.6
80.154,80.154,4070.4,4070.4
42.297,42.297,2148,2148
63.151,63.151,3050.5,3050.5
50.294,50.294,2429.4,2429.4
76.141,76.141,3649.3,3649.3
20.399,20.399,977.69,977.69
65.476,65.476,3216,3216
41.414,41.414,1959.8,1959.8
30.542,30.542,1501.6,1501.6
32.556,32.556,1600.6,1600.6
102.2,102.2,5068.8,5068.8
84.414,84.414,4021.3,4021.3
80.928,80.928,3850.5,3850.5
47.348,47.348,2221.8,2221.8
32.004,32.004,1474.7,1474.7
15.606,15.606,675.97,675.97
47.509,47.509,2187.8,2187.8
120.54,120.54,5807,5807
49.616,49.616,2265.1,2265.1
92.816,92.816,4393.3,4393.3
40.882,40.882,2032.2,2032.2
73.345,73.345,3408.2,3408.2
93.292,93.292,4464.4,4464.4
110.33,110.33,5275.7,5275.7
72.279,72.279,3583.7,3583.7
63.688,63.688,2950.8,2950.8
33.204,33.204,1556.4,1556.4
120.25,120.25,5726.3,5726.3
113.4,113.4,5408.7,5408.7
109.66,109.66,5389.6,5389.6
92.549,92.549,4396.8,4396.8
108.92,108.92,5187,5187
103.54,103.54,4910.8,4910.8
109.64,109.64,5168,5168
41.251,41.251,1954.7,1954.7
120.98,120.98,5732.7,5732.7
119.81,119.81,5675.1,5675.1
122.31,122.31,6026.1,6026.1
96.356,96.356,4538.7,4538.7
84.984,84.984,4014.5,4014.5
121.02,121.02,5875.3,5875.3
114.49,114.49,5609,5609
61.928,61.928,2849.2,2849.2
123.66,123.66,6002.3,6002.3
115.96,115.96,5412.8,5412.8
101.59,101.59,4716.8,4716.8
125.38,125.38,5903.1,5903.1
106.32,106.32,6325,6325
66.978,66.978,3156.6,3156.6
87.603,87.603,4743.9,4743.9
92.201,92.201,4836.7,4836.7
103,103,5911.7,5911.7
102.6,102.6,4756.6,4756.6
69.577,69.577,3307.2,3307.2
108.98,108.98,5397.4,5397.4
119.23,119.23,5586.5,5586.5
92.148,92.148,4288,4288
68.977,68.977,3209.7,3209.7
84.512,84.512,3973.5,3973.5
117.14,117.14,5429.5,5429.5
99.408,99.408,4565.5,4565.5
25.595,25.595,1263.3,1263.3
103.87,103.87,5126.6,5126.6
42.664,42.664,2085.7,2085.7
117.54,117.54,6213.8,6213.8
112.22,112.22,5647.7,5647.7
95.451,95.451,4398.5,4398.5
77.78,77.78,3548.9,3548.9
124.09,124.09,5970.6,5970.6
117.82,117.82,5473.9,5473.9
127.18,127.18,6158.3,6158.3
118.77,118.77,5527.8,5527.8
117.1,117.1,5475.1,5475.1
64.055,64.055,2975.4,2975.4
115.44,115.44,5349.4,5349.4
57.657,57.657,2724.6,2724.6
117.41,117.41,5503.8,5503.8
120.29,120.29,6328,6328
105.61,105.61,4884.8,4884.8
118.61,118.61,5594.9,5594.9
87.403,87.403,4422.9,4422.9
69.565,69.565,3257.1,3257.1
63.968,63.968,3012.6,3012.6
127.41,127.41,5863,5863
92.102,92.102,4785.6,4785.6
85.29,85.29,3976.3,3976.3
106.67,106.67,4933.8,4933.8
105.83,105.83,4868.5,4868.5
91.6,91.6,4194.1,4194.1
112.89,112.89,5370.9,5370.9
116.7,116.7,5498.7,5498.7
97.402,97.402,4653.6,4653.6
49.825,49.825,2482.6,2482.6
95.264,95.264,4444.3,4444.3
123.46,123.46,5879,5879
75.522,75.522,3509.8,3509.8
79.329,79.329,3657.8,3657.8
66.855,66.855,3225.2,3225.2
122.24,122.24,6132.7,6132.7
75.322,75.322,3496.3,3496.3
92.16,92.16,4345,4345
109.04,109.04,5355.3,5355.3
104.61,104.61,5197.6,5197.6
126.59,126.59,5974.9,5974.9
114.75,114.75,5327.4,5327.4
116.68,116.68,5447.1,5447.1
103.74,103.74,4840.8,4840.8
116.05,116.05,5356.4,5356.4
114.31,114.31,6797.5,6797.5
31.774,31.774,1523.6,1523.6
2.0437,2.0437,106.76,106.76
0,0,0,0
0,0,0,0
10.204,0,178.42,0
57.299,0,994.93,0
63.473,0,923.2,0
71.619,0,1035.9,0
123.01,0,1766,0
161.39,0,2313.6,0
85.175,0,1226.6,0
31.078,0,454.29,0
8.0253,0,145.95,0
0,0,0,0
0,0,0,0
0,0,0,0
0,0,0,0
0,0,0,0
0,0,0,0
0,0,0,0
0,0,0,0
0,0,0,0
0,0,0,0
0,0,0,0
0,0,0,0
0,0,0,0
0,0,0,0
0,0,0,0
0,0,0,0
0,0,0,0
0,0,0,0
0,0,0,0
0,0,0,0
0,0,0,0
0,0,0,0
0,0,0,0
0,0,0,0
0,0,0,0
0,0,0,0
2.8357,2.8357,96.861,96.861
0,0,0,0
0,0,0,0
2.1397,2.1397,74.986,74.986
4.7902,4.7902,197.88,197.88
6.94,6.94,306.51,306.51
5.8893,5.8893,270.71,270.71
7.5536,7.5536,347.21,347.21
0,0,0,0
1.8977,1.8977,88.719,88.719
13.214,13.214,617.75,617.75
8.9725,8.9725,409.81,409.81
15.337,2.6766,738.71,99.832
9.3909,0,452.31,0
0,0,0,0
2.2953,2.2953,83.584,83.584
9.3316,9.3316,467.09,467.09
93.176,93.176,4663.9,4663.9
46.97,46.97,2351.1,2351.1
12.567,12.567,586.63,586.63
18.795,18.795,922.16,922.16
14.158,14.158,694.64,694.64
4.3748,4.3748,212.55,212.55
27.479,27.479,1335.1,1335.1
8.7137,8.7137,423.36,423.36
12.334,12.334,527.83,527.83
5.9149,5.9149,276.83,276.83
15.661,15.661,768.26,768.26
11.958,11.958,588.43,588.43
15.314,15.314,711.34,711.34
13.433,13.433,589.02,589.02
108.25,108.25,5291.6,5291.6
54.777,54.777,2677.7,2677.7
17.517,17.517,805.29,805.29
13.145,13.145,590.55,590.55
15.855,15.855,763.3,763.3
69.071,69.071,3507.6,3507.6
36.449,36.449,1851,1851
53.155,53.155,2567.7,2567.7
42.333,42.333,2044.9,2044.9
63.083,63.083,3023.4,3023.4
16.901,16.901,810.01,810.01
53.054,53.054,2605.9,2605.9
33.369,33.369,1579.1,1579.1
23.305,23.305,1145.8,1145.8
24.842,24.842,1221.3,1221.3
95.364,95.364,4729.7,4729.7
71.197,71.197,3391.7,3391.7
69.077,69.077,3286.6,3286.6
36.357,36.357,1706,1706
23.384,23.384,1077.5,1077.5
10.683,10.683,462.73,462.73
37.111,37.111,1708.9,1708.9
117.57,117.57,5663.8,5663.8
38.644,38.644,1764.2,1764.2
79.772,79.772,3775.9,3775.9
33.094,33.094,1645,1645
69.531,69.531,3327.3,3327.3
97.204,97.204,4651.6,4651.6
105.28,105.28,5034.6,5034.6
70.736,70.736,3507.2,3507.2
51.529,51.529,2387.4,2387.4
38.389,38.389,1810.9,1810.9
116.43,116.43,5544.6,5544.6
113.98,113.98,5436.3,5436.3
110.61,110.61,5270.9,5270.9
98.517,98.517,4680.3,4680.3
111.16,111.16,5293.8,5293.8
107.69,107.69,5107.3,5107.3
103.24,103.24,4866.3,4866.3
40.401,40.401,1914.4,1914.4
118.49,118.49,5614.5,5614.5
119.52,119.52,5661.2,5661.2
118.61,118.61,5843.9,5843.9
91.177,91.177,4294.8,4294.8
83.494,83.494,3944.2,3944.2
113.89,113.89,5529.4,5529.4
104.59,104.59,5124.1,5124.1
51.492,51.492,2369,2369
119.8,119.8,5814.8,5814.8
110.43,110.43,5300.6,5300.6
90.883,90.883,4219.8,4219.8
121.82,121.82,5735.7,5735.7
100.65,100.65,5826.4,5826.4
64.663,64.663,3047.5,3047.5
73.846,73.846,3998.9,3998.9
104.2,104.2,5466.1,5466.1
111.9,111.9,6452,6452
90.339,90.339,4188.3,4188.3
67.715,67.715,3218.6,3218.6
104.65,104.65,5182.8,5182.8
122.54,122.54,5741.9,5741.9
84.355,84.355,3925.3,3925.3
63.144,63.144,2938.3,2938.3
94.128,94.128,4425.7,4425.7
107.19,107.19,5000.7,5000.7
88.569,88.569,4067.8,4067.8
31.252,31.252,1448.2,1448.2
114.14,114.14,5633.5,5633.5
40.361,40.361,2199.8,2199.8
121.57,121.57,6553.8,6553.8
120.41,120.41,6059.7,6059.7
81.971,81.971,3777.3,3777.3
66.421,66.421,3030.6,3030.6
125.48,125.48,6037.8,6037.8
123.27,123.27,5727,5727
124.98,124.98,6052,6052
110.2,110.2,5128.9,5128.9
116.79,116.79,5460.7,5460.7
74.517,74.517,3461.4,3461.4
113.34,113.34,5305.5,5305.5
66.884,66.884,3380.1,3380.1
112.39,112.39,5268.6,5268.6
115.98,115.98,6039.5,6039.5
112.35,112.35,5320.4,5320.4
111.35,111.35,5280.7,5280.7
85.626,85.626,4396.7,4396.7
82.83,82.83,3878.2,3878.2
77.384,77.384,3644.4,3644.4
123.76,123.76,5695.2,5695.2
100.66,100.66,5230.2,5230.2
95.466,95.466,4450.7,4450.7
108.12,108.12,5089.4,5089.4
102.24,102.24,4703.4,4703.4
87.59,87.59,4010.5,4010.5
115.6,115.6,5500,5500
122.71,122.71,5781.8,5781.8
95.234,95.234,4550,4550
38.324,38.324,1909.5,1909.5
90.708,90.708,4209.9,4209.9
126.92,126.92,6375.9,6375.9
65.862,65.862,3530.8,3530.8
65.505,65.505,3020.4,3020.4
72.272,72.272,3486.6,3486.6
126.42,126.42,6342.4,6342.4
62.261,62.261,2890,2890
82.934,82.934,3910.1,3910.1
112.92,112.92,5546,5546
105.19,105.19,5409.3,5409.3
125.2,125.2,5909.2,5909.2
104.41,104.41,4847.3,4847.3
121.74,121.74,5683,5683
112.94,112.94,5269.9,5269.9
106.55,106.55,4917.6,4917.6
121.9,121.9,7248.7,7248.7
28.057,28.057,1624.7,1624.7
3.1069,3.1069,162.3,162.3
0,0,0,0
0,0,0,0
7.1944,0,125.8,0
40.278,0,701.5,0
44.431,0,646.23,0
50.678,0,733.04,0
91.991,0,1320.7,0
124.83,0,1789.5,0
61.643,0,887.75,0
21.357,0,312.19,0
4.9143,0,89.373,0
0,0,0,0
0,0,0,0
0,0,0,0
0,0,0,0
0,0,0,0
0,0,0,0
0,0,0,0
0,0,0,0
0,0,0,0
0,0,0,0
0,0,0,0
0,0,0,0
0,0,0,0
0,0,0,0
0,0,0,0
0,0,0,0
0,0,0,0
0,0,0,0
0,0,0,0
0,0,0,0
0,0,0,0
0,0,0,0
0,0,0,0
0,0,0,0
0,0,0,0
0,0,0,0
0,0,0,0
0,0,0,0
0,0,0,0
0,0,0,0
2.9886,2.9886,123.45,123.45
4.5156,4.5156,199.43,199.43
3.8655,3.8655,177.68,177.68
4.9579,4.9579,227.89,227.89
0,0,0,0
0,0,0,0
8.9297,8.9297,417.47,417.47
5.9911,5.9911,273.64,273.64
10.676,0,514.22,0
6.537,0,314.85,0
0,0,0,0
0,0,0,0
8.4005,8.4005,420.48,420.48
83.878,83.878,4198.5,4198.5
42.283,42.283,2116.5,2116.5
8.5702,8.5702,400.07,400.07
13.396,13.396,657.25,657.25
10.091,10.091,495.09,495.09
3.1715,3.1715,154.09,154.09
19.921,19.921,967.86,967.86
6.317,6.317,306.92,306.92
8.2523,8.2523,353.14,353.14
3.7861,3.7861,177.19,177.19
10.82,10.82,530.77,530.77
7.9684,7.9684,392.1,392.1
10.591,10.591,491.97,491.97
10.456,10.456,511.14,511.14
104.8,104.8,5123.2,5123.2
53.034,53.034,2592.5,2592.5
12.554,12.554,577.11,577.11
9.1634,9.1634,411.67,411.67
11.49,11.49,553.16,553.16
57.673,57.673,2928.8,2928.8
30.434,30.434,1545.5,1545.5
43.352,43.352,2094.2,2094.2
34.526,34.526,1667.8,1667.8
50.641,50.641,2427.1,2427.1
13.567,13.567,650.26,650.26
41.654,41.654,2045.9,2045.9
26.052,26.052,1232.8,1232.8
17.231,17.231,847.16,847.16
18.367,18.367,903.01,903.01
86.222,86.222,4276.3,4276.3
58.185,58.185,2771.8,2771.8
57.131,57.131,2718.2,2718.2
27.051,27.051,1269.4,1269.4
16.555,16.555,762.84,762.84
7.0858,7.0858,306.93,306.93
28.089,28.089,1293.5,1293.5
111.11,111.11,5352.6,5352.6
32.335,32.335,1557.7,1557.7
66.433,66.433,3144.5,3144.5
25.957,25.957,1290.3,1290.3
70.198,70.198,3359.2,3359.2
98.136,98.136,4696.2,4696.2
97.352,97.352,4655.3,4655.3
67.076,67.076,3325.8,3325.8
40.397,40.397,1871.7,1871.7
43.279,43.279,2041.5,2041.5
109.24,109.24,5201.9,5201.9
112.67,112.67,5361.7,5361.7
108.1,108.1,5151.5,5151.5
101.61,101.61,4827.4,4827.4
116.63,116.63,5531.5,5531.5
108.52,108.52,5146.7,5146.7
96.338,96.338,4518.4,4518.4
38.339,38.339,1816.7,1816.7
112.44,112.44,5328,5328
115.52,115.52,5472,5472
111.45,111.45,5491.3,5491.3
83.597,83.597,3937.7,3937.7
79.483,79.483,3754.7,3754.7
103.86,103.86,5042.3,5042.3
92.58,92.58,4535.8,4535.8
41.486,41.486,1909.6,1909.6
112.45,112.45,5458.2,5458.2
116.82,116.82,5699,5699
78.782,78.782,3657.9,3657.9
114.69,114.69,5400,5400
94.156,94.156,5200.5,5200.5
77.019,77.019,3599.3,3599.3
60.316,60.316,3266.2,3266.2
114.1,114.1,5985.6,5985.6
118.34,118.34,6823.1,6823.1
77.076,77.076,3573.4,3573.4
63.856,63.856,3035.2,3035.2
97.369,97.369,4822.3,4822.3
122.04,122.04,5718.4,5718.4
74.823,74.823,3481.8,3481.8
56.009,56.009,2606.3,2606.3
101.58,101.58,4776.2,4776.2
101.52,101.52,4752.9,4752.9
76.463,76.463,3511.7,3511.7
41.419,41.419,1919.3,1919.3
121.53,121.53,5998.2,5998.2
41.247,41.247,2248.2,2248.2
122.88,122.88,6697.7,6697.7
125.18,125.18,6299.9,6299.9
68.209,68.209,3143.2,3143.2
54.96,54.96,2507.7,2507.7
122.96,122.96,5916.2,5916.2
124.96,124.96,5805.9,5805.9
119.01,119.01,5762.9,5762.9
99.076,99.076,4611.1,4611.1
112.87,112.87,5277.3,5277.3
83.997,83.997,3901.8,3901.8
109.15,109.15,5109.6,5109.6
80.399,80.399,4063.1,4063.1
104.25,104.25,4886.8,4886.8
108.35,108.35,5585.1,5585.1
120.34,120.34,5698.5,5698.5
115.42,115.42,5473.5,5473.5
82.476,82.476,4234.9,4234.9
95.562,95.562,4474.3,4474.3
90.707,90.707,4271.9,4271.9
116.48,116.48,5360.4,5360.4
106.6,106.6,5538.7,5538.7
103.54,103.54,4827,4827
117.56,117.56,5533.3,5533.3
95.704,95.704,4402.9,4402.9
81.155,81.155,3715.9,3715.9
114.7,114.7,5457.3,5457.3
125.02,125.02,5890.6,5890.6
90.224,90.224,4310.6,4310.6
28.562,28.562,1423.1,1423.1
87.334,87.334,4053.3,4053.3
126.42,126.42,6840.4,6840.4
67.205,67.205,3602.8,3602.8
53.657,53.657,2490.5,2490.5
75.702,75.702,3652.1,3652.1
126.68,126.68,6355.5,6355.5
49.866,49.866,2314.7,2314.7
72.314,72.314,3409.4,3409.4
113.31,113.31,5565.1,5565.1
106.08,106.08,5454.7,5454.7
119.98,119.98,5662.7,5662.7
96.563,96.563,4540.5,4540.5
123.07,123.07,5745,5745
119.13,119.13,5558.9,5558.9
94.783,94.783,4374.6,4374.6
125.96,125.96,7489.8,7489.8
28.232,28.232,1678.8,1678.8
4.5766,4.5766,239.07,239.07
0,0,0,0
0,0,0,0
4.9151,0,85.943,0
27.433,0,479.25,0
30.136,0,438.32,0
34.747,0,502.6,0
66.658,0,956.97,0
93.553,0,1341.1,0
43.227,0,622.54,0
14.221,0,207.88,0
0,0,0,0
0,0,0,0
0,0,0,0
0,0,0,0
0,0,0,0
0,0,0,0
0,0,0,0
0,0,0,0
0,0,0,0
0,0,0,0
0,0,0,0
0,0,0,0
0,0,0,0
0,0,0,0
0,0,0,0
0,0,0,0
0,0,0,0
0,0,0,0
0,0,0,0
0,0,0,0
0,0,0,0
0,0,0,0
0,0,0,0
0,0,0,0
0,0,0,0
0,0,0,0
0,0,0,0
0,0,0,0
0,0,0,0
0,0,0,0
0,0,0,0
1.8066,1.8066,74.63,74.63
2.8469,2.8469,125.73,125.73
2.4583,2.4583,113,113
3.1531,3.1531,144.93,144.93
0,0,0,0
0,0,0,0
5.8472,5.8472,273.36,273.36
3.8762,3.8762,177.04,177.04
7.2011,0,346.83,0
4.4092,0,212.36,0
0,0,0,0
0,0,0,0
7.3274,7.3274,366.77,366.77
73.164,73.164,3662.2,3662.2
36.882,36.882,1846.1,1846.1
5.6633,5.6633,264.37,264.37
9.2512,9.2512,453.9,453.9
6.9687,6.9687,341.91,341.91
2.2278,2.2278,108.24,108.24
13.993,13.993,679.87,679.87
4.4373,4.4373,215.59,215.59
5.3497,5.3497,228.93,228.93
2.3482,2.3482,109.9,109.9
7.2429,7.2429,355.31,355.31
5.1448,5.1448,253.16,253.16
7.0976,7.0976,329.69,329.69
9.809,9.809,479.5,479.5
98.317,98.317,4806.2,4806.2
49.752,49.752,2432.1,2432.1
8.7174,8.7174,400.75,400.75
6.1894,6.1894,278.06,278.06
8.0684,8.0684,388.42,388.42
46.661,46.661,2369.5,2369.5
24.623,24.623,1250.4,1250.4
34.26,34.26,1654.9,1654.9
27.284,27.284,1318,1318
39.391,39.391,1887.9,1887.9
10.553,10.553,505.8,505.8
31.688,31.688,1556.4,1556.4
19.707,19.707,932.6,932.6
12.345,12.345,606.92,606.92
13.159,13.159,646.93,646.93
75.535,75.535,3746.2,3746.2
46.075,46.075,2194.9,2194.9
45.784,45.784,2178.3,2178.3
19.502,19.502,915.12,915.12
11.357,11.357,523.3,523.3
4.554,4.554,197.26,197.26
20.6,20.6,948.59,948.59
101.74,101.74,4901.4,4901.4
29.609,29.609,1426.4,1426.4
53.606,53.606,2537.4,2537.4
19.727,19.727,980.6,980.6
68.67,68.67,3286.1,3286.1
96.001,96.001,4594,4594
87.222,87.222,4170.9,4170.9
61.631,61.631,3055.8,3055.8
30.686,30.686,1421.8,1421.8
47.275,47.275,2230,2230
106.15,106.15,5007,5007
112.07,112.07,5333,5333
102.37,102.37,4878.5,4878.5
101.55,101.55,4824.6,4824.6
121.41,121.41,5758.4,5758.4
105.96,105.96,5025.4,5025.4
107.89,107.89,5060.1,5060.1
35.253,35.253,1670.4,1670.4
111.45,111.45,5232.4,5232.4
113.01,113.01,5309,5309
101.48,101.48,4999.7,4999.7
75.061,75.061,3545.8,3545.8
73.316,73.316,3463.4,3463.4
91.769,91.769,4455.4,4455.4
98.826,98.826,4642,4642
34.196,34.196,1592,1592
102.28,102.28,4964.5,4964.5
121.7,121.7,5937.2,5937.2
66.172,66.172,3072.4,3072.4
104.63,104.63,4926.1,4926.1
85.344,85.344,4497.7,4497.7
90.416,90.416,4225.4,4225.4
47.735,47.735,2585,2585
121.07,121.07,6351,6351
121.26,121.26,6991.4,6991.4
63.718,63.718,2954.1,2954.1
58.348,58.348,2773.4,2773.4
88.224,88.224,4347.5,4347.5
121.71,121.71,5698.2,5698.2
64.308,64.308,2992.5,2992.5
48.137,48.137,2240,2240
106.22,106.22,4994.4,4994.4
93.49,93.49,4377.2,4377.2
63.961,63.961,2937.6,2937.6
53.19,53.19,2464.7,2464.7
125.38,125.38,6188.2,6188.2
40.844,40.844,2226.2,2226.2
121.68,121.68,6632.2,6632.2
126.11,126.11,6346.3,6346.3
54.995,54.995,2534.3,2534.3
44.064,44.064,2010.5,2010.5
116.74,116.74,5617.1,5617.1
122.75,122.75,5703.1,5703.1
109.81,109.81,5317.2,5317.2
93.13,93.13,4367.9,4367.9
105.69,105.69,4941.7,4941.7
91.742,91.742,4261.6,4261.6
101.86,101.86,4768.1,4768.1
93.644,93.644,4732.4,4732.4
93.692,93.692,4391.9,4391.9
98.084,98.084,5004.6,5004.6
124.89,124.89,5914.1,5914.1
115.92,115.92,5497.3,5497.3
76.975,76.975,3952.5,3952.5
106.83,106.83,5001.8,5001.8
103.02,103.02,4851.9,4851.9
106.23,106.23,4888.6,4888.6
109.38,109.38,5683.2,5683.2
108.8,108.8,5072.6,5072.6
123.84,123.84,5829.2,5829.2
86.807,86.807,3993.6,3993.6
72.859,72.859,3336,3336
110.28,110.28,5246.8,5246.8
123.42,123.42,5815.2,5815.2
82.823,82.823,3957,3957
20.626,20.626,1027.7,1027.7
81.475,81.475,3781.4,3781.4
125.54,125.54,7110.9,7110.9
66.446,66.446,3562.1,3562.1
43.451,43.451,2016.8,2016.8
76.834,76.834,3706.6,3706.6
123,123,6170.9,6170.9
42.072,42.072,1974,1974
61.096,61.096,2880.5,2880.5
110.17,110.17,5410.9,5410.9
103.65,103.65,5329.8,5329.8
111.4,111.4,5258,5258
103.21,103.21,4852.9,4852.9
120.55,120.55,5627.5,5627.5
121.76,121.76,5681.7,5681.7
81.699,81.699,3857.9,3857.9
126.1,126.1,7498.7,7498.7
28.266,28.266,1680.8,1680.8
6.5323,6.5323,341.23,341.23
0,0,0,0
0,0,0,0
0,0,0,0
18.143,0,317.25,0
19.805,0,288.06,0
23.084,0,333.91,0
46.801,0,671.9,0
67.935,0,973.87,0
30.065,0,431.7,0
9.1753,0,134.12,0
0,0,0,0
0,0,0,0
0,0,0,0
0,0,0,0
0,0,0,0
0,0,0,0
0,0,0,0
0,0,0,0
0,0,0,0
0,0,0,0
0,0,0,0
0,0,0,0
0,0,0,0
0,0,0,0
0,0,0,0
0,0,0,0
0,0,0,0
0,0,0,0
0,0,0,0
0,0,0,0
0,0,0,0
0,0,0,0
0,0,0,0
0,0,0,0
0,0,0,0
0,0,0,0
0,0,0,0
0,0,0,0
0,0,0,0
0,0,0,0
0,0,0,0
0,0,0,0
1.7391,1.7391,76.809,76.809
0,0,0,0
1.943,1.943,89.312,89.312
0,0,0,0
0,0,0,0
3.7099,3.7099,173.44,173.44
2.43,2.43,110.99,110.99
4.7062,0,226.67,0
2.8816,0,138.79,0
0,0,0,0
0,0,0,0
6.1931,6.1931,309.99,309.99
61.837,61.837,3095.3,3095.3
31.172,31.172,1560.3,1560.3
3.6262,3.6262,169.27,169.27
6.1906,6.1906,303.73,303.73
4.6632,4.6632,228.8,228.8
1.5163,1.5163,73.672,73.672
9.5242,9.5242,462.74,462.74
3.0202,3.0202,146.74,146.74
3.3604,3.3604,143.8,143.8
0,0,0,0
4.698,4.698,230.47,230.47
3.2186,3.2186,158.38,158.38
4.6087,4.6087,214.07,214.07
8.9162,8.9162,435.86,435.86
89.369,89.369,4368.7,4368.7
45.224,45.224,2210.7,2210.7
5.8654,5.8654,269.64,269.64
4.0508,4.0508,181.98,181.98
5.4897,5.4897,264.28,264.28
36.579,36.579,1857.6,1857.6
19.302,19.302,980.23,980.23
26.233,26.233,1267.2,1267.2
20.892,20.892,1009.2,1009.2
29.689,29.689,1422.9,1422.9
7.954,7.954,381.22,381.22
23.358,23.358,1147.3,1147.3
14.445,14.445,683.59,683.59
8.5694,8.5694,421.3,421.3
9.1344,9.1344,449.08,449.08
64.119,64.119,3180,3180
35.352,35.352,1692.3,1692.3
35.551,35.551,1691.5,1691.5
13.623,13.623,639.26,639.26
7.5487,7.5487,347.84,347.84
2.836,2.836,122.84,122.84
15.66,15.66,754.44,754.44
90.273,90.273,4348.9,4348.9
26.272,26.272,1265.6,1265.6
41.913,41.913,1983.9,1983.9
14.527,14.527,722.12,722.12
65.09,65.09,3114.8,3114.8
90.996,90.996,4354.5,4354.5
75.721,75.721,3628.5,3628.5
54.869,54.869,2720.5,2720.5
22.586,22.586,1046.5,1046.5
50.038,50.038,2360.4,2360.4
112.35,112.35,5299.6,5299.6
108.83,108.83,5164.4,5164.4
93.939,93.939,4476.6,4476.6
98.341,98.341,4672,4672
122.47,122.47,5808.5,5808.5
100.25,100.25,4754.6,4754.6
117.07,117.07,5490.9,5490.9
31.408,31.408,1488.3,1488.3
119.49,119.49,5609.8,5609.8
119.06,119.06,5593.4,5593.4
89.524,89.524,4410.8,4410.8
67.088,67.088,3169.2,3169.2
65.528,65.528,3095.5,3095.5
78.569,78.569,3814.5,3814.5
109.2,109.2,5129.2,5129.2
37.054,37.054,1740.4,1740.4
90.137,90.137,4375.2,4375.2
122.85,122.85,5993.2,5993.2
53.855,53.855,2500.5,2500.5
105.6,105.6,4934.1,4934.1
74.955,74.955,3769.1,3769.1
102.85,102.85,4806.3,4806.3
36.606,36.606,1982.3,1982.3
124.47,124.47,6529.5,6529.5
120.39,120.39,6941.5,6941.5
51.04,51.04,2366.3,2366.3
53.283,53.283,2491.6,2491.6
97.799,97.799,4573.3,4573.3
119.25,119.25,6148.1,6148.1
53.554,53.554,2492.1,2492.1
40.088,40.088,1865.4,1865.4
107.63,107.63,5060.5,5060.5
83.427,83.427,3906,3906
51.843,51.843,2381,2381
66.184,66.184,3066.8,3066.8
125.33,125.33,6186.1,6186.1
39.189,39.189,2136,2136
116.75,116.75,6363.5,6363.5
123.09,123.09,6194.5,6194.5
42.965,42.965,1979.9,1979.9
36.283,36.283,1749.3,1749.3
107.4,107.4,5167.5,5167.5
117.43,117.43,5492.5,5492.5
98.17,98.17,4753.6,4753.6
87.13,87.13,4086.5,4086.5
101.8,101.8,4778,4778
97.091,97.091,4510,4510
92.101,92.101,4311.4,4311.4
105.69,105.69,5341,5341
81.589,81.589,3824.6,3824.6
86.032,86.032,4345.2,4345.2
125.59,125.59,5947.2,5947.2
112.81,112.81,5349.7,5349.7
74.997,74.997,3574.4,3574.4
115.71,115.71,5417.8,5417.8
113.38,113.38,5339.6,5339.6
93.875,93.875,4456.2,4456.2
108.75,108.75,5650.5,5650.5
110.79,110.79,5165.2,5165.2
126.41,126.41,5950.3,5950.3
82.804,82.804,3892.3,3892.3
63.379,63.379,2901.9,2901.9
102.74,102.74,4887.9,4887.9
118.05,118.05,5562.5,5562.5
73.668,73.668,3519.7,3519.7
14.432,14.432,719.09,719.09
73.649,73.649,3418.1,3418.1
126.45,126.45,7162.6,7162.6
63.655,63.655,3412.6,3412.6
34.094,34.094,1582.5,1582.5
75.561,75.561,3645.2,3645.2
115.72,115.72,5805.6,5805.6
47.322,47.322,2220.3,2220.3
50.016,50.016,2358.1,2358.1
103.79,103.79,5097.6,5097.6
100.49,100.49,5046.1,5046.1
100.23,100.23,4730.7,4730.7
106.88,106.88,5025.7,5025.7
114.41,114.41,5341.1,5341.1
120.59,120.59,5626.9,5626.9
72.844,72.844,3467.6,3467.6
125.97,125.97,7274.5,7274.5
27.42,27.42,1630.5,1630.5
9.0342,9.0342,471.93,471.93
0,0,0,0
0,0,0,0
0,0,0,0
11.637,0,203.49,0
12.612,0,183.44,0
14.86,0,214.94,0
31.84,0,457.1,0
47.801,0,685.24,0
20.37,0,292.48,0
5.736,0,83.848,0
0,0,0,0
0,0,0,0
0,0,0,0
0,0,0,0
0,0,0,0
0,0,0,0
0,0,0,0
0,0,0,0
0,0,0,0
0,0,0,0
0,0,0,0
0,0,0,0
0,0,0,0
0,0,0,0
0,0,0,0
0,0,0,0
0,0,0,0
0,0,0,0
0,0,0,0
0,0,0,0
0,0,0,0
0,0,0,0
0,0,0,0
0,0,0,0
0,0,0,0
0,0,0,0
0,0,0,0
0,0,0,0
0,0,0,0
0,0,0,0
0,0,0,0
0,0,0,0
0,0,0,0
0,0,0,0
0,0,0,0
0,0,0,0
0,0,0,0
2.2807,2.2807,106.62,106.62
0,0,0,0
2.9802,0,143.54,0
1.8248,0,87.889,0
0,0,0,0
0,0,0,0
5.0718,5.0718,253.87,253.87
50.641,50.641,2534.9,2534.9
25.528,25.528,1277.8,1277.8
2.2497,2.2497,105.02,105.02
4.0139,4.0139,196.94,196.94
3.0236,3.0236,148.35,148.35
0,0,0,0
6.2812,6.2812,305.18,305.18
1.9918,1.9918,96.774,96.774
2.0453,2.0453,87.524,87.524
0,0,0,0
2.9527,2.9527,144.85,144.85
1.9511,1.9511,96.005,96.005
2.8996,2.8996,134.69,134.69
7.8531,7.8531,383.89,383.89
78.713,78.713,3847.8,3847.8
39.831,39.831,1947.1,1947.1
3.824,3.824,175.79,175.79
2.5688,2.5688,115.41,115.41
3.6192,3.6192,174.23,174.23
27.785,27.785,1411,1411
14.662,14.662,744.58,744.58
19.464,19.464,940.21,940.21
15.501,15.501,748.79,748.79
21.681,21.681,1039.1,1039.1
5.8088,5.8088,278.4,278.4
16.683,16.683,819.44,819.44
10.259,10.259,485.5,485.5
5.7639,5.7639,283.38,283.38
6.144,6.144,302.06,302.06
52.738,52.738,2615.6,2615.6
28.065,28.065,1391.9,1391.9
26.749,26.749,1272.7,1272.7
9.2209,9.2209,432.69,432.69
4.8618,4.8618,224.03,224.03
1.7112,1.7112,74.124,74.124
13.464,13.464,648.62,648.62
77.611,77.611,3738.9,3738.9
22.586,22.586,1088.1,1088.1
31.753,31.753,1503,1503
10.366,10.366,515.26,515.26
59.782,59.782,2860.8,2860.8
83.574,83.574,3999.3,3999.3
63.694,63.694,3130.1,3130.1
47.333,47.333,2346.9,2346.9
16.108,16.108,746.32,746.32
51.318,51.318,2420.7,2420.7
115.22,115.22,5435.2,5435.2
105.07,105.07,4985.8,4985.8
83.522,83.522,3980.2,3980.2
92.275,92.275,4383.8,4383.8
119.7,119.7,5677.1,5677.1
107.32,107.32,4966.1,4966.1
123.09,123.09,5773.3,5773.3
29.313,29.313,1374.8,1374.8
124.13,124.13,5827.6,5827.6
121.54,121.54,5710,5710
76.527,76.527,3770.5,3770.5
58.099,58.099,2744.5,2744.5
56.748,56.748,2680.7,2680.7
65.179,65.179,3164.4,3164.4
116.92,116.92,5491.6,5491.6
39.672,39.672,1863.4,1863.4
76.971,76.971,3736.1,3736.1
120.16,120.16,5861.9,5861.9
42.47,42.47,1971.9,1971.9
114.77,114.77,5362.2,5362.2
63.787,63.787,3060.4,3060.4
113.36,113.36,5297.4,5297.4
32.748,32.748,1717.9,1717.9
123.99,123.99,6504.5,6504.5
115.82,115.82,6678,6678
39.615,39.615,1836.6,1836.6
57.232,57.232,2676.3,2676.3
105.05,105.05,4912.3,4912.3
121.12,121.12,6445.7,6445.7
43.214,43.214,2010.9,2010.9
32.348,32.348,1505.2,1505.2
105.67,105.67,4968.2,4968.2
72.135,72.135,3377.3,3377.3
41.96,41.96,1964.5,1964.5
79.796,79.796,3697.6,3697.6
121.4,121.4,5991.9,5991.9
36.434,36.434,1985.8,1985.8
116.88,116.88,5916.1,5916.1
116.42,116.42,5858.6,5858.6
32.524,32.524,1498.7,1498.7
47.153,47.153,2273.4,2273.4
95.734,95.734,4606.3,4606.3
122.56,122.56,5732,5732
85.041,85.041,4117.9,4117.9
78.986,78.986,3704.5,3704.5
108.38,108.38,5086.6,5086.6
99.562,99.562,4624.8,4624.8
80.692,80.692,3777.3,3777.3
115.57,115.57,5840.6,5840.6
68.844,68.844,3227.2,3227.2
73.119,73.119,3754.8,3754.8
122.37,122.37,5794.7,5794.7
106.37,106.37,5044.5,5044.5
78.934,78.934,3745,3745
121.45,121.45,5686.3,5686.3
120.9,120.9,5693.8,5693.8
96.934,96.934,4910.6,4910.6
104.76,104.76,5443.5,5443.5
109.31,109.31,5096.1,5096.1
125.03,125.03,5885.2,5885.2
95.55,95.55,4491.4,4491.4
53.422,53.422,2446,2446
92.735,92.735,4412.1,4412.1
109.42,109.42,5603.3,5603.3
63.491,63.491,3033.4,3033.4
9.785,9.785,487.54,487.54
64.508,64.508,2993.9,2993.9
123.42,123.42,6990.6,6990.6
59.089,59.089,3167.7,3167.7
25.922,25.922,1203.1,1203.1
72.002,72.002,3473.5,3473.5
105.5,105.5,5292.4,5292.4
51.576,51.576,2419.9,2419.9
39.674,39.674,1870.5,1870.5
94.743,94.743,4653.3,4653.3
106.74,106.74,5059.5,5059.5
87.378,87.378,4124.1,4124.1
107.25,107.25,5043,5043
105.22,105.22,4912,4912
115.72,115.72,5500.9,5500.9
63.442,63.442,3020,3020
123.73,123.73,6837.9,6837.9
36.519,36.519,1907.7,1907.7
12.106,12.106,632.41,632.41
0,0,0,0
0,0,0,0
0,0,0,0
7.2326,0,126.47,0
7.7819,0,113.19,0
9.2688,0,134.07,0
20.988,0,301.32,0
32.59,0,467.18,0
13.372,0,192.01,0
0,0,0,0
0,0,0,0
0,0,0,0
0,0,0,0
0,0,0,0
0,0,0,0
0,0,0,0
0,0,0,0
0,0,0,0
0,0,0,0
0,0,0,0
0,0,0,0
0,0,0,0
0,0,0,0
0,0,0,0
0,0,0,0
0,0,0,0
0,0,0,0
0,0,0,0
0,0,0,0
0,0,0,0
0,0,0,0
0,0,0,0
0,0,0,0
0,0,0,0
0,0,0,0
0,0,0,0
0,0,0,0
0,0,0,0
0,0,0,0
0,0,0,0
0,0,0,0
0,0,0,0
0,0,0,0
0,0,0,0
0,0,0,0
0,0,0,0
0,0,0,0
0,0,0,0
0,0,0,0
1.8287,0,88.076,0
0,0,0,0
0,0,0,0
0,0,0,0
4.0245,4.0245,201.45,201.45
40.185,40.185,2011.4,2011.4
20.257,20.257,1014,1014
0,0,0,0
2.5217,2.5217,123.73,123.73
1.8996,1.8996,93.201,93.201
0,0,0,0
4.0138,4.0138,195.01,195.01
0,0,0,0
0,0,0,0
0,0,0,0
1.7981,1.7981,88.209,88.209
0,0,0,0
1.7677,1.7677,82.111,82.111
6.702,6.702,327.62,327.62
67.175,67.175,3283.8,3283.8
33.993,33.993,1661.7,1661.7
2.4156,2.4156,111.05,111.05
1.5785,1.5785,70.913,70.913
2.3119,2.3119,111.3,111.3
20.45,20.45,1038.5,1038.5
10.791,10.791,548.02,548.02
13.993,13.993,675.93,675.93
11.144,11.144,538.31,538.31
15.342,15.342,735.32,735.32
4.1104,4.1104,197,197
11.546,11.546,567.1,567.1
7.0603,7.0603,334.11,334.11
3.7565,3.7565,184.69,184.69
4.0042,4.0042,197.76,197.76
42.03,42.03,2084.5,2084.5
22.367,22.367,1109.3,1109.3
19.501,19.501,927.81,927.81
6.0475,6.0475,283.78,283.78
3.0341,3.0341,139.81,139.81
0,0,0,0
11.216,11.216,540.32,540.32
64.653,64.653,3114.6,3114.6
18.815,18.815,906.43,906.43
23.309,23.309,1103.3,1103.3
7.1667,7.1667,356.24,356.24
53.201,53.201,2545.8,2545.8
74.374,74.374,3559.1,3559.1
52.768,52.768,2616.4,2616.4
39.564,39.564,1961.7,1961.7
11.131,11.131,515.74,515.74
50.996,50.996,2405.6,2405.6
114.5,114.5,5401.1,5401.1
98.284,98.284,4663.8,4663.8
71.955,71.955,3428.9,3428.9
83.894,83.894,3985.6,3985.6
113.36,113.36,5376.3,5376.3
116.89,116.89,5408.7,5408.7
125.41,125.41,5881.7,5881.7
29.864,29.864,1400.7,1400.7
124.94,124.94,5866,5866
120.22,120.22,5648.1,5648.1
63.386,63.386,3123,3123
48.753,48.753,2303,2303
47.619,47.619,2249.5,2249.5
52.392,52.392,2543.6,2543.6
121.29,121.29,5697.1,5697.1
41.156,41.156,1933.1,1933.1
63.687,63.687,3091.3,3091.3
113.88,113.88,5555.5,5555.5
34.893,34.893,1702.2,1702.2
120.85,120.85,5646.4,5646.4
52.598,52.598,2478.9,2478.9
121.06,121.06,5657.4,5657.4
31.61,31.61,1658.2,1658.2
119.69,119.69,6278.5,6278.5
107.96,107.96,6225,6225
29.793,29.793,1381.3,1381.3
59.565,59.565,2785.4,2785.4
109.33,109.33,5112.6,5112.6
123.04,123.04,6547.9,6547.9
36.109,36.109,1690.5,1690.5
25.292,25.292,1176.9,1176.9
100.52,100.52,4726.2,4726.2
60.435,60.435,2829.5,2829.5
36.71,36.71,1715,1715
93.221,93.221,4319.7,4319.7
113.94,113.94,5623.6,5623.6
32.821,32.821,1788.9,1788.9
116.14,116.14,5427.8,5427.8
106.68,106.68,5368.9,5368.9
23.856,23.856,1138.9,1138.9
59.377,59.377,2862.8,2862.8
89.274,89.274,4299.4,4299.4
123.93,123.93,5796.2,5796.2
71.38,71.38,3456.4,3456.4
69.379,69.379,3253.9,3253.9
111.8,111.8,5247.1,5247.1
98.925,98.925,4595.2,4595.2
68.502,68.502,3206.7,3206.7
122.46,122.46,6188.6,6188.6
56.287,56.287,2638.5,2638.5
60.214,60.214,3151.9,3151.9
115.53,115.53,5470.9,5470.9
97.186,97.186,4609,4609
84.207,84.207,4143.4,4143.4
123.51,123.51,5782.8,5782.8
124.92,124.92,5883,5883
103.5,103.5,5243.4,5243.4
97.792,97.792,5081.2,5081.2
104.5,104.5,4871.9,4871.9
119.83,119.83,5640.2,5640.2
106.83,106.83,5021.8,5021.8
43.63,43.63,1997.7,1997.7
81.109,81.109,3858.9,3858.9
114.99,114.99,5994.8,5994.8
53.021,53.021,2533.2,2533.2
11.408,11.408,542.87,542.87
54.747,54.747,2540.9,2540.9
120.52,120.52,6611,6611
53.147,53.147,2849.2,2849.2
19.096,19.096,886.34,886.34
66.48,66.48,3207.2,3207.2
111.42,111.42,5227.6,5227.6
54.466,54.466,2555.5,2555.5
30.494,30.494,1437.7,1437.7
83.801,83.801,4115.9,4115.9
109.85,109.85,5207.1,5207.1
80.343,80.343,3818,3818
104.28,104.28,4903.3,4903.3
101.68,101.68,4877.6,4877.6
118.68,118.68,5737.8,5737.8
53.537,53.537,2548.5,2548.5
117.76,117.76,6227.9,6227.9
47.419,47.419,2477,2477
15.72,15.72,821.16,821.16
0,0,0,0
0,0,0,0
0,0,0,0
4.3555,0,76.159,0
4.6525,0,67.67,0
5.6018,0,81.028,0
13.406,0,192.46,0
21.529,0,308.63,0
8.506,0,122.13,0
0,0,0,0
0,0,0,0
0,0,0,0
0,0,0,0
0,0,0,0
0,0,0,0
0,0,0,0
0,0,0,0
0,0,0,0
0,0,0,0
0,0,0,0
0,0,0,0
0,0,0,0
0,0,0,0
0,0,0,0
0,0,0,0
0,0,0,0
0,0,0,0
0,0,0,0
0,0,0,0
0,0,0,0
0,0,0,0
0,0,0,0
0,0,0,0
0,0,0,0
0,0,0,0
0,0,0,0
0,0,0,0
0,0,0,0
0,0,0,0
0,0,0,0
0,0,0,0
0,0,0,0
0,0,0,0
0,0,0,0
0,0,0,0
0,0,0,0
0,0,0,0
0,0,0,0
0,0,0,0
0,0,0,0
0,0,0,0
0,0,0,0
0,0,0,0
3.0944,3.0944,154.89,154.89
30.897,30.897,1546.6,1546.6
15.575,15.575,779.63,779.63
0,0,0,0
1.5351,1.5351,75.319,75.319
0,0,0,0
0,0,0,0
2.4853,2.4853,120.75,120.75
0,0,0,0
0,0,0,0
0,0,0,0
0,0,0,0
0,0,0,0
0,0,0,0
5.542,5.542,270.92,270.92
55.548,55.548,2715.4,2715.4
28.109,28.109,1374.1,1374.1
1.4786,1.4786,67.972,67.972
0,0,0,0
1.3953,1.3953,70.857,70.857
14.584,14.584,740.62,740.62
7.696,7.696,390.82,390.82
9.7473,9.7473,470.85,470.85
7.7628,7.7628,374.98,374.98
10.519,10.519,504.17,504.17
2.8183,2.8183,135.07,135.07
7.7424,7.7424,380.29,380.29
4.7079,4.7079,222.79,222.79
2.3723,2.3723,116.63,116.63
3.0791,3.0791,152.71,152.71
32.456,32.456,1609.7,1609.7
17.272,17.272,856.64,856.64
13.775,13.775,655.4,655.4
3.8431,3.8431,180.33,180.33
1.8347,1.8347,84.538,84.538
0,0,0,0
9.0531,9.0531,436.13,436.13
52.186,52.186,2514.1,2514.1
15.187,15.187,731.65,731.65
16.579,16.579,784.76,784.76
4.8011,4.8011,238.65,238.65
45.875,45.875,2195.3,2195.3
64.132,64.132,3069,3069
42.738,42.738,2119,2119
32.043,32.043,1588.8,1588.8
7.4533,7.4533,345.33,345.33
49.103,49.103,2316.3,2316.3
110.25,110.25,5200.6,5200.6
89.084,89.084,4227.3,4227.3
60.065,60.065,2862.3,2862.3
73.906,73.906,3511.1,3511.1
104.02,104.02,4933.5,4933.5
123.35,123.35,5707.8,5707.8
123.8,123.8,5806.2,5806.2
29.48,29.48,1382.7,1382.7
121.86,121.86,5721.2,5721.2
115.23,115.23,5413.4,5413.4
50.871,50.871,2506.4,2506.4
39.64,39.64,1872.5,1872.5
38.718,38.718,1829,1829
59.853,59.853,2736.9,2736.9
121.92,121.92,5726.8,5726.8
41.371,41.371,1943.2,1943.2
51.06,51.06,2478.4,2478.4
104.58,104.58,5101.6,5101.6
32.042,32.042,1563.1,1563.1
123.3,123.3,5761.1,5761.1
42.025,42.025,1980.6,1980.6
125.27,125.27,5854.2,5854.2
30.6,30.6,1550.9,1550.9
111.94,111.94,5872.1,5872.1
97.515,97.515,5622.6,5622.6
33.625,33.625,1576.8,1576.8
60.068,60.068,2808.9,2808.9
110.25,110.25,5155.8,5155.8
121.11,121.11,6445.2,6445.2
33.438,33.438,1528.1,1528.1
19.161,19.161,891.61,891.61
92.654,92.654,4356.4,4356.4
67.049,67.049,3132.4,3132.4
44.171,44.171,2063.6,2063.6
105.52,105.52,4889.7,4889.7
103.61,103.61,5114.1,5114.1
28.648,28.648,1561.4,1561.4
111.82,111.82,5226,5226
100.61,100.61,4767.4,4767.4
26.061,26.061,1256.5,1256.5
72.449,72.449,3493,3493
95.94,95.94,4620.4,4620.4
121.43,121.43,5679.2,5679.2
58.053,58.053,2811.1,2811.1
59.049,59.049,2769.4,2769.4
111.75,111.75,5244.7,5244.7
95.241,95.241,4424.1,4424.1
61.632,61.632,2901.9,2901.9
125.73,125.73,6353.8,6353.8
44.591,44.591,2090.2,2090.2
48.061,48.061,2563.7,2563.7
105.69,105.69,5004.9,5004.9
92.439,92.439,4502,4502
96.848,96.848,4765.4,4765.4
121.7,121.7,5698.3,5698.3
125.06,125.06,5889.8,5889.8
107.08,107.08,5424.8,5424.8
88.45,88.45,4595.9,4595.9
96.799,96.799,4512.9,4512.9
111.27,111.27,5237.5,5237.5
115.74,115.74,5440.6,5440.6
41.525,41.525,1951.3,1951.3
68.738,68.738,3270.3,3270.3
119.21,119.21,6214.5,6214.5
42.903,42.903,2049.8,2049.8
15.405,15.405,733.12,733.12
45.336,45.336,2132.1,2132.1
120.37,120.37,6057.8,6057.8
46.319,46.319,2483.1,2483.1
13.631,13.631,632.68,632.68
59.476,59.476,2869.3,2869.3
114.01,114.01,5349.2,5349.2
55.733,55.733,2615,2615
22.71,22.71,1070.7,1070.7
71.821,71.821,3527.5,3527.5
109.55,109.55,5192.7,5192.7
83.36,83.36,3961.4,3961.4
98.242,98.242,4619.5,4619.5
102.34,102.34,4909.4,4909.4
119.95,119.95,5799.2,5799.2
43.776,43.776,2083.9,2083.9
108.59,108.59,5496.3,5496.3
59.659,59.659,3116.5,3116.5
19.778,19.778,1033.1,1033.1
0,0,0,0
0,0,0,0
0,0,0,0
0,0,0,0
0,0,0,0
0,0,0,0
8.2968,0,119.11,0
13.781,0,197.55,0
5.2426,0,75.277,0
0,0,0,0
0,0,0,0
0,0,0,0
0,0,0,0
0,0,0,0
0,0,0,0
0,0,0,0
0,0,0,0
0,0,0,0
0,0,0,0
0,0,0,0
0,0,0,0
0,0,0,0
0,0,0,0
0,0,0,0
0,0,0,0
0,0,0,0
0,0,0,0
0,0,0,0
0,0,0,0
0,0,0,0
0,0,0,0
0,0,0,0
0,0,0,0
0,0,0,0
0,0,0,0
0,0,0,0
0,0,0,0
0,0,0,0
0,0,0,0
0,0,0,0
0,0,0,0
0,0,0,0
0,0,0,0
0,0,0,0
0,0,0,0
0,0,0,0
0,0,0,0
0,0,0,0
0,0,0,0
0,0,0,0
0,0,0,0
0,0,0,0
0,0,0,0
2.3053,2.3053,115.39,115.39
23.019,23.019,1152.2,1152.2
11.604,11.604,580.83,580.83
0,0,0,0
0,0,0,0
0,0,0,0
0,0,0,0
1.4911,1.4911,72.445,72.445
0,0,0,0
0,0,0,0
0,0,0,0
0,0,0,0
0,0,0,0
0,0,0,0
4.4405,4.4405,217.07,217.07
44.508,44.508,2175.7,2175.7
22.522,22.522,1101,1101
0,0,0,0
0,0,0,0
0,0,0,0
10.078,10.078,511.78,511.78
5.318,5.318,270.06,270.06
6.5791,6.5791,317.81,317.81
5.2396,5.2396,253.1,253.1
6.9887,6.9887,334.95,334.95
1.8724,1.8724,89.738,89.738
5.0307,5.0307,247.09,247.09
3.0418,3.0418,143.95,143.95
0,0,0,0
2.3039,2.3039,114.27,114.27
24.285,24.285,1204.5,1204.5
12.924,12.924,640.97,640.97
9.4286,9.4286,448.6,448.6
2.3664,2.3664,111.04,111.04
0,0,0,0
0,0,0,0
7.0805,7.0805,341.11,341.11
40.815,40.815,1966.3,1966.3
11.878,11.878,572.23,572.23
11.427,11.427,540.86,540.86
3.1165,3.1165,154.91,154.91
38.329,38.329,1834.2,1834.2
53.584,53.584,2564.2,2564.2
33.539,33.539,1662.9,1662.9
25.147,25.147,1246.8,1246.8
4.8357,4.8357,224.05,224.05
45.813,45.813,2161,2161
102.86,102.86,4852.1,4852.1
78.238,78.238,3712.6,3712.6
48.583,48.583,2315.2,2315.2
63.086,63.086,2997.1,2997.1
92.488,92.488,4386.6,4386.6
126.13,126.13,5836.5,5836.5
118.41,118.41,5553.6,5553.6
28.198,28.198,1322.5,1322.5
115.16,115.16,5406.8,5406.8
107.01,107.01,5027.3,5027.3
39.56,39.56,1949.1,1949.1
31.23,31.23,1475.3,1475.3
30.504,30.504,1441,1441
73.361,73.361,3354.6,3354.6
118.75,118.75,5577.9,5577.9
40.295,40.295,1892.7,1892.7
39.665,39.665,1925.3,1925.3
93.051,93.051,4539.3,4539.3
39.602,39.602,1807.5,1807.5
121.9,121.9,5695.6,5695.6
38.951,38.951,1819.9,1819.9
125.6,125.6,5869.8,5869.8
30.682,30.682,1433.8,1433.8
101.44,101.44,5321.6,5321.6
85.343,85.343,4920.8,4920.8
42.408,42.408,1988.7,1988.7
58.695,58.695,2744.7,2744.7
107.73,107.73,5037.9,5037.9
115.51,115.51,6147.1,6147.1
43.888,43.888,2005.6,2005.6
15.738,15.738,719.22,719.22
82.752,82.752,3890.8,3890.8
78.171,78.171,3652.1,3652.1
51.498,51.498,2405.9,2405.9
115.74,115.74,5363.1,5363.1
91.301,91.301,4506.4,4506.4
24.229,24.229,1320.6,1320.6
104.32,104.32,4875.5,4875.5
109.66,109.66,5145.2,5145.2
30.811,30.811,1485.5,1485.5
85.654,85.654,4129.7,4129.7
99.903,99.903,4811.2,4811.2
115.28,115.28,5391.7,5391.7
45.749,45.749,2215.3,2215.3
56.299,56.299,2642.3,2642.3
108.23,108.23,5079.4,5079.4
88.847,88.847,4127.1,4127.1
64.218,64.218,3023.6,3023.6
125.08,125.08,6320.9,6320.9
34.228,34.228,1604.5,1604.5
37.877,37.877,2020.5,2020.5
93.683,93.683,4436.3,4436.3
95.847,95.847,4668,4668
107.93,107.93,5310.6,5310.6
116.2,116.2,5440.7,5440.7
121.32,121.32,5713.5,5713.5
107.35,107.35,5438.3,5438.3
77.517,77.517,4027.8,4027.8
86.883,86.883,4050.6,4050.6
100.12,100.12,4712.6,4712.6
121.5,121.5,5711.2,5711.2
52.763,52.763,2479.3,2479.3
68.024,68.024,3233.1,3233.1
119.74,119.74,6242.2,6242.2
33.638,33.638,1607.1,1607.1
20.158,20.158,959.29,959.29
49.666,49.666,2322.1,2322.1
116.5,116.5,5478.6,5478.6
39.114,39.114,2096.9,2096.9
9.428,9.428,437.6,437.6
66.984,66.984,3132.7,3132.7
113.04,113.04,5303.6,5303.6
55.258,55.258,2592.7,2592.7
18.548,18.548,935.16,935.16
59.643,59.643,2929.4,2929.4
105.85,105.85,5017.6,5017.6
83.805,83.805,3982.6,3982.6
89.681,89.681,4216.9,4216.9
99.808,99.808,4787.9,4787.9
117.46,117.46,5679.2,5679.2
34.684,34.684,1651,1651
97.029,97.029,4699.9,4699.9
72.729,72.729,3799.2,3799.2
24.11,24.11,1259.5,1259.5
0,0,0,0
0,0,0,0
0,0,0,0
0,0,0,0
0,0,0,0
0,0,0,0
4.9754,0,71.429,0
8.5473,0,122.53,0
0,0,0,0
0,0,0,0
0,0,0,0
0,0,0,0
0,0,0,0
0,0,0,0
0,0,0,0
0,0,0,0
0,0,0,0
0,0,0,0
0,0,0,0
0,0,0,0
0,0,0,0
0,0,0,0
0,0,0,0
0,0,0,0
0,0,0,0
0,0,0,0
0,0,0,0
0,0,0,0
0,0,0,0
0,0,0,0
0,0,0,0
0,0,0,0
0,0,0,0
0,0,0,0
0,0,0,0
0,0,0,0
0,0,0,0
0,0,0,0
0,0,0,0
0,0,0,0
0,0,0,0
0,0,0,0
0,0,0,0
0,0,0,0
0,0,0,0
0,0,0,0
0,0,0,0
0,0,0,0
0,0,0,0
0,0,0,0
0,0,0,0
0,0,0,0
0,0,0,0
1.6642,1.6642,83.3,83.3
16.617,16.617,831.74,831.74
8.3765,8.3765,419.29,419.29
0,0,0,0
0,0,0,0
0,0,0,0
0,0,0,0
0,0,0,0
0,0,0,0
0,0,0,0
0,0,0,0
0,0,0,0
0,0,0,0
0,0,0,0
3.4475,3.4475,168.53,168.53
34.555,34.555,1689.2,1689.2
17.486,17.486,854.78,854.78
0,0,0,0
0,0,0,0
0,0,0,0
6.7477,6.7477,342.67,342.67
3.5607,3.5607,180.82,180.82
4.3028,4.3028,207.85,207.85
3.4267,3.4267,165.53,165.53
4.4989,4.4989,215.62,215.62
0,0,0,0
3.1672,3.1672,155.57,155.57
1.9043,1.9043,90.116,90.116
0,0,0,0
1.6704,1.6704,82.844,82.844
17.607,17.607,873.24,873.24
9.37,9.37,464.71,464.71
6.2531,6.2531,297.52,297.52
0,0,0,0
0,0,0,0
0,0,0,0
5.3658,5.3658,258.5,258.5
30.931,30.931,1490.1,1490.1
9.0016,9.0016,433.65,433.65
7.6306,7.6306,361.18,361.18
1.9602,1.9602,97.436,97.436
31.03,31.03,1484.9,1484.9
43.38,43.38,2075.9,2075.9
25.503,25.503,1264.5,1264.5
19.122,19.122,948.08,948.08
3.04,3.04,140.85,140.85
41.415,41.415,1953.6,1953.6
92.989,92.989,4421.1,4421.1
66.579,66.579,3159.3,3159.3
38.076,38.076,1814.5,1814.5
52.178,52.178,2478.9,2478.9
79.681,79.681,3779.2,3779.2
124.97,124.97,5782.8,5782.8
109.74,109.74,5147.2,5147.2
26.134,26.134,1225.7,1225.7
105.46,105.46,4951.1,4951.1
96.294,96.294,4523.8,4523.8
29.808,29.808,1468.7,1468.7
23.84,23.84,1126.2,1126.2
23.286,23.286,1100,1100
87.127,87.127,3984.1,3984.1
112.07,112.07,5264.2,5264.2
38.028,38.028,1786.2,1786.2
29.857,29.857,1449.2,1449.2
80.225,80.225,3913.7,3913.7
51.211,51.211,2337.3,2337.3
116.77,116.77,5456,5456
37.312,37.312,1743.3,1743.3
122.03,122.03,5702.7,5702.7
29.808,29.808,1393,1393
89.078,89.078,4672.9,4672.9
73.81,73.81,4172.9,4172.9
51.824,51.824,2430.3,2430.3
55.573,55.573,2598.7,2598.7
102,102,4769.9,4769.9
106.75,106.75,5680.8,5680.8
55.815,55.815,2550.7,2550.7
20.016,20.016,914.69,914.69
71.614,71.614,3367.1,3367.1
88.309,88.309,4125.7,4125.7
58.177,58.177,2717.9,2717.9
123,123,5699.7,5699.7
77.954,77.954,3847.6,3847.6
19.856,19.856,1082.2,1082.2
94.299,94.299,4407.2,4407.2
115.81,115.81,5433.9,5433.9
35.296,35.296,1701.7,1701.7
98.122,98.122,4730.8,4730.8
100.8,100.8,4854.4,4854.4
106.05,106.05,4959.9,4959.9
34.933,34.933,1691.5,1691.5
52.832,52.832,2479.6,2479.6
101.56,101.56,4766.6,4766.6
80.309,80.309,3730.5,3730.5
64.835,64.835,3052.7,3052.7
120.56,120.56,6092.9,6092.9
25.458,25.458,1193.4,1193.4
28.925,28.925,1542.9,1542.9
80.463,80.463,3810.3,3810.3
96.294,96.294,4689.8,4689.8
116.54,116.54,5734.4,5734.4
107.5,107.5,5033.5,5033.5
114.03,114.03,5370.4,5370.4
104.28,104.28,5282.6,5282.6
65.826,65.826,3420.3,3420.3
75.561,75.561,3522.7,3522.7
87.289,87.289,4108.6,4108.6
123.59,123.59,5809.2,5809.2
64.961,64.961,3052.5,3052.5
67.735,67.735,3219.3,3219.3
116.54,116.54,6075.4,6075.4
25.554,25.554,1220.9,1220.9
25.558,25.558,1216.3,1216.3
62.384,62.384,2916.7,2916.7
109.24,109.24,5137.5,5137.5
32.005,32.005,1715.8,1715.8
6.3184,6.3184,293.27,293.27
76.789,76.789,3591.2,3591.2
108.59,108.59,5095.2,5095.2
53.087,53.087,2490.8,2490.8
23.029,23.029,1161.1,1161.1
64.786,64.786,3266.5,3266.5
99.107,99.107,4697.8,4697.8
81.637,81.637,3879.5,3879.5
79.324,79.324,3729.9,3729.9
94.316,94.316,4524.5,4524.5
111.46,111.46,5389.1,5389.1
26.626,26.626,1267.5,1267.5
90.023,90.023,4226.2,4226.2
85.91,85.91,4487.7,4487.7
28.48,28.48,1487.7,1487.7
0,0,0,0
0,0,0,0
0,0,0,0
0,0,0,0
0,0,0,0
0,0,0,0
0,0,0,0
5.1367,0,73.635,0
0,0,0,0
0,0,0,0
0,0,0,0
0,0,0,0
0,0,0,0
0,0,0,0
0,0,0,0
0,0,0,0
0,0,0,0
0,0,0,0
0,0,0,0
0,0,0,0
0,0,0,0
0,0,0,0
0,0,0,0
0,0,0,0
0,0,0,0
0,0,0,0
0,0,0,0
0,0,0,0
0,0,0,0
0,0,0,0
0,0,0,0
0,0,0,0
0,0,0,0
0,0,0,0
0,0,0,0
0,0,0,0
0,0,0,0
0,0,0,0
0,0,0,0
0,0,0,0
0,0,0,0
0,0,0,0
0,0,0,0
0,0,0,0
0,0,0,0
0,0,0,0
0,0,0,0
0,0,0,0
0,0,0,0
0,0,0,0
0,0,0,0
0,0,0,0
0,0,0,0
0,0,0,0
11.623,11.623,581.77,581.77
5.8591,5.8591,293.27,293.27
0,0,0,0
0,0,0,0
0,0,0,0
0,0,0,0
0,0,0,0
0,0,0,0
0,0,0,0
0,0,0,0
0,0,0,0
0,0,0,0
0,0,0,0
2.5934,2.5934,126.78,126.78
25.994,25.994,1270.7,1270.7
13.154,13.154,643.02,643.02
0,0,0,0
0,0,0,0
0,0,0,0
4.3777,4.3777,222.31,222.31
2.3101,2.3101,117.31,117.31
2.7267,2.7267,131.71,131.71
2.1715,2.1715,104.9,104.9
2.8061,2.8061,134.49,134.49
0,0,0,0
1.9321,1.9321,94.9,94.9
0,0,0,0
0,0,0,0
0,0,0,0
12.369,12.369,613.46,613.46
6.5824,6.5824,326.46,326.46
4.0184,4.0184,191.19,191.19
0,0,0,0
0,0,0,0
0,0,0,0
3.9401,3.9401,189.82,189.82
22.712,22.712,1094.2,1094.2
6.6099,6.6099,318.43,318.43
4.9375,4.9375,233.71,233.71
0,0,0,0
24.341,24.341,1164.8,1164.8
34.029,34.029,1628.4,1628.4
18.791,18.791,931.68,931.68
14.089,14.089,698.54,698.54
1.8517,1.8517,85.795,85.795
36.278,36.278,1711.3,1711.3
81.453,81.453,3905.8,3905.8
54.898,54.898,2605.1,2605.1
29.2,29.2,1385.6,1385.6
41.816,41.816,1986.6,1986.6
66.516,66.516,3154.8,3154.8
119.98,119.98,5551.6,5551.6
98.554,98.554,4622.3,4622.3
23.469,23.469,1100.7,1100.7
93.568,93.568,4392.9,4392.9
83.96,83.96,3944.4,3944.4
21.763,21.763,1072.3,1072.3
17.634,17.634,832.99,832.99
20.679,20.679,942.3,942.3
100.26,100.26,4584.7,4584.7
102.49,102.49,4813.8,4813.8
34.775,34.775,1633.4,1633.4
21.776,21.776,1057,1057
67.02,67.02,3269.4,3269.4
64.166,64.166,2928.6,2928.6
120.89,120.89,5712.7,5712.7
34.633,34.633,1618.2,1618.2
114.87,114.87,5368.4,5368.4
28.061,28.061,1311.4,1311.4
92.288,92.288,4285.2,4285.2
78.335,78.335,3782.5,3782.5
61.364,61.364,2877.6,2877.6
60.935,60.935,2857.5,2857.5
93.579,93.579,4376,4376
95.587,95.587,5086.8,5086.8
68.78,68.78,3143.2,3143.2
24.665,24.665,1127.2,1127.2
60.051,60.051,2823.4,2823.4
96.665,96.665,4516,4516
63.681,63.681,2975.1,2975.1
126.67,126.67,5869.4,5869.4
64.491,64.491,3183.1,3183.1
17.048,17.048,859.35,859.35
85.958,85.958,3967.1,3967.1
118.52,118.52,5560.7,5560.7
39.178,39.178,1888.9,1888.9
108.91,108.91,5251.1,5251.1
98.547,98.547,4745.9,4745.9
94.525,94.525,4539.6,4539.6
29.397,29.397,1374.9,1374.9
48.04,48.04,2254.6,2254.6
92.349,92.349,4334.2,4334.2
70.337,70.337,3267.3,3267.3
63.425,63.425,2986.3,2986.3
112.61,112.61,5690.7,5690.7
21.949,21.949,1109.2,1109.2
21.402,21.402,1141.7,1141.7
75.145,75.145,3659.8,3659.8
93.74,93.74,4565.4,4565.4
121.94,121.94,5999.8,5999.8
96.37,96.37,4512.1,4512.1
103.86,103.86,4891.2,4891.2
98.145,98.145,4971.9,4971.9
58.837,58.837,2980.6,2980.6
63.674,63.674,2968.6,2968.6
73.739,73.739,3476.4,3476.4
121.8,121.8,5725.4,5725.4
77.495,77.495,3641.5,3641.5
65.354,65.354,3106.1,3106.1
109.9,109.9,5729.4,5729.4
18.811,18.811,898.73,898.73
31.398,31.398,1494.2,1494.2
75.927,75.927,3549.8,3549.8
99.259,99.259,4668.1,4668.1
25.374,25.374,1360.3,1360.3
5.391,5.391,252.12,252.12
85.295,85.295,3989,3989
102.79,102.79,5004.9,5004.9
55.354,55.354,2695.3,2695.3
27.707,27.707,1397,1397
77.943,77.943,3929.9,3929.9
89.91,89.91,4261.9,4261.9
77.055,77.055,3661.8,3661.8
67.985,67.985,3196.7,3196.7
86.36,86.36,4142.8,4142.8
102.48,102.48,4954.9,4954.9
24.498,24.498,1150.1,1150.1
102.56,102.56,4814.6,4814.6
98.329,98.329,5136.5,5136.5
32.597,32.597,1702.8,1702.8
0,0,0,0
0,0,0,0
0,0,0,0
0,0,0,0
0,0,0,0
0,0,0,0
0,0,0,0
0,0,0,0
0,0,0,0
0,0,0,0
0,0,0,0
0,0,0,0
0,0,0,0
0,0,0,0
0,0,0,0
0,0,0,0
0,0,0,0
0,0,0,0
0,0,0,0
0,0,0,0
0,0,0,0
0,0,0,0
0,0,0,0
0,0,0,0
0,0,0,0
0,0,0,0
0,0,0,0
0,0,0,0
0,0,0,0
0,0,0,0
0,0,0,0
0,0,0,0
0,0,0,0
0,0,0,0
0,0,0,0
0,0,0,0
0,0,0,0
0,0,0,0
0,0,0,0
0,0,0,0
0,0,0,0
0,0,0,0
0,0,0,0
0,0,0,0
0,0,0,0
0,0,0,0
0,0,0,0
0,0,0,0
0,0,0,0
0,0,0,0
0,0,0,0
0,0,0,0
0,0,0,0
0,0,0,0
7.8773,7.8773,394.3,394.3
3.971,3.971,198.77,198.77
0,0,0,0
0,0,0,0
0,0,0,0
0,0,0,0
0,0,0,0
0,0,0,0
0,0,0,0
0,0,0,0
0,0,0,0
0,0,0,0
0,0,0,0
1.8903,1.8903,92.408,92.408
18.947,18.947,926.23,926.23
9.588,9.588,468.7,468.7
0,0,0,0
0,0,0,0
0,0,0,0
2.752,2.752,139.75,139.75
1.4522,1.4522,73.747,73.747
1.6743,1.6743,80.876,80.876
0,0,0,0
1.696,1.696,81.284,81.284
0,0,0,0
0,0,0,0
0,0,0,0
0,0,0,0
0,0,0,0
8.4195,8.4195,417.57,417.57
4.4806,4.4806,222.22,222.22
2.5021,2.5021,119.05,119.05
0,0,0,0
0,0,0,0
0,0,0,0
2.8034,2.8034,135.05,135.05
16.16,16.16,778.51,778.51
4.7029,4.7029,226.56,226.56
3.0957,3.0957,146.53,146.53
0,0,0,0
18.502,18.502,885.37,885.37
25.865,25.865,1237.7,1237.7
13.415,13.415,665.14,665.14
10.058,10.058,498.7,498.7
0,0,0,0
30.791,30.791,1452.4,1452.4
69.376,69.376,3343.3,3343.3
43.861,43.861,2081.3,2081.3
23.33,23.33,1107.1,1107.1
32.472,32.472,1542.7,1542.7
53.803,53.803,2551.8,2551.8
111.6,111.6,5164.3,5164.3
85.756,85.756,4022.1,4022.1
20.422,20.422,957.82,957.82
80.442,80.442,3776.7,3776.7
70.933,70.933,3332.4,3332.4
15.396,15.396,758.57,758.57
12.638,12.638,597.01,597.01
23.164,23.164,1055.5,1055.5
111.8,111.8,5112.1,5112.1
90.808,90.808,4265.4,4265.4
30.813,30.813,1447.3,1447.3
15.389,15.389,746.98,746.98
54.25,54.25,2646.5,2646.5
77.903,77.903,3555.6,3555.6
126.48,126.48,5976.8,5976.8
32.599,32.599,1540.5,1540.5
104.78,104.78,4896.7,4896.7
25.595,25.595,1196.1,1196.1
94.906,94.906,4406.8,4406.8
88.051,88.051,4302.1,4302.1
70.405,70.405,3301.6,3301.6
69.912,69.912,3278.5,3278.5
83.185,83.185,3889.9,3889.9
82.936,82.936,4413.6,4413.6
82.125,82.125,3753,3753
29.451,29.451,1345.9,1345.9
48.791,48.791,2294,2294
102.53,102.53,4789.8,4789.8
67.542,67.542,3155.5,3155.5
126.39,126.39,5856.5,5856.5
76.107,76.107,3489.3,3489.3
20.757,20.757,951.65,951.65
90.615,90.615,4182,4182
117.51,117.51,5513.6,5513.6
42.137,42.137,2031.6,2031.6
117.14,117.14,5647.7,5647.7
93.353,93.353,4495.8,4495.8
81.639,81.639,4160.6,4160.6
28.144,28.144,1301.2,1301.2
42.326,42.326,1986.5,1986.5
81.365,81.365,3818.7,3818.7
59.691,59.691,2772.7,2772.7
60.12,60.12,2830.7,2830.7
101.91,101.91,5150.1,5150.1
19.864,19.864,1003.8,1003.8
15.345,15.345,818.53,818.53
70.881,70.881,3452.1,3452.1
88.42,88.42,4306.3,4306.3
123.62,123.62,6082.6,6082.6
83.707,83.707,3919.2,3919.2
91.654,91.654,4316.5,4316.5
89.506,89.506,4534.3,4534.3
53.658,53.658,2718.3,2718.3
51.992,51.992,2423.9,2423.9
61.207,61.207,2971.6,2971.6
116.32,116.32,5467.6,5467.6
89.577,89.577,4209.2,4209.2
61.098,61.098,2903.9,2903.9
100.43,100.43,5235.4,5235.4
13.417,13.417,671.42,671.42
37.376,37.376,1778.6,1778.6
89.539,89.539,4186.3,4186.3
87.389,87.389,4109.8,4109.8
19.493,19.493,1045,1045
5.8022,5.8022,271.36,271.36
91.802,91.802,4293.4,4293.4
108.61,108.61,5288.5,5288.5
58.49,58.49,2848,2848
32.299,32.299,1628.5,1628.5
90.861,90.861,4581.2,4581.2
79.033,79.033,3746.3,3746.3
83.528,83.528,3921.9,3921.9
56.457,56.457,2654.7,2654.7
76.62,76.62,3675.6,3675.6
91.303,91.303,4414.3,4414.3
27.043,27.043,1269.5,1269.5
113.21,113.21,5314.7,5314.7
109.05,109.05,5696.4,5696.4
36.15,36.15,1888.4,1888.4
0,0,0,0
0,0,0,0
0,0,0,0
0,0,0,0
0,0,0,0
0,0,0,0
0,0,0,0
0,0,0,0
0,0,0,0
0,0,0,0
0,0,0,0
0,0,0,0
0,0,0,0
0,0,0,0
0,0,0,0
0,0,0,0
0,0,0,0
0,0,0,0
0,0,0,0
0,0,0,0
0,0,0,0
0,0,0,0
0,0,0,0
0,0,0,0
0,0,0,0
0,0,0,0
0,0,0,0
0,0,0,0
0,0,0,0
0,0,0,0
0,0,0,0
0,0,0,0
0,0,0,0
0,0,0,0
0,0,0,0
0,0,0,0
0,0,0,0
0,0,0,0
0,0,0,0
0,0,0,0
0,0,0,0
0,0,0,0
0,0,0,0
0,0,0,0
0,0,0,0
0,0,0,0
0,0,0,0
0,0,0,0
0,0,0,0
0,0,0,0
0,0,0,0
0,0,0,0
0,0,0,0
0,0,0,0
5.173,5.173,258.93,258.93
2.6077,2.6077,130.53,130.53
0,0,0,0
0,0,0,0
0,0,0,0
0,0,0,0
0,0,0,0
0,0,0,0
0,0,0,0
0,0,0,0
0,0,0,0
0,0,0,0
0,0,0,0
0,0,0,0
13.382,13.382,654.17,654.17
6.7718,6.7718,331.03,331.03
0,0,0,0
0,0,0,0
0,0,0,0
1.6763,1.6763,85.125,85.125
0,0,0,0
0,0,0,0
0,0,0,0
0,0,0,0
0,0,0,0
0,0,0,0
0,0,0,0
0,0,0,0
0,0,0,0
5.5531,5.5531,275.41,275.41
2.9552,2.9552,146.57,146.57
1.5096,1.5096,71.826,71.826
0,0,0,0
0,0,0,0
0,0,0,0
1.9327,1.9327,93.108,93.108
11.141,11.141,536.71,536.71
3.2422,3.2422,156.2,156.2
1.8807,1.8807,89.018,89.018
0,0,0,0
13.626,13.626,652.06,652.06
19.049,19.049,911.57,911.57
9.2798,9.2798,460.11,460.11
6.9577,6.9577,344.98,344.98
0,0,0,0
25.322,25.322,1194.5,1194.5
57.542,57.542,2773,2773
33.955,33.955,1611.3,1611.3
18.061,18.061,857.02,857.02
24.432,24.432,1160.7,1160.7
42.168,42.168,2000,2000
100.59,100.59,4654.8,4654.8
72.304,72.304,3391.2,3391.2
17.218,17.218,807.57,807.57
67.011,67.011,3146.1,3146.1
58.066,58.066,2727.9,2727.9
10.554,10.554,519.98,519.98
8.7766,8.7766,414.6,414.6
25.142,25.142,1145.7,1145.7
120.79,120.79,5523.2,5523.2
77.964,77.964,3662,3662
26.455,26.455,1242.6,1242.6
10.538,10.538,511.5,511.5
42.549,42.549,2075.7,2075.7
91.643,91.643,4182.7,4182.7
128.22,128.22,6059.1,6059.1
33.047,33.047,1561.7,1561.7
92.608,92.608,4327.8,4327.8
22.622,22.622,1057.2,1057.2
94.567,94.567,4391,4391
97.037,97.037,4741.1,4741.1
78.27,78.27,3670.4,3670.4
77.722,77.722,3644.7,3644.7
71.649,71.649,3350.5,3350.5
69.724,69.724,3710.5,3710.5
95.015,95.015,4342.1,4342.1
34.073,34.073,1557.1,1557.1
38.412,38.412,1806,1806
105.36,105.36,4922.5,4922.5
69.413,69.413,3242.9,3242.9
122.19,122.19,5662.1,5662.1
89.787,89.787,4116.5,4116.5
24.488,24.488,1122.7,1122.7
92.559,92.559,4271.7,4271.7
112.9,112.9,5297.3,5297.3
43.913,43.913,2117.2,2117.2
122.08,122.08,5885.7,5885.7
85.687,85.687,4126.6,4126.6
88.307,88.307,4082.6,4082.6
33.05,33.05,1528,1528
36.133,36.133,1695.8,1695.8
69.461,69.461,3260,3260
49.084,49.084,2280,2280
55.218,55.218,2599.9,2599.9
91.385,91.385,4516.2,4516.2
17.418,17.418,880.26,880.26
10.66,10.66,568.64,568.64
80.531,80.531,3681.4,3681.4
80.813,80.813,3935.8,3935.8
123.25,123.25,5975,5975
70.45,70.45,3298.5,3298.5
78.372,78.372,3691,3691
79.093,79.093,4006.8,4006.8
47.416,47.416,2402,2402
41.134,41.134,1917.7,1917.7
50.695,50.695,2461.2,2461.2
107.63,107.63,5059.3,5059.3
100.33,100.33,4714.4,4714.4
55.346,55.346,2630.5,2630.5
88.918,88.918,4635.4,4635.4
14.827,14.827,697.72,697.72
43.11,43.11,2051.5,2051.5
102.31,102.31,4783.6,4783.6
74.549,74.549,3506,3506
14.51,14.51,777.87,777.87
6.051,6.051,282.99,282.99
95.738,95.738,4477.4,4477.4
111.2,111.2,5414.6,5414.6
59.885,59.885,2915.9,2915.9
36.483,36.483,1839.5,1839.5
102.63,102.63,5174.7,5174.7
84.609,84.609,4002.2,4002.2
94.268,94.268,4426.2,4426.2
45.429,45.429,2136.1,2136.1
65.868,65.868,3159.8,3159.8
78.816,78.816,3810.6,3810.6
28.924,28.924,1357.9,1357.9
121.09,121.09,5684.5,5684.5
117.18,117.18,6121.3,6121.3
38.847,38.847,2029.3,2029.3
0,0,0,0
0,0,0,0
0,0,0,0
0,0,0,0
0,0,0,0
0,0,0,0
0,0,0,0
0,0,0,0
0,0,0,0
0,0,0,0
0,0,0,0
0,0,0,0
0,0,0,0
0,0,0,0
0,0,0,0
0,0,0,0
0,0,0,0
0,0,0,0
0,0,0,0
0,0,0,0
0,0,0,0
0,0,0,0
0,0,0,0
0,0,0,0
0,0,0,0
0,0,0,0
0,0,0,0
0,0,0,0
0,0,0,0
0,0,0,0
0,0,0,0
0,0,0,0
0,0,0,0
0,0,0,0
0,0,0,0
0,0,0,0
0,0,0,0
0,0,0,0
0,0,0,0
0,0,0,0
0,0,0,0
0,0,0,0
0,0,0,0
0,0,0,0
0,0,0,0
0,0,0,0
0,0,0,0
0,0,0,0
0,0,0,0
0,0,0,0
0,0,0,0
0,0,0,0
0,0,0,0
0,0,0,0
3.2917,3.2917,164.76,164.76
1.6593,1.6593,83.058,83.058
0,0,0,0
0,0,0,0
0,0,0,0
0,0,0,0
0,0,0,0
0,0,0,0
0,0,0,0
0,0,0,0
0,0,0,0
0,0,0,0
0,0,0,0
0,0,0,0
9.158,9.158,447.68,447.68
4.6342,4.6342,226.54,226.54
0,0,0,0
0,0,0,0
0,0,0,0
0,0,0,0
0,0,0,0
0,0,0,0
0,0,0,0
0,0,0,0
0,0,0,0
0,0,0,0
0,0,0,0
0,0,0,0
0,0,0,0
3.5489,3.5489,176.01,176.01
1.8886,1.8886,93.667,93.667
0,0,0,0
0,0,0,0
0,0,0,0
0,0,0,0
0,0,0,0
7.4421,7.4421,358.53,358.53
2.1658,2.1658,104.34,104.34
0,0,0,0
0,0,0,0
9.7239,9.7239,465.32,465.32
13.594,13.594,650.52,650.52
6.22,6.22,308.4,308.4
4.6635,4.6635,231.23,231.23
0,0,0,0
20.179,20.179,951.84,951.84
46.245,46.245,2228.6,2228.6
25.47,25.47,1208.6,1208.6
13.548,13.548,642.87,642.87
17.813,17.813,846.24,846.24
32.023,32.023,1518.8,1518.8
87.854,87.854,4065.3,4065.3
59.069,59.069,2770.4,2770.4
14.067,14.067,659.74,659.74
54.089,54.089,2539.4,2539.4
46.058,46.058,2163.8,2163.8
7.0097,7.0097,345.36,345.36
5.9057,5.9057,278.98,278.98
26.442,26.442,1204.9,1204.9
126.45,126.45,5782.1,5782.1
64.858,64.858,3046.4,3046.4
22.007,22.007,1033.7,1033.7
6.9919,6.9919,339.38,339.38
32.336,32.336,1577.5,1577.5
104.46,104.46,4767.7,4767.7
125.95,125.95,5951.8,5951.8
32.462,32.462,1534,1534
79.307,79.307,3706.3,3706.3
19.373,19.373,905.34,905.34
91.304,91.304,4239.5,4239.5
103.62,103.62,5062.8,5062.8
84.311,84.311,3953.7,3953.7
83.721,83.721,3926,3926
59.797,59.797,2886.4,2886.4
56.798,56.798,3022.6,3022.6
106.51,106.51,4867.6,4867.6
38.197,38.197,1745.5,1745.5
29.301,29.301,1377.7,1377.7
104.92,104.92,4901.8,4901.8
69.121,69.121,3229.2,3229.2
114.47,114.47,5710,5710
102.64,102.64,4705.6,4705.6
27.993,27.993,1283.4,1283.4
91.609,91.609,4227.9,4227.9
105.1,105.1,4931.4,4931.4
44.342,44.342,2137.9,2137.9
123.27,123.27,5943.2,5943.2
76.208,76.208,3670.1,3670.1
100.48,100.48,4645.3,4645.3
37.605,37.605,1738.6,1738.6
29.889,29.889,1402.8,1402.8
57.458,57.458,2696.7,2696.7
56.723,56.723,2604.5,2604.5
49.141,49.141,2313.7,2313.7
81.327,81.327,3837.3,3837.3
14.8,14.8,747.94,747.94
7.1756,7.1756,382.77,382.77
90.274,90.274,4126.8,4126.8
71.566,71.566,3485.5,3485.5
125.42,125.42,5868.2,5868.2
57.451,57.451,2689.9,2689.9
64.935,64.935,3058.1,3058.1
67.722,67.722,3430.7,3430.7
40.599,40.599,2056.7,2056.7
31.534,31.534,1521.6,1521.6
40.684,40.684,1975.2,1975.2
96.503,96.503,4536.2,4536.2
108.88,108.88,5116.3,5116.3
50.892,50.892,2391.4,2391.4
76.284,76.284,3976.8,3976.8
20.734,20.734,975.68,975.68
48.179,48.179,2292.8,2292.8
113.28,113.28,5296.4,5296.4
61.622,61.622,2898,2898
10.465,10.465,561.04,561.04
6.1145,6.1145,285.96,285.96
96.742,96.742,4524.4,4524.4
110.32,110.32,5371.6,5371.6
59.409,59.409,2892.8,2892.8
39.929,39.929,2013.2,2013.2
112.33,112.33,5663.6,5663.6
97.568,97.568,4615.2,4615.2
103.09,103.09,4840.2,4840.2
35.42,35.42,1665.5,1665.5
54.866,54.866,2632,2632
65.924,65.924,3187.3,3187.3
29.976,29.976,1407.3,1407.3
125.49,125.49,5891.2,5891.2
122.01,122.01,6373.6,6373.6
40.448,40.448,2112.9,2112.9
0,0,0,0
0,0,0,0
0,0,0,0
0,0,0,0
0,0,0,0
0,0,0,0
0,0,0,0
0,0,0,0
0,0,0,0
0,0,0,0
0,0,0,0
0,0,0,0
0,0,0,0
0,0,0,0
0,0,0,0
0,0,0,0
0,0,0,0
0,0,0,0
0,0,0,0
0,0,0,0
0,0,0,0
0,0,0,0
0,0,0,0
0,0,0,0
0,0,0,0
0,0,0,0
0,0,0,0
0,0,0,0
0,0,0,0
0,0,0,0
0,0,0,0
0,0,0,0
0,0,0,0
0,0,0,0
0,0,0,0
0,0,0,0
0,0,0,0
0,0,0,0
0,0,0,0
0,0,0,0
0,0,0,0
0,0,0,0
0,0,0,0
0,0,0,0
0,0,0,0
0,0,0,0
0,0,0,0
0,0,0,0
0,0,0,0
0,0,0,0
0,0,0,0
0,0,0,0
0,0,0,0
0,0,0,0
2.0295,2.0295,101.59,101.59
0,0,0,0
0,0,0,0
0,0,0,0
0,0,0,0
0,0,0,0
0,0,0,0
0,0,0,0
0,0,0,0
0,0,0,0
0,0,0,0
0,0,0,0
0,0,0,0
0,0,0,0
6.0726,6.0726,296.86,296.86
3.073,3.073,150.22,150.22
0,0,0,0
0,0,0,0
0,0,0,0
0,0,0,0
0,0,0,0
0,0,0,0
0,0,0,0
0,0,0,0
0,0,0,0
0,0,0,0
0,0,0,0
0,0,0,0
0,0,0,0
2.1976,2.1976,108.99,108.99
0,0,0,0
0,0,0,0
0,0,0,0
0,0,0,0
0,0,0,0
0,0,0,0
4.817,4.817,232.06,232.06
0,0,0,0
0,0,0,0
0,0,0,0
6.7237,6.7237,321.75,321.75
9.3997,9.3997,449.81,449.81
4.0396,4.0396,200.29,200.29
3.0288,3.0288,150.17,150.17
0,0,0,0
15.58,15.58,734.94,734.94
36.012,36.012,1735.4,1735.4
19.173,19.173,923.98,923.98
9.8467,9.8467,467.25,467.25
12.583,12.583,597.8,597.8
23.564,23.564,1117.6,1117.6
74.345,74.345,3440.2,3440.2
46.758,46.758,2193,2193
11.135,11.135,522.25,522.25
42.303,42.303,1986.1,1986.1
35.398,35.398,1663,1663
5.2796,5.2796,248.03,248.03
3.8505,3.8505,181.89,181.89
26.945,26.945,1227.8,1227.8
128.8,128.8,5869.2,5869.2
52.28,52.28,2455.6,2455.6
17.739,17.739,833.24,833.24
5.9143,5.9143,279.58,279.58
26.284,26.284,1199.7,1199.7
115.37,115.37,5265.8,5265.8
119.87,119.87,5664.8,5664.8
30.897,30.897,1460.1,1460.1
65.808,65.808,3075.4,3075.4
16.075,16.075,751.25,751.25
85.416,85.416,3966.1,3966.1
107.21,107.21,5238.4,5238.4
88,88,4126.7,4126.7
87.383,87.383,4097.8,4097.8
70.452,70.452,3466.3,3466.3
44.831,44.831,2385.8,2385.8
115.7,115.7,5287.3,5287.3
41.49,41.49,1896.1,1896.1
21.658,21.658,1018.3,1018.3
101.24,101.24,4729.6,4729.6
80.519,80.519,3781.7,3781.7
115.55,115.55,6146.4,6146.4
113.69,113.69,5212.1,5212.1
31.006,31.006,1421.5,1421.5
99.015,99.015,4541.8,4541.8
94.807,94.807,4448.3,4448.3
43.385,43.385,2091.7,2091.7
120.61,120.61,5815,5815
65.674,65.674,3162.8,3162.8
110.78,110.78,5121.5,5121.5
42.972,42.972,1974.8,1974.8
23.956,23.956,1124.3,1124.3
46.053,46.053,2161.4,2161.4
69.263,69.263,3180.3,3180.3
42.374,42.374,1995.1,1995.1
70.129,70.129,3301.9,3301.9
12.185,12.185,615.77,615.77
7.498,7.498,362.08,362.08
98.053,98.053,4482.4,4482.4
65.534,65.534,2995.8,2995.8
124.99,124.99,5860.8,5860.8
45.397,45.397,2125.5,2125.5
60.818,60.818,2859.1,2859.1
56.185,56.185,2846.3,2846.3
33.682,33.682,1706.3,1706.3
24.371,24.371,1183.2,1183.2
31.637,31.637,1536,1536
83.837,83.837,3940.8,3940.8
114.49,114.49,5380,5380
53.515,53.515,2514.7,2514.7
63.413,63.413,3305.8,3305.8
28.093,28.093,1322,1322
52.173,52.173,2482.8,2482.8
121.53,121.53,5682.1,5682.1
49.354,49.354,2321.1,2321.1
7.3138,7.3138,392.09,392.09
5.9868,5.9868,279.99,279.99
94.722,94.722,4429.9,4429.9
116.71,116.71,5642.9,5642.9
69.013,69.013,3240,3240
44.165,44.165,2135,2135
119.12,119.12,6006.2,6006.2
109.02,109.02,5156.9,5156.9
109.23,109.23,5128.6,5128.6
26.758,26.758,1258.2,1258.2
44.283,44.283,2124.3,2124.3
53.429,53.429,2583.2,2583.2
30.102,30.102,1413.2,1413.2
126.02,126.02,5916,5916
125.13,125.13,6430.3,6430.3
40.808,40.808,2131.7,2131.7
0,0,0,0
0,0,0,0
0,0,0,0
0,0,0,0
0,0,0,0
0,0,0,0
0,0,0,0
0,0,0,0
0,0,0,0
0,0,0,0
0,0,0,0
0,0,0,0
0,0,0,0
0,0,0,0
0,0,0,0
0,0,0,0
0,0,0,0
0,0,0,0
0,0,0,0
0,0,0,0
0,0,0,0
0,0,0,0
0,0,0,0
0,0,0,0
0,0,0,0
0,0,0,0
0,0,0,0
0,0,0,0
0,0,0,0
0,0,0,0
0,0,0,0
0,0,0,0
0,0,0,0
0,0,0,0
0,0,0,0
0,0,0,0
0,0,0,0
0,0,0,0
0,0,0,0
0,0,0,0
0,0,0,0
0,0,0,0
0,0,0,0
0,0,0,0
0,0,0,0
0,0,0,0
0,0,0,0
0,0,0,0
0,0,0,0
0,0,0,0
0,0,0,0
0,0,0,0
0,0,0,0
0,0,0,0
0,0,0,0
0,0,0,0
0,0,0,0
0,0,0,0
0,0,0,0
0,0,0,0
0,0,0,0
0,0,0,0
0,0,0,0
0,0,0,0
0,0,0,0
0,0,0,0
0,0,0,0
0,0,0,0
3.9017,3.9017,190.73,190.73
1.9744,1.9744,96.518,96.518
0,0,0,0
0,0,0,0
0,0,0,0
0,0,0,0
0,0,0,0
0,0,0,0
0,0,0,0
0,0,0,0
0,0,0,0
0,0,0,0
0,0,0,0
0,0,0,0
0,0,0,0
0,0,0,0
0,0,0,0
0,0,0,0
0,0,0,0
0,0,0,0
0,0,0,0
0,0,0,0
3.0211,3.0211,145.54,145.54
0,0,0,0
0,0,0,0
0,0,0,0
4.5048,4.5048,215.57,215.57
6.2977,6.2977,301.37,301.37
2.5421,2.5421,126.04,126.04
1.906,1.906,94.504,94.504
0,0,0,0
11.656,11.656,549.85,549.85
27.172,27.172,1309.5,1309.5
14.467,14.467,697.18,697.18
6.9346,6.9346,329.07,329.07
8.6131,8.6131,409.19,409.19
16.801,16.801,796.83,796.83
60.961,60.961,2820.9,2820.9
35.864,35.864,1682.1,1682.1
8.5406,8.5406,400.57,400.57
32.058,32.058,1505.1,1505.1
26.361,26.361,1238.4,1238.4
3.9317,3.9317,184.71,184.71
2.4326,2.4326,114.91,114.91
26.606,26.606,1212.4,1212.4
127.18,127.18,5795.2,5795.2
40.832,40.832,1917.9,1917.9
13.855,13.855,650.79,650.79
9.0089,9.0089,425.87,425.87
28.129,28.129,1283.8,1283.8
123.47,123.47,5635.3,5635.3
110.55,110.55,5224.3,5224.3
28.494,28.494,1346.5,1346.5
52.912,52.912,2472.7,2472.7
12.925,12.925,604.02,604.02
77.428,77.428,3595.2,3595.2
107.49,107.49,5251.8,5251.8
88.997,88.997,4173.5,4173.5
88.374,88.374,4144.2,4144.2
81.98,81.98,4033.5,4033.5
48.931,48.931,2407.5,2407.5
121.77,121.77,5564.9,5564.9
43.669,43.669,1995.6,1995.6
15.511,15.511,729.3,729.3
94.646,94.646,4421.8,4421.8
91.507,91.507,4297.8,4297.8
120.52,120.52,6410.8,6410.8
122.01,122.01,5593.9,5593.9
33.277,33.277,1525.7,1525.7
110.48,110.48,5067.7,5067.7
82.863,82.863,3887.9,3887.9
41.131,41.131,1983.1,1983.1
114.34,114.34,5512.9,5512.9
54.839,54.839,2641,2641
118.34,118.34,5471.2,5471.2
54.897,54.897,2522.8,2522.8
18.605,18.605,873.19,873.19
35.766,35.766,1678.6,1678.6
81.949,81.949,3762.9,3762.9
37.246,37.246,1710.2,1710.2
58.595,58.595,2758.9,2758.9
9.7202,9.7202,491.22,491.22
11.109,11.109,536.47,536.47
103.2,103.2,4717.5,4717.5
68.972,68.972,3153,3153
120.96,120.96,5671.6,5671.6
47.365,47.365,2226.7,2226.7
72.201,72.201,3394.3,3394.3
45.166,45.166,2288.1,2288.1
27.077,27.077,1371.7,1371.7
18.363,18.363,891.53,891.53
23.837,23.837,1157.3,1157.3
70.573,70.573,3317.3,3317.3
116.66,116.66,5481.7,5481.7
54.527,54.527,2562.2,2562.2
52.23,52.23,2662.7,2662.7
36.884,36.884,1735.7,1735.7
54.744,54.744,2605.2,2605.2
126.33,126.33,5906.6,5906.6
38.302,38.302,1801.3,1801.3
5.1343,5.1343,265.51,265.51
5.6798,5.6798,265.63,265.63
89.864,89.864,4202.7,4202.7
123.79,123.79,5985.3,5985.3
82.338,82.338,3865.6,3865.6
48.027,48.027,2217.6,2217.6
122.41,122.41,6171.7,6171.7
118.03,118.03,5583.2,5583.2
112.14,112.14,5265.5,5265.5
19.588,19.588,921.03,921.03
34.632,34.632,1661.3,1661.3
41.958,41.958,2028.6,2028.6
29.29,29.29,1375.1,1375.1
122.62,122.62,5756.3,5756.3
126.51,126.51,6286,6286
39.892,39.892,2083.9,2083.9
0,0,0,0
0,0,0,0
0,0,0,0
0,0,0,0
0,0,0,0
0,0,0,0
0,0,0,0
0,0,0,0
0,0,0,0
0,0,0,0
0,0,0,0
0,0,0,0
0,0,0,0
0,0,0,0
0,0,0,0
0,0,0,0
0,0,0,0
0,0,0,0
0,0,0,0
0,0,0,0
0,0,0,0
0,0,0,0
0,0,0,0
0,0,0,0
0,0,0,0
0,0,0,0
0,0,0,0
0,0,0,0
0,0,0,0
0,0,0,0
0,0,0,0
0,0,0,0
0,0,0,0
0,0,0,0
0,0,0,0
0,0,0,0
0,0,0,0
0,0,0,0
0,0,0,0
0,0,0,0
0,0,0,0
0,0,0,0
0,0,0,0
0,0,0,0
0,0,0,0
0,0,0,0
0,0,0,0
0,0,0,0
0,0,0,0
0,0,0,0
0,0,0,0
0,0,0,0
0,0,0,0
0,0,0,0
0,0,0,0
0,0,0,0
0,0,0,0
0,0,0,0
0,0,0,0
0,0,0,0
0,0,0,0
0,0,0,0
0,0,0,0
0,0,0,0
0,0,0,0
0,0,0,0
0,0,0,0
0,0,0,0
2.4291,2.4291,118.74,118.74
0,0,0,0
0,0,0,0
0,0,0,0
0,0,0,0
0,0,0,0
0,0,0,0
0,0,0,0
0,0,0,0
0,0,0,0
0,0,0,0
0,0,0,0
0,0,0,0
0,0,0,0
0,0,0,0
0,0,0,0
0,0,0,0
0,0,0,0
0,0,0,0
0,0,0,0
0,0,0,0
0,0,0,0
1.8359,1.8359,88.444,88.444
0,0,0,0
0,0,0,0
0,0,0,0
2.9245,2.9245,139.95,139.95
4.0884,4.0884,195.65,195.65
1.5501,1.5501,76.857,76.857
0,0,0,0
0,0,0,0
8.45,8.45,398.59,398.59
19.866,19.866,957.37,957.37
10.577,10.577,509.71,509.71
4.7321,4.7321,224.55,224.55
5.7125,5.7125,271.39,271.39
11.607,11.607,550.49,550.49
48.434,48.434,2241.2,2241.2
26.654,26.654,1250.1,1250.1
6.3474,6.3474,297.7,297.7
23.54,23.54,1105.2,1105.2
19.022,19.022,893.63,893.63
2.8371,2.8371,133.28,133.28
1.4891,1.4891,70.342,70.342
25.455,25.455,1159.9,1159.9
121.67,121.67,5544.6,5544.6
39.778,39.778,1975.7,1975.7
10.485,10.485,492.51,492.51
13.297,13.297,628.55,628.55
29.168,29.168,1331.3,1331.3
128.03,128.03,5843.5,5843.5
98.789,98.789,4668.4,4668.4
25.462,25.462,1203.3,1203.3
41.222,41.222,1926.4,1926.4
10.069,10.069,470.57,470.57
68.007,68.007,3219.8,3219.8
104.42,104.42,5101.8,5101.8
87.212,87.212,4089.7,4089.7
86.601,86.601,4061.1,4061.1
92.431,92.431,4547.7,4547.7
55.17,55.17,2714.4,2714.4
124.19,124.19,5675.2,5675.2
44.534,44.534,2035.2,2035.2
10.858,10.858,525.22,525.22
85.739,85.739,4005.6,4005.6
100.77,100.77,4732.7,4732.7
121.8,121.8,6478.9,6478.9
126.88,126.88,5817.2,5817.2
35.828,35.828,1643.4,1643.4
119.45,119.45,5479,5479
70.175,70.175,3292.6,3292.6
37.784,37.784,1821.7,1821.7
105.04,105.04,5064.2,5064.2
44.369,44.369,2136.8,2136.8
122.5,122.5,5663.3,5663.3
67.955,67.955,3122.9,3122.9
21.517,21.517,988.81,988.81
26.914,26.914,1263.2,1263.2
93.949,93.949,4313.9,4313.9
42.7,42.7,1960.7,1960.7
47.438,47.438,2233.6,2233.6
10.436,10.436,503.95,503.95
15.949,15.949,770.18,770.18
105.24,105.24,4810.7,4810.7
70.335,70.335,3215.3,3215.3
113.42,113.42,5318,5318
54.484,54.484,2561.4,2561.4
83.052,83.052,3904.4,3904.4
35.181,35.181,1782.2,1782.2
21.091,21.091,1068.4,1068.4
13.406,13.406,650.89,650.89
17.403,17.403,844.93,844.93
57.563,57.563,2705.8,2705.8
115.17,115.17,5411.9,5411.9
53.832,53.832,2529.6,2529.6
41.705,41.705,2078.1,2078.1
46.921,46.921,2208,2208
59.724,59.724,3030.3,3030.3
127.25,127.25,5949.3,5949.3
28.801,28.801,1354.5,1354.5
3.8608,3.8608,181.57,181.57
5.2212,5.2212,244.18,244.18
82.609,82.609,3863.4,3863.4
127.22,127.22,6151.3,6151.3
95.187,95.187,4468.8,4468.8
50.605,50.605,2351.1,2351.1
121.88,121.88,6145,6145
123.82,123.82,5857.1,5857.1
111.56,111.56,5238.2,5238.2
13.893,13.893,653.27,653.27
26.243,26.243,1258.9,1258.9
31.927,31.927,1543.6,1543.6
27.615,27.615,1296.4,1296.4
115.6,115.6,5427.1,5427.1
123.94,123.94,5954.2,5954.2
37.786,37.786,1973.9,1973.9
0,0,0,0
0,0,0,0
0,0,0,0
0,0,0,0
0,0,0,0
0,0,0,0
0,0,0,0
0,0,0,0
0,0,0,0
0,0,0,0
0,0,0,0
0,0,0,0
0,0,0,0
0,0,0,0
0,0,0,0
0,0,0,0
0,0,0,0
0,0,0,0
0,0,0,0
0,0,0,0
0,0,0,0
0,0,0,0
0,0,0,0
0,0,0,0
0,0,0,0
0,0,0,0
0,0,0,0
0,0,0,0
0,0,0,0
0,0,0,0
0,0,0,0
0,0,0,0
0,0,0,0
0,0,0,0
0,0,0,0
0,0,0,0
0,0,0,0
0,0,0,0
0,0,0,0
0,0,0,0
0,0,0,0
0,0,0,0
0,0,0,0
0,0,0,0
0,0,0,0
0,0,0,0
0,0,0,0
0,0,0,0
0,0,0,0
0,0,0,0
0,0,0,0
0,0,0,0
0,0,0,0
0,0,0,0
0,0,0,0
0,0,0,0
0,0,0,0
0,0,0,0
0,0,0,0
0,0,0,0
0,0,0,0
0,0,0,0
0,0,0,0
0,0,0,0
0,0,0,0
0,0,0,0
0,0,0,0
0,0,0,0
1.4653,1.4653,71.63,71.63
0,0,0,0
0,0,0,0
0,0,0,0
0,0,0,0
0,0,0,0
0,0,0,0
0,0,0,0
0,0,0,0
0,0,0,0
0,0,0,0
0,0,0,0
0,0,0,0
0,0,0,0
0,0,0,0
0,0,0,0
0,0,0,0
0,0,0,0
0,0,0,0
0,0,0,0
0,0,0,0
0,0,0,0
0,0,0,0
0,0,0,0
0,0,0,0
0,0,0,0
1.8396,1.8396,88.032,88.032
2.5718,2.5718,123.07,123.07
0,0,0,0
0,0,0,0
0,0,0,0
5.9354,5.9354,279.98,279.98
14.073,14.073,678.21,678.21
7.4928,7.4928,361.09,361.09
3.1289,3.1289,148.47,148.47
3.6711,3.6711,174.41,174.41
7.7696,7.7696,368.5,368.5
37.286,37.286,1725.4,1725.4
19.194,19.194,900.24,900.24
4.5709,4.5709,214.38,214.38
16.749,16.749,786.34,786.34
13.3,13.3,624.81,624.81
1.9836,1.9836,93.189,93.189
0,0,0,0
23.597,23.597,1075.3,1075.3
112.8,112.8,5140,5140
45.02,45.02,2236.1,2236.1
7.6979,7.6979,363.89,363.89
19.016,19.016,898.9,898.9
29.307,29.307,1337.6,1337.6
128.64,128.64,5871.3,5871.3
85.537,85.537,4042.2,4042.2
22.047,22.047,1041.9,1041.9
31.117,31.117,1454.2,1454.2
7.6011,7.6011,355.22,355.22
62.03,62.03,3030.7,3030.7
98.286,98.286,4802.2,4802.2
82.809,82.809,3883.3,3883.3
82.229,82.229,3856.1,3856.1
100.98,100.98,4968.3,4968.3
60.272,60.272,2965.4,2965.4
122.72,122.72,5608,5608
48.22,48.22,2332.5,2332.5
14.126,14.126,683.31,683.31
75.258,75.258,3516,3516
107.52,107.52,5049.7,5049.7
119.27,119.27,6344.4,6344.4
127.85,127.85,5861.6,5861.6
37.532,37.532,1721.6,1721.6
125.13,125.13,5739.6,5739.6
57.702,57.702,2701.9,2701.9
38.112,38.112,1748.3,1748.3
103.21,103.21,4734.8,4734.8
34.784,34.784,1675.2,1675.2
122.86,122.86,5680.1,5680.1
81.506,81.506,3745.6,3745.6
25.808,25.808,1186,1186
19.624,19.624,921.03,921.03
104.36,104.36,4792,4792
47.433,47.433,2178,2178
37.213,37.213,1752.1,1752.1
14.517,14.517,701.03,701.03
22.186,22.186,1071.4,1071.4
103.98,103.98,4753.5,4753.5
69.499,69.499,3177.1,3177.1
103.05,103.05,4831.7,4831.7
60.727,60.727,2854.9,2854.9
92.569,92.569,4351.8,4351.8
26.553,26.553,1345.1,1345.1
15.918,15.918,806.39,806.39
9.4839,9.4839,460.44,460.44
12.311,12.311,597.71,597.71
45.493,45.493,2138.4,2138.4
110.18,110.18,5177.1,5177.1
51.497,51.497,2419.8,2419.8
48.361,48.361,2259.2,2259.2
57.836,57.836,2721.6,2721.6
73.194,73.194,3713.7,3713.7
124.19,124.19,5806.3,5806.3
25.351,25.351,1185.3,1185.3
5.8508,5.8508,272.63,272.63
4.6506,4.6506,217.5,217.5
73.581,73.581,3441.2,3441.2
126.69,126.69,6125.7,6125.7
106.62,106.62,5005.8,5005.8
62.433,62.433,2924,2924
118.56,118.56,5928.4,5928.4
125.86,125.86,5953.6,5953.6
107.54,107.54,5049.2,5049.2
15.053,15.053,698.17,698.17
19.269,19.269,924.35,924.35
32.723,32.723,1506,1506
25.227,25.227,1184.3,1184.3
105.61,105.61,4957.9,4957.9
117.64,117.64,5558.5,5558.5
34.681,34.681,1811.6,1811.6
0,0,0,0
0,0,0,0
0,0,0,0
0,0,0,0
0,0,0,0
0,0,0,0
0,0,0,0
0,0,0,0
0,0,0,0
0,0,0,0
0,0,0,0
0,0,0,0
0,0,0,0
0,0,0,0
0,0,0,0
0,0,0,0
0,0,0,0
0,0,0,0
0,0,0,0
0,0,0,0
0,0,0,0
0,0,0,0
0,0,0,0
0,0,0,0
0,0,0,0
0,0,0,0
0,0,0,0
0,0,0,0
0,0,0,0
0,0,0,0
0,0,0,0
0,0,0,0
0,0,0,0
0,0,0,0
0,0,0,0
0,0,0,0
0,0,0,0
0,0,0,0
0,0,0,0
0,0,0,0
0,0,0,0
0,0,0,0
0,0,0,0
0,0,0,0
0,0,0,0
0,0,0,0
0,0,0,0
0,0,0,0
0,0,0,0
0,0,0,0
0,0,0,0
0,0,0,0
0,0,0,0
0,0,0,0
0,0,0,0
0,0,0,0
0,0,0,0
0,0,0,0
0,0,0,0
0,0,0,0
0,0,0,0
0,0,0,0
0,0,0,0
0,0,0,0
0,0,0,0
0,0,0,0
0,0,0,0
0,0,0,0
0,0,0,0
0,0,0,0
0,0,0,0
0,0,0,0
0,0,0,0
0,0,0,0
0,0,0,0
0,0,0,0
0,0,0,0
0,0,0,0
0,0,0,0
0,0,0,0
0,0,0,0
0,0,0,0
0,0,0,0
0,0,0,0
0,0,0,0
0,0,0,0
0,0,0,0
0,0,0,0
0,0,0,0
0,0,0,0
0,0,0,0
0,0,0,0
0,0,0,0
0,0,0,0
0,0,0,0
1.5675,1.5675,75.011,75.011
0,0,0,0
0,0,0,0
0,0,0,0
4.0397,4.0397,190.56,190.56
9.6602,9.6602,465.54,465.54
5.1432,5.1432,247.86,247.86
2.0046,2.0046,95.124,95.124
2.286,2.286,108.6,108.6
5.0395,5.0395,239.02,239.02
27.813,27.813,1287,1287
13.393,13.393,628.16,628.16
3.1894,3.1894,149.59,149.59
11.547,11.547,542.11,542.11
9.0101,9.0101,423.29,423.29
0,0,0,0
0,0,0,0
21.197,21.197,965.9,965.9
107.87,107.87,5357.8,5357.8
49.372,49.372,2452.3,2452.3
10.667,10.667,504.25,504.25
26.35,26.35,1245.6,1245.6
28.532,28.532,1302.2,1302.2
125.24,125.24,5716,5716
71.764,71.764,3391.3,3391.3
18.497,18.497,874.09,874.09
22.76,22.76,1063.7,1063.7
5.5597,5.5597,259.82,259.82
56.574,56.574,2764.2,2764.2
89.642,89.642,4379.8,4379.8
76.187,76.187,3572.7,3572.7
75.653,75.653,3547.7,3547.7
106.89,106.89,5259.2,5259.2
63.801,63.801,3139.1,3139.1
117.5,117.5,5369.5,5369.5
60.787,60.787,2940.4,2940.4
17.808,17.808,861.4,861.4
64.008,64.008,2990.4,2990.4
111.16,111.16,5220.7,5220.7
113.17,113.17,6019.9,6019.9
124.83,124.83,5723,5723
38.097,38.097,1747.5,1747.5
127.01,127.01,5826.1,5826.1
64.892,64.892,2979.9,2979.9
41.731,41.731,1914.3,1914.3
113.02,113.02,5184.4,5184.4
26.423,26.423,1272.5,1272.5
119.4,119.4,5520,5520
94.725,94.725,4353.1,4353.1
29.993,29.993,1378.3,1378.3
13.865,13.865,650.71,650.71
112.33,112.33,5157.8,5157.8
51.054,51.054,2344.3,2344.3
28.286,28.286,1331.8,1331.8
19.567,19.567,944.9,944.9
29.904,29.904,1444.1,1444.1
99.558,99.558,4551.2,4551.2
66.541,66.541,3041.8,3041.8
90.716,90.716,4253.6,4253.6
65.584,65.584,3083.2,3083.2
99.972,99.972,4699.8,4699.8
19.418,19.418,983.7,983.7
11.641,11.641,589.72,589.72
6.5007,6.5007,315.61,315.61
8.4387,8.4387,409.7,409.7
34.838,34.838,1637.6,1637.6
102.12,102.12,4798.7,4798.7
47.733,47.733,2243,2243
58.98,58.98,2755.3,2755.3
69.077,69.077,3250.6,3250.6
86.916,86.916,4409.9,4409.9
117.44,117.44,5490.8,5490.8
23.974,23.974,1120.9,1120.9
8.9506,8.9506,417.07,417.07
4.0138,4.0138,187.71,187.71
63.505,63.505,2970,2970
122.25,122.25,5910.7,5910.7
115.73,115.73,5433.1,5433.1
75.237,75.237,3523.7,3523.7
117.28,117.28,5541.8,5541.8
123.96,123.96,5863.9,5863.9
100.44,100.44,4715.9,4715.9
17.423,17.423,808.05,808.05
21.992,21.992,1012.2,1012.2
42.654,42.654,1963,1963
22.33,22.33,1048.3,1048.3
93.481,93.481,4388.6,4388.6
108.21,108.21,5112.6,5112.6
30.842,30.842,1611.1,1611.1
0,0,0,0
0,0,0,0
0,0,0,0
0,0,0,0
0,0,0,0
0,0,0,0
0,0,0,0
0,0,0,0
0,0,0,0
0,0,0,0
0,0,0,0
0,0,0,0
0,0,0,0
0,0,0,0
0,0,0,0
0,0,0,0
0,0,0,0
0,0,0,0
0,0,0,0
0,0,0,0
0,0,0,0
0,0,0,0
0,0,0,0
0,0,0,0
0,0,0,0
0,0,0,0
0,0,0,0
0,0,0,0
0,0,0,0
0,0,0,0
0,0,0,0
0,0,0,0
0,0,0,0
0,0,0,0
0,0,0,0
0,0,0,0
0,0,0,0
0,0,0,0
0,0,0,0
0,0,0,0
0,0,0,0
0,0,0,0
0,0,0,0
0,0,0,0
0,0,0,0
0,0,0,0
0,0,0,0
0,0,0,0
0,0,0,0
0,0,0,0
0,0,0,0
0,0,0,0
0,0,0,0
0,0,0,0
0,0,0,0
0,0,0,0
0,0,0,0
0,0,0,0
0,0,0,0
0,0,0,0
0,0,0,0
0,0,0,0
0,0,0,0
0,0,0,0
0,0,0,0
0,0,0,0
0,0,0,0
0,0,0,0
0,0,0,0
0,0,0,0
0,0,0,0
0,0,0,0
0,0,0,0
0,0,0,0
0,0,0,0
0,0,0,0
0,0,0,0
0,0,0,0
0,0,0,0
0,0,0,0
0,0,0,0
0,0,0,0
0,0,0,0
0,0,0,0
0,0,0,0
0,0,0,0
0,0,0,0
0,0,0,0
0,0,0,0
0,0,0,0
0,0,0,0
0,0,0,0
0,0,0,0
0,0,0,0
0,0,0,0
0,0,0,0
0,0,0,0
0,0,0,0
0,0,0,0
2.6641,2.6641,125.67,125.67
6.4251,6.4251,309.63,309.63
3.4208,3.4208,164.85,164.85
0,0,0,0
0,0,0,0
3.614,3.614,167.23,167.23
20.103,20.103,930.22,930.22
9.0551,9.0551,424.7,424.7
2.1564,2.1564,101.14,101.14
7.7132,7.7132,362.13,362.13
5.9145,5.9145,277.86,277.86
0,0,0,0
0,0,0,0
18.449,18.449,840.69,840.69
114.62,114.62,5693.3,5693.3
52.462,52.462,2605.8,2605.8
14.323,14.323,677.05,677.05
35.38,35.38,1672.5,1672.5
26.915,26.915,1228.4,1228.4
118.14,118.14,5392.1,5392.1
58.339,58.339,2756.9,2756.9
15.036,15.036,710.57,710.57
16.131,16.131,753.84,753.84
3.9403,3.9403,184.14,184.14
49.996,49.996,2442.8,2442.8
79.219,79.219,3870.6,3870.6
67.918,67.918,3185,3185
67.442,67.442,3162.6,3162.6
109.64,109.64,5394.4,5394.4
65.441,65.441,3219.7,3219.7
109.01,109.01,4981.5,4981.5
74.249,74.249,3591.6,3591.6
21.752,21.752,1052.2,1052.2
52.749,52.749,2464.4,2464.4
111.35,111.35,5229.9,5229.9
104.04,104.04,5534.6,5534.6
118.09,118.09,5414.1,5414.1
37.47,37.47,1718.8,1718.8
124.92,124.92,5730.2,5730.2
76.581,76.581,3516.7,3516.7
44.275,44.275,2031.1,2031.1
119.91,119.91,5500.5,5500.5
19.448,19.448,936.61,936.61
112.43,112.43,5198,5198
106.67,106.67,4902,4902
33.775,33.775,1552.1,1552.1
13.013,13.013,597.52,597.52
117.15,117.15,5379.2,5379.2
53.246,53.246,2444.9,2444.9
20.833,20.833,980.88,980.88
25.555,25.555,1234.1,1234.1
39.055,39.055,1886,1886
92.361,92.361,4222.2,4222.2
61.73,61.73,2821.9,2821.9
77.382,77.382,3628.4,3628.4
68.63,68.63,3226.4,3226.4
104.62,104.62,4918.1,4918.1
13.76,13.76,697.05,697.05
8.2488,8.2488,417.88,417.88
4.3175,4.3175,209.62,209.62
5.6047,5.6047,272.11,272.11
27.087,27.087,1248.2,1248.2
91.72,91.72,4309.9,4309.9
42.871,42.871,2014.5,2014.5
69.697,69.697,3256,3256
79.942,79.942,3761.9,3761.9
100.01,100.01,5074.1,5074.1
107.61,107.61,5242.4,5242.4
21.967,21.967,1027,1027
13.267,13.267,618.22,618.22
3.6412,3.6412,169.67,169.67
53.108,53.108,2483.7,2483.7
114.29,114.29,5526.2,5526.2
121.71,121.71,5713.8,5713.8
87.852,87.852,4114.5,4114.5
112.42,112.42,5191,5191
118.3,118.3,5596.1,5596.1
108.81,108.81,5046.6,5046.6
19.539,19.539,906.2,906.2
27.777,27.777,1278.4,1278.4
53.873,53.873,2479.4,2479.4
19.152,19.152,899.13,899.13
80.177,80.177,3764,3764
96.435,96.435,4556.4,4556.4
26.576,26.576,1388.3,1388.3
0,0,0,0
0,0,0,0
0,0,0,0
0,0,0,0
0,0,0,0
0,0,0,0
0,0,0,0
0,0,0,0
0,0,0,0
0,0,0,0
0,0,0,0
0,0,0,0
0,0,0,0
0,0,0,0
0,0,0,0
0,0,0,0
0,0,0,0
0,0,0,0
0,0,0,0
0,0,0,0
0,0,0,0
0,0,0,0
0,0,0,0
0,0,0,0
0,0,0,0
0,0,0,0
0,0,0,0
0,0,0,0
0,0,0,0
0,0,0,0
0,0,0,0
0,0,0,0
0,0,0,0
0,0,0,0
0,0,0,0
0,0,0,0
0,0,0,0
0,0,0,0
0,0,0,0
0,0,0,0
0,0,0,0
0,0,0,0
0,0,0,0
0,0,0,0
0,0,0,0
0,0,0,0
0,0,0,0
0,0,0,0
0,0,0,0
0,0,0,0
0,0,0,0
0,0,0,0
0,0,0,0
0,0,0,0
0,0,0,0
0,0,0,0
0,0,0,0
0,0,0,0
0,0,0,0
0,0,0,0
0,0,0,0
0,0,0,0
0,0,0,0
0,0,0,0
0,0,0,0
0,0,0,0
0,0,0,0
0,0,0,0
0,0,0,0
0,0,0,0
0,0,0,0
0,0,0,0
0,0,0,0
0,0,0,0
0,0,0,0
0,0,0,0
0,0,0,0
0,0,0,0
0,0,0,0
0,0,0,0
0,0,0,0
0,0,0,0
0,0,0,0
0,0,0,0
0,0,0,0
0,0,0,0
0,0,0,0
0,0,0,0
0,0,0,0
0,0,0,0
0,0,0,0
0,0,0,0
0,0,0,0
0,0,0,0
0,0,0,0
0,0,0,0
0,0,0,0
0,0,0,0
0,0,0,0
1.7023,1.7023,80.3,80.3
4.1407,4.1407,199.54,199.54
2.2045,2.2045,106.24,106.24
0,0,0,0
0,0,0,0
2.531,2.531,117.12,117.12
14.079,14.079,651.47,651.47
5.932,5.932,278.22,278.22
0,0,0,0
4.9924,4.9924,234.39,234.39
3.762,3.762,176.73,176.73
0,0,0,0
0,0,0,0
15.559,15.559,708.99,708.99
118.02,118.02,5861.8,5861.8
54.016,54.016,2682.9,2682.9
18.634,18.634,880.84,880.84
46.029,46.029,2175.9,2175.9
24.601,24.601,1122.8,1122.8
107.98,107.98,4928.5,4928.5
45.952,45.952,2171.6,2171.6
11.844,11.844,559.71,559.71
11.077,11.077,517.68,517.68
2.7059,2.7059,126.46,126.46
42.812,42.812,2091.7,2091.7
67.835,67.835,3314.4,3314.4
58.666,58.666,2751.1,2751.1
58.256,58.256,2731.9,2731.9
108.97,108.97,5361.2,5361.2
65.038,65.038,3199.9,3199.9
97.993,97.993,4478.1,4478.1
87.878,87.878,4250.8,4250.8
25.744,25.744,1245.3,1245.3
55.652,55.652,2547.9,2547.9
108.09,108.09,5076.5,5076.5
92.687,92.687,4930.4,4930.4
108.25,108.25,4962.9,4962.9
35.709,35.709,1638,1638
119.05,119.05,5460.8,5460.8
87.57,87.57,4021.3,4021.3
45.516,45.516,2088,2088
123.27,123.27,5654.6,5654.6
16.854,16.854,773.14,773.14
102.59,102.59,4742.7,4742.7
116.39,116.39,5348.8,5348.8
36.854,36.854,1693.6,1693.6
13.15,13.15,603.82,603.82
118.39,118.39,5436,5436
53.807,53.807,2470.7,2470.7
14.867,14.867,699.99,699.99
32.339,32.339,1561.7,1561.7
49.423,49.423,2386.7,2386.7
83.023,83.023,3795.3,3795.3
55.489,55.489,2536.6,2536.6
63.959,63.959,2999,2999
69.588,69.588,3271.4,3271.4
106.08,106.08,4986.8,4986.8
9.4474,9.4474,478.59,478.59
5.6636,5.6636,286.91,286.91
3.9043,3.9043,215.31,215.31
3.6069,3.6069,175.11,175.11
35.144,35.144,1619.4,1619.4
79.819,79.819,3750.7,3750.7
37.308,37.308,1753.1,1753.1
79.805,79.805,3728.2,3728.2
89.643,89.643,4218.4,4218.4
111.5,111.5,5657,5657
107.96,107.96,5543.7,5543.7
19.503,19.503,911.86,911.86
19.056,19.056,887.94,887.94
5.2298,5.2298,243.69,243.69
43.033,43.033,2012.6,2012.6
103.54,103.54,5006.4,5006.4
124.02,124.02,5822.5,5822.5
99.397,99.397,4655.2,4655.2
104.42,104.42,4821.4,4821.4
109.4,109.4,5174.8,5174.8
118.24,118.24,5483.8,5483.8
21.231,21.231,984.7,984.7
33.993,33.993,1564.5,1564.5
65.929,65.929,3034.3,3034.3
15.917,15.917,747.23,747.23
66.632,66.632,3128.1,3128.1
83.276,83.276,3934.6,3934.6
22.19,22.19,1159.1,1159.1
0,0,0,0
0,0,0,0
0,0,0,0
0,0,0,0
0,0,0,0
0,0,0,0
0,0,0,0
0,0,0,0
0,0,0,0
0,0,0,0
0,0,0,0
0,0,0,0
0,0,0,0
0,0,0,0
0,0,0,0
0,0,0,0
0,0,0,0
0,0,0,0
0,0,0,0
0,0,0,0
0,0,0,0
0,0,0,0
0,0,0,0
0,0,0,0
0,0,0,0
0,0,0,0
0,0,0,0
0,0,0,0
0,0,0,0
0,0,0,0
0,0,0,0
0,0,0,0
0,0,0,0
0,0,0,0
0,0,0,0
0,0,0,0
0,0,0,0
0,0,0,0
0,0,0,0
0,0,0,0
0,0,0,0
0,0,0,0
0,0,0,0
0,0,0,0
0,0,0,0
0,0,0,0
0,0,0,0
0,0,0,0
0,0,0,0
0,0,0,0
0,0,0,0
0,0,0,0
0,0,0,0
0,0,0,0
0,0,0,0
0,0,0,0
0,0,0,0
0,0,0,0
0,0,0,0
0,0,0,0
0,0,0,0
0,0,0,0
0,0,0,0
0,0,0,0
0,0,0,0
0,0,0,0
0,0,0,0
0,0,0,0
0,0,0,0
0,0,0,0
0,0,0,0
0,0,0,0
0,0,0,0
0,0,0,0
0,0,0,0
0,0,0,0
0,0,0,0
0,0,0,0
0,0,0,0
0,0,0,0
0,0,0,0
0,0,0,0
0,0,0,0
0,0,0,0
0,0,0,0
0,0,0,0
0,0,0,0
0,0,0,0
0,0,0,0
0,0,0,0
0,0,0,0
0,0,0,0
0,0,0,0
0,0,0,0
0,0,0,0
0,0,0,0
0,0,0,0
0,0,0,0
0,0,0,0
0,0,0,0
2.5856,2.5856,124.6,124.6
0,0,0,0
0,0,0,0
0,0,0,0
1.7175,1.7175,79.475,79.475
9.5537,9.5537,442.08,442.08
3.7655,3.7655,176.61,176.61
0,0,0,0
3.1311,3.1311,147,147
2.3185,2.3185,108.92,108.92
0,0,0,0
0,0,0,0
12.987,12.987,645.07,645.07
117.74,117.74,5848,5848
53.888,53.888,2676.6,2676.6
23.49,23.49,1110.4,1110.4
58.025,58.025,2742.9,2742.9
21.788,21.788,994.45,994.45
95.637,95.637,4365,4365
35.072,35.072,1657.4,1657.4
9.0397,9.0397,427.19,427.19
7.3709,7.3709,344.46,344.46
1.8005,1.8005,84.144,84.144
35.521,35.521,1735.5,1735.5
56.283,56.283,2749.9,2749.9
49.102,49.102,2302.6,2302.6
48.758,48.758,2286.5,2286.5
104.93,104.93,5162.8,5162.8
62.631,62.631,3081.5,3081.5
85.355,85.355,3900.6,3900.6
100.78,100.78,4874.8,4874.8
29.523,29.523,1428.1,1428.1
60.248,60.248,2758.3,2758.3
103.87,103.87,4774.5,4774.5
80.005,80.005,4255.8,4255.8
96.148,96.148,4408.1,4408.1
32.974,32.974,1512.5,1512.5
109.93,109.93,5042.6,5042.6
97.027,97.027,4455.6,4455.6
45.339,45.339,2079.8,2079.8
122.79,122.79,5632.6,5632.6
16.788,16.788,770.13,770.13
90.695,90.695,4193,4193
123.06,123.06,5655,5655
38.964,38.964,1790.6,1790.6
12.876,12.876,591.25,591.25
115.92,115.92,5322.7,5322.7
52.686,52.686,2419.2,2419.2
10.28,10.28,484.03,484.03
39.654,39.654,1914.9,1914.9
60.602,60.602,2926.5,2926.5
72.312,72.312,3305.7,3305.7
48.331,48.331,2209.4,2209.4
51.223,51.223,2401.8,2401.8
68.368,68.368,3214.1,3214.1
104.22,104.22,4899.4,4899.4
8.0203,8.0203,377.05,377.05
3.7679,3.7679,190.88,190.88
6.1327,6.1327,338.2,338.2
2.482,2.482,114.48,114.48
44.182,44.182,2035.9,2035.9
67.306,67.306,3162.7,3162.7
31.459,31.459,1478.3,1478.3
88.541,88.541,4136.3,4136.3
97.399,97.399,4583.4,4583.4
120.45,120.45,6111.1,6111.1
110.62,110.62,5680.3,5680.3
16.778,16.778,784.46,784.46
26.519,26.519,1235.7,1235.7
7.2782,7.2782,339.14,339.14
33.787,33.787,1580.1,1580.1
90.889,90.889,4394.6,4394.6
122.45,122.45,5749,5749
108.97,108.97,5103.4,5103.4
93.972,93.972,4339,4339
98.02,98.02,4636.6,4636.6
124.49,124.49,5773.8,5773.8
22.354,22.354,1036.8,1036.8
40.31,40.31,1855.2,1855.2
78.179,78.179,3598,3598
12.817,12.817,601.71,601.71
66.477,66.477,3089.2,3089.2
69.679,69.679,3292.2,3292.2
17.952,17.952,937.77,937.77
0,0,0,0
0,0,0,0
0,0,0,0
0,0,0,0
0,0,0,0
0,0,0,0
0,0,0,0
0,0,0,0
0,0,0,0
0,0,0,0
0,0,0,0
0,0,0,0
0,0,0,0
0,0,0,0
0,0,0,0
0,0,0,0
0,0,0,0
0,0,0,0
0,0,0,0
0,0,0,0
0,0,0,0
0,0,0,0
0,0,0,0
0,0,0,0
0,0,0,0
0,0,0,0
0,0,0,0
0,0,0,0
0,0,0,0
0,0,0,0
0,0,0,0
0,0,0,0
0,0,0,0
0,0,0,0
0,0,0,0
0,0,0,0
0,0,0,0
0,0,0,0
0,0,0,0
0,0,0,0
0,0,0,0
0,0,0,0
0,0,0,0
0,0,0,0
0,0,0,0
0,0,0,0
0,0,0,0
0,0,0,0
0,0,0,0
0,0,0,0
0,0,0,0
0,0,0,0
0,0,0,0
0,0,0,0
0,0,0,0
0,0,0,0
0,0,0,0
0,0,0,0
0,0,0,0
0,0,0,0
0,0,0,0
0,0,0,0
0,0,0,0
0,0,0,0
0,0,0,0
0,0,0,0
0,0,0,0
0,0,0,0
0,0,0,0
0,0,0,0
0,0,0,0
0,0,0,0
0,0,0,0
0,0,0,0
0,0,0,0
0,0,0,0
0,0,0,0
0,0,0,0
0,0,0,0
0,0,0,0
0,0,0,0
0,0,0,0
0,0,0,0
0,0,0,0
0,0,0,0
0,0,0,0
0,0,0,0
0,0,0,0
0,0,0,0
0,0,0,0
0,0,0,0
0,0,0,0
0,0,0,0
0,0,0,0
0,0,0,0
0,0,0,0
0,0,0,0
0,0,0,0
0,0,0,0
0,0,0,0
1.5644,1.5644,75.392,75.392
0,0,0,0
0,0,0,0
0,0,0,0
0,0,0,0
6.2818,6.2818,290.68,290.68
2.316,2.316,108.62,108.62
0,0,0,0
1.9027,1.9027,89.331,89.331
0,0,0,0
0,0,0,0
0,0,0,0
12.554,12.554,623.57,623.57
113.81,113.81,5653.1,5653.1
52.092,52.092,2587.4,2587.4
28.692,28.692,1356.3,1356.3
70.875,70.875,3350.4,3350.4
18.698,18.698,853.4,853.4
82.072,82.072,3745.9,3745.9
25.937,25.937,1225.7,1225.7
6.6851,6.6851,315.92,315.92
4.7523,4.7523,222.09,222.09
0,0,0,0
28.557,28.557,1395.3,1395.3
45.248,45.248,2210.8,2210.8
39.821,39.821,1867.4,1867.4
39.542,39.542,1854.3,1854.3
97.912,97.912,4817.4,4817.4
58.441,58.441,2875.3,2875.3
72.038,72.038,3292.1,3292.1
111.98,111.98,5416.9,5416.9
32.806,32.806,1586.9,1586.9
63.199,63.199,2893.4,2893.4
108.96,108.96,4988.3,4988.3
66.915,66.915,3559.5,3559.5
82.747,82.747,3793.7,3793.7
29.504,29.504,1353.3,1353.3
98.362,98.362,4511.8,4511.8
104.17,104.17,4783.4,4783.4
43.76,43.76,2007.4,2007.4
118.51,118.51,5436.5,5436.5
18.854,18.854,864.28,864.28
77.693,77.693,3591.9,3591.9
126.06,126.06,5793.2,5793.2
39.916,39.916,1834.3,1834.3
17.155,17.155,796.51,796.51
109.98,109.98,5050,5050
49.987,49.987,2295.3,2295.3
6.8878,6.8878,324.3,324.3
47.113,47.113,2275.1,2275.1
72.002,72.002,3477,3477
61.028,61.028,2789.8,2789.8
40.788,40.788,1864.6,1864.6
39.749,39.749,1863.8,1863.8
65.085,65.085,3059.7,3059.7
99.211,99.211,4664,4664
7.6351,7.6351,358.94,358.94
4.9735,4.9735,232.13,232.13
9.3339,9.3339,514.73,514.73
3.0496,3.0496,140.66,140.66
53.819,53.819,2480,2480
54.992,54.992,2584.1,2584.1
25.704,25.704,1207.8,1207.8
95.184,95.184,4446.6,4446.6
102.54,102.54,4825.4,4825.4
126.07,126.07,6396.7,6396.7
109.83,109.83,5639.5,5639.5
13.986,13.986,653.9,653.9
35.761,35.761,1666.3,1666.3
9.8144,9.8144,457.32,457.32
25.704,25.704,1202.1,1202.1
77.305,77.305,3737.8,3737.8
117.16,117.16,5500.2,5500.2
115.75,115.75,5421.1,5421.1
81.945,81.945,3783.7,3783.7
85.099,85.099,4025.5,4025.5
127.01,127.01,5890.5,5890.5
22.806,22.806,1057.7,1057.7
46.315,46.315,2131.6,2131.6
89.827,89.827,4134.1,4134.1
10.001,10.001,469.49,469.49
76.279,76.279,3544.8,3544.8
63.056,63.056,2930.3,2930.3
14.073,14.073,735.12,735.12
0,0,0,0
0,0,0,0
0,0,0,0
0,0,0,0
0,0,0,0
0,0,0,0
0,0,0,0
0,0,0,0
0,0,0,0
0,0,0,0
0,0,0,0
0,0,0,0
0,0,0,0
0,0,0,0
0,0,0,0
0,0,0,0
0,0,0,0
0,0,0,0
0,0,0,0
0,0,0,0
0,0,0,0
0,0,0,0
0,0,0,0
0,0,0,0
0,0,0,0
0,0,0,0
0,0,0,0
0,0,0,0
0,0,0,0
0,0,0,0
0,0,0,0
0,0,0,0
0,0,0,0
0,0,0,0
0,0,0,0
0,0,0,0
0,0,0,0
0,0,0,0
0,0,0,0
0,0,0,0
0,0,0,0
0,0,0,0
0,0,0,0
0,0,0,0
0,0,0,0
0,0,0,0
0,0,0,0
0,0,0,0
0,0,0,0
0,0,0,0
0,0,0,0
0,0,0,0
0,0,0,0
0,0,0,0
0,0,0,0
0,0,0,0
0,0,0,0
0,0,0,0
0,0,0,0
0,0,0,0
0,0,0,0
0,0,0,0
0,0,0,0
0,0,0,0
0,0,0,0
0,0,0,0
0,0,0,0
0,0,0,0
0,0,0,0
0,0,0,0
0,0,0,0
0,0,0,0
0,0,0,0
0,0,0,0
0,0,0,0
0,0,0,0
0,0,0,0
0,0,0,0
0,0,0,0
0,0,0,0
0,0,0,0
0,0,0,0
0,0,0,0
0,0,0,0
0,0,0,0
0,0,0,0
0,0,0,0
0,0,0,0
0,0,0,0
0,0,0,0
0,0,0,0
0,0,0,0
0,0,0,0
0,0,0,0
0,0,0,0
0,0,0,0
0,0,0,0
0,0,0,0
0,0,0,0
0,0,0,0
0,0,0,0
0,0,0,0
0,0,0,0
0,0,0,0
0,0,0,0
4.0022,4.0022,185.19,185.19
0,0,0,0
0,0,0,0
0,0,0,0
0,0,0,0
0,0,0,0
0,0,0,0
11.759,11.759,584.06,584.06
106.6,106.6,5295,5295
48.792,48.792,2423.5,2423.5
33.958,33.958,1605.2,1605.2
83.884,83.884,3965.3,3965.3
15.548,15.548,709.62,709.62
68.244,68.244,3114.8,3114.8
18.586,18.586,878.3,878.3
4.7904,4.7904,226.38,226.38
2.9689,2.9689,138.74,138.74
0,0,0,0
22.245,22.245,1086.9,1086.9
35.248,35.248,1722.2,1722.2
31.291,31.291,1467.4,1467.4
31.072,31.072,1457.1,1457.1
88.524,88.524,4355.5,4355.5
52.838,52.838,2599.7,2599.7
58.912,58.912,2692.2,2692.2
120.57,120.57,5832.3,5832.3
35.322,35.322,1708.6,1708.6
64.237,64.237,2940.9,2940.9
110.75,110.75,5070.2,5070.2
54.228,54.228,2884.6,2884.6
69.003,69.003,3163.6,3163.6
25.579,25.579,1173.3,1173.3
85.276,85.276,3911.6,3911.6
108.36,108.36,4976,4976
40.925,40.925,1877.4,1877.4
110.83,110.83,5084.2,5084.2
26.207,26.207,1201.3,1201.3
64.488,64.488,2981.4,2981.4
125.13,125.13,5750.4,5750.4
39.621,39.621,1820.8,1820.8
23.958,23.958,1112.3,1112.3
101.11,101.11,4642.5,4642.5
45.954,45.954,2110.1,2110.1
4.4716,4.4716,210.54,210.54
54.237,54.237,2619.1,2619.1
82.89,82.89,4002.8,4002.8
60.262,60.262,2764.7,2764.7
33.355,33.355,1524.8,1524.8
29.888,29.888,1401.4,1401.4
60.035,60.035,2822.3,2822.3
91.514,91.514,4302.2,4302.2
7.0427,7.0427,331.09,331.09
7.6596,7.6596,357.5,357.5
13.765,13.765,759.09,759.09
3.6307,3.6307,167.46,167.46
63.523,63.523,2927.1,2927.1
60.285,60.285,2777.9,2777.9
20.349,20.349,956.2,956.2
99.148,99.148,4631.8,4631.8
104.6,104.6,4922.4,4922.4
127.87,127.87,6487.7,6487.7
105.66,105.66,5425.2,5425.2
11.296,11.296,528.15,528.15
46.725,46.725,2177.2,2177.2
12.824,12.824,597.54,597.54
18.948,18.948,886.14,886.14
63.709,63.709,3080.4,3080.4
108.61,108.61,5098.8,5098.8
119.14,119.14,5579.7,5579.7
69.238,69.238,3197,3197
71.588,71.588,3386.3,3386.3
125.55,125.55,5822.9,5822.9
22.544,22.544,1045.6,1045.6
51.564,51.564,2373.1,2373.1
100.01,100.01,4602.6,4602.6
12.574,12.574,585.99,585.99
84.809,84.809,3941.1,3941.1
70.107,70.107,3258,3258
10.689,10.689,558.37,558.37
0,0,0,0
0,0,0,0
0,0,0,0
0,0,0,0
0,0,0,0
0,0,0,0
0,0,0,0
0,0,0,0
0,0,0,0
0,0,0,0
0,0,0,0
0,0,0,0
0,0,0,0
0,0,0,0
0,0,0,0
0,0,0,0
0,0,0,0
0,0,0,0
0,0,0,0
0,0,0,0
0,0,0,0
0,0,0,0
0,0,0,0
0,0,0,0
0,0,0,0
0,0,0,0
0,0,0,0
0,0,0,0
0,0,0,0
0,0,0,0
0,0,0,0
0,0,0,0
0,0,0,0
0,0,0,0
0,0,0,0
0,0,0,0
0,0,0,0
0,0,0,0
0,0,0,0
0,0,0,0
0,0,0,0
0,0,0,0
0,0,0,0
0,0,0,0
0,0,0,0
0,0,0,0
0,0,0,0
0,0,0,0
0,0,0,0
0,0,0,0
0,0,0,0
0,0,0,0
0,0,0,0
0,0,0,0
0,0,0,0
0,0,0,0
0,0,0,0
0,0,0,0
0,0,0,0
0,0,0,0
0,0,0,0
0,0,0,0
0,0,0,0
0,0,0,0
0,0,0,0
0,0,0,0
0,0,0,0
0,0,0,0
0,0,0,0
0,0,0,0
0,0,0,0
0,0,0,0
0,0,0,0
0,0,0,0
0,0,0,0
0,0,0,0
0,0,0,0
0,0,0,0
0,0,0,0
0,0,0,0
0,0,0,0
0,0,0,0
0,0,0,0
0,0,0,0
0,0,0,0
0,0,0,0
0,0,0,0
0,0,0,0
0,0,0,0
0,0,0,0
0,0,0,0
0,0,0,0
0,0,0,0
0,0,0,0
0,0,0,0
0,0,0,0
0,0,0,0
0,0,0,0
0,0,0,0
0,0,0,0
0,0,0,0
0,0,0,0
0,0,0,0
0,0,0,0
0,0,0,0
2.4706,2.4706,114.33,114.33
0,0,0,0
0,0,0,0
0,0,0,0
0,0,0,0
0,0,0,0
0,0,0,0
10.672,10.672,530.08,530.08
96.751,96.751,4805.6,4805.6
44.282,44.282,2199.5,2199.5
38.943,38.943,1840.9,1840.9
96.197,96.197,4547.4,4547.4
12.527,12.527,571.74,571.74
54.984,54.984,2509.6,2509.6
12.905,12.905,609.82,609.82
3.3261,3.3261,157.18,157.18
1.7971,1.7971,83.986,83.986
0,0,0,0
16.791,16.791,820.38,820.38
26.605,26.605,1299.9,1299.9
23.825,23.825,1117.3,1117.3
23.658,23.658,1109.4,1109.4
77.552,77.552,3815.6,3815.6
46.289,46.289,2277.4,2277.4
46.681,46.681,2133.3,2133.3
125.79,125.79,6084.7,6084.7
36.851,36.851,1782.5,1782.5
63.264,63.264,2896.4,2896.4
109.07,109.07,4993.4,4993.4
42.583,42.583,2265.1,2265.1
55.755,55.755,2556.2,2556.2
21.487,21.487,985.61,985.61
71.636,71.636,3285.9,3285.9
109.22,109.22,5015.6,5015.6
37.085,37.085,1701.2,1701.2
100.43,100.43,4607.2,4607.2
35.296,35.296,1618,1618
51.866,51.866,2397.9,2397.9
120.35,120.35,5530.8,5530.8
38.108,38.108,1751.2,1751.2
32.419,32.419,1505.2,1505.2
90.063,90.063,4135.4,4135.4
40.934,40.934,1879.6,1879.6
2.8128,2.8128,132.44,132.44
60.501,60.501,2921.6,2921.6
92.462,92.462,4465,4465
73.235,73.235,3359.9,3359.9
28.972,28.972,1329.2,1329.2
21.775,21.775,1021,1021
53.658,53.658,2522.5,2522.5
81.792,81.792,3845.2,3845.2
6.2946,6.2946,295.92,295.92
11.43,11.43,533.49,533.49
19.669,19.669,1084.7,1084.7
4.1883,4.1883,193.18,193.18
72.851,72.851,3360.1,3360.1
68.946,68.946,3260.8,3260.8
15.61,15.61,733.5,733.5
100.07,100.07,4674.9,4674.9
103.39,103.39,4865.5,4865.5
125.66,125.66,6375.7,6375.7
98.485,98.485,5056.9,5056.9
10.882,10.882,507.07,507.07
59.155,59.155,2756.5,2756.5
16.235,16.235,756.51,756.51
13.534,13.534,632.94,632.94
50.875,50.875,2459.9,2459.9
97.553,97.553,4579.9,4579.9
118.82,118.82,5564.7,5564.7
56.686,56.686,2617.4,2617.4
78.353,78.353,3602.2,3602.2
120.26,120.26,5577.4,5577.4
24.827,24.827,1233.8,1233.8
55.624,55.624,2560,2560
107.88,107.88,4965,4965
15.917,15.917,741.78,741.78
91.365,91.365,4245.8,4245.8
75.527,75.527,3509.8,3509.8
7.8669,7.8669,410.95,410.95
0,0,0,0
0,0,0,0
0,0,0,0
0,0,0,0
0,0,0,0
0,0,0,0
0,0,0,0
0,0,0,0
0,0,0,0
0,0,0,0
0,0,0,0
0,0,0,0
0,0,0,0
0,0,0,0
0,0,0,0
0,0,0,0
0,0,0,0
0,0,0,0
0,0,0,0
0,0,0,0
0,0,0,0
0,0,0,0
0,0,0,0
0,0,0,0
0,0,0,0
0,0,0,0
0,0,0,0
0,0,0,0
0,0,0,0
0,0,0,0
0,0,0,0
0,0,0,0
0,0,0,0
0,0,0,0
0,0,0,0
0,0,0,0
0,0,0,0
0,0,0,0
0,0,0,0
0,0,0,0
0,0,0,0
0,0,0,0
0,0,0,0
0,0,0,0
0,0,0,0
0,0,0,0
0,0,0,0
0,0,0,0
0,0,0,0
0,0,0,0
0,0,0,0
0,0,0,0
0,0,0,0
0,0,0,0
0,0,0,0
0,0,0,0
0,0,0,0
0,0,0,0
0,0,0,0
0,0,0,0
0,0,0,0
0,0,0,0
0,0,0,0
0,0,0,0
0,0,0,0
0,0,0,0
0,0,0,0
0,0,0,0
0,0,0,0
0,0,0,0
0,0,0,0
0,0,0,0
0,0,0,0
0,0,0,0
0,0,0,0
0,0,0,0
0,0,0,0
0,0,0,0
0,0,0,0
0,0,0,0
0,0,0,0
0,0,0,0
0,0,0,0
0,0,0,0
0,0,0,0
0,0,0,0
0,0,0,0
0,0,0,0
0,0,0,0
0,0,0,0
0,0,0,0
0,0,0,0
0,0,0,0
0,0,0,0
0,0,0,0
0,0,0,0
0,0,0,0
0,0,0,0
0,0,0,0
0,0,0,0
0,0,0,0
0,0,0,0
0,0,0,0
0,0,0,0
0,0,0,0
1.4778,1.4778,68.385,68.385
0,0,0,0
0,0,0,0
0,0,0,0
0,0,0,0
0,0,0,0
0,0,0,0
9.385,9.385,466.15,466.15
85.082,85.082,4226,4226
38.942,38.942,1934.2,1934.2
43.272,43.272,2045.6,2045.6
106.89,106.89,5053,5053
13.331,13.331,630.18,630.18
42.925,42.925,1959.2,1959.2
9.5124,9.5124,434.16,434.16
2.2377,2.2377,105.74,105.74
0,0,0,0
0,0,0,0
12.28,12.28,600,600
19.458,19.458,950.69,950.69
17.577,17.577,824.28,824.28
17.454,17.454,818.51,818.51
65.83,65.83,3238.9,3238.9
39.292,39.292,1933.2,1933.2
35.842,35.842,1637.9,1637.9
127.16,127.16,6150.8,6150.8
37.251,37.251,1801.9,1801.9
60.372,60.372,2764,2764
104.08,104.08,4765.1,4765.1
32.808,32.808,1723.5,1723.5
43.652,43.652,2001.3,2001.3
17.49,17.49,802.25,802.25
64.347,64.347,2954.9,2954.9
106.67,106.67,4898.6,4898.6
32.562,32.562,1493.7,1493.7
88.184,88.184,4045.3,4045.3
46.061,46.061,2111.4,2111.4
40.419,40.419,1868.6,1868.6
112.16,112.16,5154.4,5154.4
35.514,35.514,1632.1,1632.1
42.506,42.506,1973.5,1973.5
77.734,77.734,3569.3,3569.3
35.331,35.331,1622.3,1622.3
2.1602,2.1602,104.32,104.32
65.392,65.392,3157.8,3157.8
99.951,99.951,4826,4826
86.239,86.239,3956.5,3956.5
34.116,34.116,1565.2,1565.2
15.372,15.372,720.77,720.77
46.469,46.469,2184.6,2184.6
70.834,70.834,3330,3330
7.2704,7.2704,339.34,339.34
16.527,16.527,771.39,771.39
27.234,27.234,1501.9,1501.9
4.6816,4.6816,218.65,218.65
81.431,81.431,3755.8,3755.8
80.809,80.809,3823.5,3823.5
11.602,11.602,545.2,545.2
97.866,97.866,4571.9,4571.9
99.026,99.026,4659.9,4659.9
119.66,119.66,6071.1,6071.1
96.844,96.844,4567.4,4567.4
13.349,13.349,622.04,622.04
72.568,72.568,3381.4,3381.4
19.916,19.916,928.03,928.03
9.3664,9.3664,443.13,443.13
39.365,39.365,1903.3,1903.3
102.35,102.35,4866.5,4866.5
114.82,114.82,5377.4,5377.4
44.968,44.968,2076.3,2076.3
91.188,91.188,4192.3,4192.3
111.61,111.61,5176.4,5176.4
31.031,31.031,1542.2,1542.2
58.141,58.141,2828.8,2828.8
112.76,112.76,5189.7,5189.7
19.523,19.523,909.83,909.83
95.372,95.372,4432,4432
78.839,78.839,3663.7,3663.7
5.6112,5.6112,293.06,293.06
0,0,0,0
0,0,0,0
0,0,0,0
0,0,0,0
0,0,0,0
0,0,0,0
0,0,0,0
0,0,0,0
0,0,0,0
0,0,0,0
0,0,0,0
0,0,0,0
0,0,0,0
0,0,0,0
0,0,0,0
0,0,0,0
0,0,0,0
0,0,0,0
0,0,0,0
0,0,0,0
0,0,0,0
0,0,0,0
0,0,0,0
0,0,0,0
0,0,0,0
0,0,0,0
0,0,0,0
0,0,0,0
0,0,0,0
0,0,0,0
0,0,0,0
0,0,0,0
0,0,0,0
0,0,0,0
0,0,0,0
0,0,0,0
0,0,0,0
0,0,0,0
0,0,0,0
0,0,0,0
0,0,0,0
0,0,0,0
0,0,0,0
0,0,0,0
0,0,0,0
0,0,0,0
0,0,0,0
0,0,0,0
0,0,0,0
0,0,0,0
0,0,0,0
0,0,0,0
0,0,0,0
0,0,0,0
0,0,0,0
0,0,0,0
0,0,0,0
0,0,0,0
0,0,0,0
0,0,0,0
0,0,0,0
0,0,0,0
0,0,0,0
0,0,0,0
0,0,0,0
0,0,0,0
0,0,0,0
0,0,0,0
0,0,0,0
0,0,0,0
0,0,0,0
0,0,0,0
0,0,0,0
0,0,0,0
0,0,0,0
0,0,0,0
0,0,0,0
0,0,0,0
0,0,0,0
0,0,0,0
0,0,0,0
0,0,0,0
0,0,0,0
0,0,0,0
0,0,0,0
0,0,0,0
0,0,0,0
0,0,0,0
0,0,0,0
0,0,0,0
0,0,0,0
0,0,0,0
0,0,0,0
0,0,0,0
0,0,0,0
0,0,0,0
0,0,0,0
0,0,0,0
0,0,0,0
0,0,0,0
0,0,0,0
0,0,0,0
0,0,0,0
0,0,0,0
0,0,0,0
0,0,0,0
0,0,0,0
0,0,0,0
0,0,0,0
0,0,0,0
0,0,0,0
0,0,0,0
7.9969,7.9969,397.2,397.2
72.498,72.498,3600.9,3600.9
33.182,33.182,1648.1,1648.1
46.591,46.591,2202.4,2202.4
115.09,115.09,5440.5,5440.5
14.353,14.353,678.5,678.5
32.471,32.471,1482,1482
7.1956,7.1956,328.42,328.42
0,0,0,0
0,0,0,0
0,0,0,0
8.7024,8.7024,425.19,425.19
13.789,13.789,673.71,673.71
12.565,12.565,589.25,589.25
12.477,12.477,585.12,585.12
54.145,54.145,2664,2664
32.318,32.318,1590.1,1590.1
26.664,26.664,1218.5,1218.5
124.55,124.55,6024.7,6024.7
36.487,36.487,1765,1765
55.823,55.823,2555.7,2555.7
97.09,97.09,4617.3,4617.3
37.31,37.31,1774.3,1774.3
33.115,33.115,1518.2,1518.2
13.794,13.794,632.72,632.72
60.894,60.894,2796.3,2796.3
100.95,100.95,4635.7,4635.7
27.703,27.703,1270.8,1270.8
75.025,75.025,3441.7,3441.7
58.243,58.243,2669.9,2669.9
30.52,30.52,1411,1411
101.28,101.28,4654.4,4654.4
32.07,32.07,1473.8,1473.8
54.001,54.001,2507.2,2507.2
65.01,65.01,2985.1,2985.1
29.547,29.547,1356.7,1356.7
2.2623,2.2623,109.25,109.25
68.484,68.484,3307.1,3307.1
104.97,104.97,5054.2,5054.2
98.398,98.398,4514.3,4514.3
38.926,38.926,1785.9,1785.9
10.515,10.515,493.03,493.03
38.994,38.994,1833.1,1833.1
59.439,59.439,2794.3,2794.3
10.186,10.186,475.43,475.43
23.155,23.155,1080.7,1080.7
36.537,36.537,2014.9,2014.9
5.3192,5.3192,293.34,293.34
88.195,88.195,4067.8,4067.8
91.813,91.813,4344.2,4344.2
8.3561,8.3561,394.51,394.51
92.738,92.738,4332.3,4332.3
91.897,91.897,4324.4,4324.4
110.4,110.4,5601.6,5601.6
96.332,96.332,4413.5,4413.5
15.867,15.867,739.38,739.38
86.257,86.257,4019.3,4019.3
23.673,23.673,1103.1,1103.1
6.8712,6.8712,332.23,332.23
29.513,29.513,1427,1427
106,106,5039.7,5039.7
107.51,107.51,5035.1,5035.1
39.601,39.601,1820.6,1820.6
102.83,102.83,4727.5,4727.5
100.37,100.37,4655,4655
37.583,37.583,1867.7,1867.7
68.939,68.939,3426,3426
114.21,114.21,5256.1,5256.1
23.203,23.203,1081.3,1081.3
96.463,96.463,4482.8,4482.8
79.742,79.742,3705.7,3705.7
7.893,7.893,364.61,364.61
0,0,0,0
0,0,0,0
0,0,0,0
0,0,0,0
0,0,0,0
0,0,0,0
0,0,0,0
0,0,0,0
0,0,0,0
0,0,0,0
0,0,0,0
0,0,0,0
0,0,0,0
0,0,0,0
0,0,0,0
0,0,0,0
0,0,0,0
0,0,0,0
0,0,0,0
0,0,0,0
0,0,0,0
0,0,0,0
0,0,0,0
0,0,0,0
0,0,0,0
0,0,0,0
0,0,0,0
0,0,0,0
0,0,0,0
0,0,0,0
0,0,0,0
0,0,0,0
0,0,0,0
0,0,0,0
0,0,0,0
0,0,0,0
0,0,0,0
0,0,0,0
0,0,0,0
0,0,0,0
0,0,0,0
0,0,0,0
0,0,0,0
0,0,0,0
0,0,0,0
0,0,0,0
0,0,0,0
0,0,0,0
0,0,0,0
0,0,0,0
0,0,0,0
0,0,0,0
0,0,0,0
0,0,0,0
0,0,0,0
0,0,0,0
0,0,0,0
0,0,0,0
0,0,0,0
0,0,0,0
0,0,0,0
0,0,0,0
0,0,0,0
0,0,0,0
0,0,0,0
0,0,0,0
0,0,0,0
0,0,0,0
0,0,0,0
0,0,0,0
0,0,0,0
0,0,0,0
0,0,0,0
0,0,0,0
0,0,0,0
0,0,0,0
0,0,0,0
0,0,0,0
0,0,0,0
0,0,0,0
0,0,0,0
0,0,0,0
0,0,0,0
0,0,0,0
0,0,0,0
0,0,0,0
0,0,0,0
0,0,0,0
0,0,0,0
0,0,0,0
0,0,0,0
0,0,0,0
0,0,0,0
0,0,0,0
0,0,0,0
0,0,0,0
0,0,0,0
0,0,0,0
0,0,0,0
0,0,0,0
0,0,0,0
0,0,0,0
0,0,0,0
0,0,0,0
0,0,0,0
0,0,0,0
0,0,0,0
0,0,0,0
0,0,0,0
0,0,0,0
0,0,0,0
0,0,0,0
6.6025,6.6025,327.94,327.94
59.857,59.857,2973,2973
27.396,27.396,1360.7,1360.7
48.606,48.606,2297.7,2297.7
120.07,120.07,5675.9,5675.9
14.974,14.974,707.85,707.85
23.8,23.8,1086.3,1086.3
5.2741,5.2741,240.72,240.72
0,0,0,0
0,0,0,0
0,0,0,0
5.9755,5.9755,291.96,291.96
9.4681,9.4681,462.61,462.61
8.7036,8.7036,408.15,408.15
8.6426,8.6426,405.29,405.29
43.151,43.151,2123.1,2123.1
25.756,25.756,1267.2,1267.2
20.371,20.371,985.39,985.39
118.21,118.21,5717.9,5717.9
34.629,34.629,1675.1,1675.1
50.014,50.014,2289.8,2289.8
107.89,107.89,5131,5131
41.461,41.461,1971.7,1971.7
24.342,24.342,1116,1116
10.541,10.541,483.53,483.53
55.838,55.838,2564.1,2564.1
92.566,92.566,4250.7,4250.7
22.837,22.837,1047.6,1047.6
61.848,61.848,2837.2,2837.2
71.361,71.361,3271.2,3271.2
24.881,24.881,1140.7,1140.7
88.619,88.619,4072.5,4072.5
29.151,29.151,1353.5,1353.5
66.475,66.475,3086.4,3086.4
52.681,52.681,2418.9,2418.9
23.944,23.944,1099.4,1099.4
2.2958,2.2958,110.86,110.86
69.496,69.496,3356,3356
106.82,106.82,5128.9,5128.9
108.79,108.79,4990.9,4990.9
43.035,43.035,1974.4,1974.4
6.969,6.969,326.77,326.77
31.705,31.705,1490.5,1490.5
48.329,48.329,2272,2272
13.828,13.828,645.41,645.41
31.434,31.434,1467.2,1467.2
47.495,47.495,2619.2,2619.2
6.9146,6.9146,381.32,381.32
92.555,92.555,4268.9,4268.9
101.08,101.08,4782.5,4782.5
9.1791,9.1791,434.31,434.31
85.15,85.15,3977.9,3977.9
82.633,82.633,3888.5,3888.5
98.702,98.702,5007.9,5007.9
92.848,92.848,4253.9,4253.9
18.275,18.275,851.56,851.56
99.345,99.345,4629.2,4629.2
27.265,27.265,1270.5,1270.5
5.2558,5.2558,242.37,242.37
21.44,21.44,1036.6,1036.6
106.36,106.36,5056.9,5056.9
97.54,97.54,4568.2,4568.2
43.271,43.271,1989.3,1989.3
112.36,112.36,5165.6,5165.6
87.457,87.457,4056.2,4056.2
44.104,44.104,2191.8,2191.8
80.901,80.901,4020.5,4020.5
112.08,112.08,5158.1,5158.1
26.719,26.719,1245.2,1245.2
99.487,99.487,4636.3,4636.3
78.285,78.285,3631.7,3631.7
10.91,10.91,503.97,503.97
0,0,0,0
0,0,0,0
0,0,0,0
0,0,0,0
0,0,0,0
0,0,0,0
0,0,0,0
0,0,0,0
0,0,0,0
0,0,0,0
0,0,0,0
0,0,0,0
0,0,0,0
0,0,0,0
0,0,0,0
0,0,0,0
0,0,0,0
0,0,0,0
0,0,0,0
0,0,0,0
0,0,0,0
0,0,0,0
0,0,0,0
0,0,0,0
0,0,0,0
0,0,0,0
0,0,0,0
0,0,0,0
0,0,0,0
0,0,0,0
0,0,0,0
0,0,0,0
0,0,0,0
0,0,0,0
0,0,0,0
0,0,0,0
0,0,0,0
0,0,0,0
0,0,0,0
0,0,0,0
0,0,0,0
0,0,0,0
0,0,0,0
0,0,0,0
0,0,0,0
0,0,0,0
0,0,0,0
0,0,0,0
0,0,0,0
0,0,0,0
0,0,0,0
0,0,0,0
0,0,0,0
0,0,0,0
0,0,0,0
0,0,0,0
0,0,0,0
0,0,0,0
0,0,0,0
0,0,0,0
0,0,0,0
0,0,0,0
0,0,0,0
0,0,0,0
0,0,0,0
0,0,0,0
0,0,0,0
0,0,0,0
0,0,0,0
0,0,0,0
0,0,0,0
0,0,0,0
0,0,0,0
0,0,0,0
0,0,0,0
0,0,0,0
0,0,0,0
0,0,0,0
0,0,0,0
0,0,0,0
0,0,0,0
0,0,0,0
0,0,0,0
0,0,0,0
0,0,0,0
0,0,0,0
0,0,0,0
0,0,0,0
0,0,0,0
0,0,0,0
0,0,0,0
0,0,0,0
0,0,0,0
0,0,0,0
0,0,0,0
0,0,0,0
0,0,0,0
0,0,0,0
0,0,0,0
0,0,0,0
0,0,0,0
0,0,0,0
0,0,0,0
0,0,0,0
0,0,0,0
0,0,0,0
0,0,0,0
0,0,0,0
0,0,0,0
0,0,0,0
0,0,0,0
0,0,0,0
5.282,5.282,262.35,262.35
47.885,47.885,2378.4,2378.4
21.917,21.917,1088.6,1088.6
49.134,49.134,2322.7,2322.7
121.37,121.37,5737.5,5737.5
15.137,15.137,715.54,715.54
16.903,16.903,771.46,771.46
3.7457,3.7457,170.96,170.96
0,0,0,0
0,0,0,0
0,0,0,0
3.9757,3.9757,194.25,194.25
6.2995,6.2995,307.79,307.79
5.8415,5.8415,273.93,273.93
5.8006,5.8006,272.01,272.01
33.322,33.322,1639.5,1639.5
19.889,19.889,978.55,978.55
18.733,18.733,906.17,906.17
108.7,108.7,5258.2,5258.2
31.845,31.845,1540.4,1540.4
43.418,43.418,1987.8,1987.8
116.18,116.18,5524.9,5524.9
44.644,44.644,2123.1,2123.1
17.337,17.337,794.85,794.85
7.8056,7.8056,358.04,358.04
49.611,49.611,2278.2,2278.2
82.244,82.244,3776.7,3776.7
18.242,18.242,836.81,836.81
69.678,69.678,3330.6,3330.6
84.718,84.718,3883.5,3883.5
30.359,30.359,1431.5,1431.5
75.132,75.132,3452.7,3452.7
34.771,34.771,1614.4,1614.4
79.29,79.29,3681.4,3681.4
54.931,54.931,2519.5,2519.5
18.8,18.8,863.25,863.25
2.2573,2.2573,109.01,109.01
68.332,68.332,3299.8,3299.8
105.32,105.32,5043.1,5043.1
116.54,116.54,5346.4,5346.4
51.031,51.031,2343.7,2343.7
4.4756,4.4756,209.85,209.85
24.978,24.978,1174.3,1174.3
38.075,38.075,1790,1790
18.189,18.189,848.96,848.96
41.348,41.348,1929.9,1929.9
59.824,59.824,3299.1,3299.1
8.7095,8.7095,480.3,480.3
94.115,94.115,4340.9,4340.9
107.82,107.82,5101.5,5101.5
9.7915,9.7915,463.29,463.29
75.756,75.756,3539,3539
71.997,71.997,3388,3388
85.501,85.501,4338.1,4338.1
86.711,86.711,3972.7,3972.7
20.394,20.394,950.32,950.32
110.87,110.87,5166.1,5166.1
30.427,30.427,1417.8,1417.8
7.7991,7.7991,359.65,359.65
16.11,16.11,756.35,756.35
103.41,103.41,4916.7,4916.7
85.747,85.747,4015.9,4015.9
45.812,45.812,2106.2,2106.2
118.96,118.96,5469,5469
73.84,73.84,3424.7,3424.7
50.15,50.15,2492.3,2492.3
91.991,91.991,4571.6,4571.6
106.57,106.57,4904.8,4904.8
29.814,29.814,1389.4,1389.4
111.01,111.01,5173.3,5173.3
79.283,79.283,3667.5,3667.5
14.611,14.611,674.96,674.96
0,0,0,0
0,0,0,0
0,0,0,0
0,0,0,0
0,0,0,0
0,0,0,0
0,0,0,0
0,0,0,0
0,0,0,0
0,0,0,0
0,0,0,0
0,0,0,0
0,0,0,0
0,0,0,0
0,0,0,0
0,0,0,0
0,0,0,0
0,0,0,0
0,0,0,0
0,0,0,0
0,0,0,0
0,0,0,0
0,0,0,0
0,0,0,0
0,0,0,0
0,0,0,0
0,0,0,0
0,0,0,0
0,0,0,0
0,0,0,0
0,0,0,0
0,0,0,0
0,0,0,0
0,0,0,0
0,0,0,0
0,0,0,0
0,0,0,0
0,0,0,0
0,0,0,0
0,0,0,0
0,0,0,0
0,0,0,0
0,0,0,0
0,0,0,0
0,0,0,0
0,0,0,0
0,0,0,0
0,0,0,0
0,0,0,0
0,0,0,0
0,0,0,0
0,0,0,0
0,0,0,0
0,0,0,0
0,0,0,0
0,0,0,0
0,0,0,0
0,0,0,0
0,0,0,0
0,0,0,0
0,0,0,0
0,0,0,0
0,0,0,0
0,0,0,0
0,0,0,0
0,0,0,0
0,0,0,0
0,0,0,0
0,0,0,0
0,0,0,0
0,0,0,0
0,0,0,0
0,0,0,0
0,0,0,0
0,0,0,0
0,0,0,0
0,0,0,0
0,0,0,0
0,0,0,0
0,0,0,0
0,0,0,0
0,0,0,0
0,0,0,0
0,0,0,0
0,0,0,0
0,0,0,0
0,0,0,0
0,0,0,0
0,0,0,0
0,0,0,0
0,0,0,0
0,0,0,0
0,0,0,0
0,0,0,0
0,0,0,0
0,0,0,0
0,0,0,0
0,0,0,0
0,0,0,0
0,0,0,0
0,0,0,0
0,0,0,0
0,0,0,0
0,0,0,0
0,0,0,0
0,0,0,0
0,0,0,0
0,0,0,0
0,0,0,0
0,0,0,0
0,0,0,0
0,0,0,0
4.0944,4.0944,203.37,203.37
37.119,37.119,1843.7,1843.7
16.989,16.989,843.84,843.84
48.126,48.126,2275,2275
118.88,118.88,5619.8,5619.8
14.826,14.826,700.86,700.86
11.632,11.632,530.88,530.88
2.5776,2.5776,117.65,117.65
0,0,0,0
0,0,0,0
0,0,0,0
2.563,2.563,125.23,125.23
4.0611,4.0611,198.42,198.42
3.7988,3.7988,178.14,178.14
3.7722,3.7722,176.9,176.9
24.933,24.933,1226.7,1226.7
14.882,14.882,732.19,732.19
16.692,16.692,807.45,807.45
96.861,96.861,4685.4,4685.4
28.376,28.376,1372.6,1372.6
36.522,36.522,1672.1,1672.1
121.21,121.21,5764.3,5764.3
46.579,46.579,2215.1,2215.1
11.965,11.965,548.55,548.55
5.6004,5.6004,256.89,256.89
42.71,42.71,1961.3,1961.3
70.804,70.804,3251.4,3251.4
17.97,17.97,858.97,858.97
83.483,83.483,3990.4,3990.4
97.453,97.453,4467.3,4467.3
36.917,36.917,1740.8,1740.8
61.719,61.719,2836.3,2836.3
40.186,40.186,1865.8,1865.8
91.639,91.639,4254.7,4254.7
64.646,64.646,2965.1,2965.1
14.303,14.303,656.77,656.77
2.1506,2.1506,103.86,103.86
65.103,65.103,3143.8,3143.8
100.62,100.62,4804.7,4804.7
120.96,120.96,5549.5,5549.5
58.998,58.998,2709.6,2709.6
2.785,2.785,130.59,130.59
19.068,19.068,896.4,896.4
29.066,29.066,1366.4,1366.4
23.183,23.183,1082,1082
52.7,52.7,2459.7,2459.7
73.014,73.014,4026.5,4026.5
10.63,10.63,586.19,586.19
92.73,92.73,4277,4277
111.44,111.44,5272.9,5272.9
10.12,10.12,478.85,478.85
65.306,65.306,3050.8,3050.8
60.782,60.782,2860.2,2860.2
74.639,74.639,3641.2,3641.2
78.465,78.465,3595,3595
22.053,22.053,1027.6,1027.6
119.88,119.88,5586.2,5586.2
34.321,34.321,1605.2,1605.2
11.214,11.214,517.12,517.12
14.807,14.807,682.81,682.81
97.421,97.421,4632,4632
73.04,73.04,3420.8,3420.8
46.997,46.997,2160.7,2160.7
122.03,122.03,5610.4,5610.4
60.408,60.408,2801.7,2801.7
55.254,55.254,2745.9,2745.9
101.35,101.35,5036.9,5036.9
98.193,98.193,4519.1,4519.1
32.234,32.234,1502.2,1502.2
120.02,120.02,5593.2,5593.2
77.802,77.802,3599,3599
18.961,18.961,875.89,875.89
0,0,0,0
0,0,0,0
0,0,0,0
0,0,0,0
0,0,0,0
0,0,0,0
0,0,0,0
0,0,0,0
0,0,0,0
0,0,0,0
0,0,0,0
0,0,0,0
0,0,0,0
0,0,0,0
0,0,0,0
0,0,0,0
0,0,0,0
0,0,0,0
0,0,0,0
0,0,0,0
0,0,0,0
0,0,0,0
0,0,0,0
0,0,0,0
0,0,0,0
0,0,0,0
0,0,0,0
0,0,0,0
0,0,0,0
0,0,0,0
0,0,0,0
0,0,0,0
0,0,0,0
0,0,0,0
0,0,0,0
0,0,0,0
0,0,0,0
0,0,0,0
0,0,0,0
0,0,0,0
0,0,0,0
0,0,0,0
0,0,0,0
0,0,0,0
0,0,0,0
0,0,0,0
0,0,0,0
0,0,0,0
0,0,0,0
0,0,0,0
0,0,0,0
0,0,0,0
0,0,0,0
0,0,0,0
0,0,0,0
0,0,0,0
0,0,0,0
0,0,0,0
0,0,0,0
0,0,0,0
0,0,0,0
0,0,0,0
0,0,0,0
0,0,0,0
0,0,0,0
0,0,0,0
0,0,0,0
0,0,0,0
0,0,0,0
0,0,0,0
0,0,0,0
0,0,0,0
0,0,0,0
0,0,0,0
0,0,0,0
0,0,0,0
0,0,0,0
0,0,0,0
0,0,0,0
0,0,0,0
0,0,0,0
0,0,0,0
0,0,0,0
0,0,0,0
0,0,0,0
0,0,0,0
0,0,0,0
0,0,0,0
0,0,0,0
0,0,0,0
0,0,0,0
0,0,0,0
0,0,0,0
0,0,0,0
0,0,0,0
0,0,0,0
0,0,0,0
0,0,0,0
0,0,0,0
0,0,0,0
0,0,0,0
0,0,0,0
0,0,0,0
0,0,0,0
0,0,0,0
0,0,0,0
0,0,0,0
0,0,0,0
0,0,0,0
0,0,0,0
0,0,0,0
0,0,0,0
3.0753,3.0753,152.75,152.75
27.88,27.88,1384.8,1384.8
12.76,12.76,633.8,633.8
45.675,45.675,2159.1,2159.1
112.83,112.83,5333.6,5333.6
14.071,14.071,665.17,665.17
7.7558,7.7558,353.98,353.98
1.7187,1.7187,78.444,78.444
0,0,0,0
0,0,0,0
0,0,0,0
1.601,1.601,78.225,78.225
2.5368,2.5368,123.95,123.95
2.3937,2.3937,112.25,112.25
2.377,2.377,111.47,111.47
18.076,18.076,889.38,889.38
10.789,10.789,530.84,530.84
14.412,14.412,697.14,697.14
83.629,83.629,4045.3,4045.3
24.5,24.5,1185.1,1185.1
29.767,29.767,1362.8,1362.8
122.54,122.54,5827.4,5827.4
47.088,47.088,2239.3,2239.3
8.0008,8.0008,366.81,366.81
3.8935,3.8935,178.59,178.59
35.628,35.628,1636.1,1636.1
59.062,59.062,2712.2,2712.2
20.862,20.862,997.2,997.2
96.917,96.917,4632.6,4632.6
108.62,108.62,4979.2,4979.2
43.497,43.497,2051.1,2051.1
49.127,49.127,2257.6,2257.6
45.003,45.003,2089.4,2089.4
102.62,102.62,4764.7,4764.7
73.718,73.718,3381.2,3381.2
10.544,10.544,484.16,484.16
1.9854,1.9854,95.874,95.874
60.1,60.1,2902.3,2902.3
93.151,93.151,4435.5,4435.5
121.66,121.66,5581.4,5581.4
66.092,66.092,3035.4,3035.4
2.5771,2.5771,118.36,118.36
14.104,14.104,663.05,663.05
21.499,21.499,1010.7,1010.7
28.63,28.63,1336.3,1336.3
65.083,65.083,3037.7,3037.7
86.344,86.344,4761.6,4761.6
12.57,12.57,693.21,693.21
88.529,88.529,4083.2,4083.2
111.61,111.61,5280.8,5280.8
10.136,10.136,479.57,479.57
54.549,54.549,2548.3,2548.3
49.72,49.72,2339.7,2339.7
87.473,87.473,4029.5,4029.5
68.8,68.8,3152.1,3152.1
23.106,23.106,1076.7,1076.7
125.61,125.61,5852.9,5852.9
38.047,38.047,1779.4,1779.4
15.623,15.623,720.45,720.45
20.629,20.629,951.28,951.28
88.929,88.929,4228.2,4228.2
60.284,60.284,2905.7,2905.7
46.715,46.715,2147.7,2147.7
121.3,121.3,5576.8,5576.8
47.885,47.885,2220.9,2220.9
58.987,58.987,2931.5,2931.5
108.2,108.2,5377.3,5377.3
87.662,87.662,4034.5,4034.5
33.768,33.768,1573.7,1573.7
125.73,125.73,5859.4,5859.4
73.977,73.977,3422.1,3422.1
23.841,23.841,1101.3,1101.3
0,0,0,0
0,0,0,0
0,0,0,0
0,0,0,0
0,0,0,0
0,0,0,0
0,0,0,0
0,0,0,0
0,0,0,0
0,0,0,0
0,0,0,0
0,0,0,0
0,0,0,0
0,0,0,0
0,0,0,0
0,0,0,0
0,0,0,0
0,0,0,0
0,0,0,0
0,0,0,0
0,0,0,0
0,0,0,0
0,0,0,0
0,0,0,0
0,0,0,0
0,0,0,0
0,0,0,0
0,0,0,0
0,0,0,0
0,0,0,0
0,0,0,0
0,0,0,0
0,0,0,0
0,0,0,0
0,0,0,0
0,0,0,0
0,0,0,0
0,0,0,0
0,0,0,0
0,0,0,0
0,0,0,0
0,0,0,0
0,0,0,0
0,0,0,0
0,0,0,0
0,0,0,0
0,0,0,0
0,0,0,0
0,0,0,0
0,0,0,0
0,0,0,0
0,0,0,0
0,0,0,0
0,0,0,0
0,0,0,0
0,0,0,0
0,0,0,0
0,0,0,0
0,0,0,0
0,0,0,0
0,0,0,0
0,0,0,0
0,0,0,0
0,0,0,0
0,0,0,0
0,0,0,0
0,0,0,0
0,0,0,0
0,0,0,0
0,0,0,0
0,0,0,0
0,0,0,0
0,0,0,0
0,0,0,0
0,0,0,0
0,0,0,0
0,0,0,0
0,0,0,0
0,0,0,0
0,0,0,0
0,0,0,0
0,0,0,0
0,0,0,0
0,0,0,0
0,0,0,0
0,0,0,0
0,0,0,0
0,0,0,0
0,0,0,0
0,0,0,0
0,0,0,0
0,0,0,0
0,0,0,0
0,0,0,0
0,0,0,0
0,0,0,0
0,0,0,0
0,0,0,0
0,0,0,0
0,0,0,0
0,0,0,0
0,0,0,0
0,0,0,0
0,0,0,0
0,0,0,0
0,0,0,0
0,0,0,0
0,0,0,0
0,0,0,0
0,0,0,0
0,0,0,0
0,0,0,0
2.2381,2.2381,111.17,111.17
20.29,20.29,1007.8,1007.8
9.2866,9.2866,461.26,461.26
42.003,42.003,1985.5,1985.5
103.76,103.76,4904.8,4904.8
12.94,12.94,611.69,611.69
5.0109,5.0109,228.7,228.7
0,0,0,0
0,0,0,0
0,0,0,0
0,0,0,0
0,0,0,0
1.5354,1.5354,75.02,75.02
0,0,0,0
0,0,0,0
12.699,12.699,624.78,624.78
7.5795,7.5795,372.92,372.92
12.057,12.057,583.22,583.22
69.963,69.963,3384.2,3384.2
20.496,20.496,991.43,991.43
23.509,23.509,1076.3,1076.3
120.03,120.03,5708.2,5708.2
46.125,46.125,2193.6,2193.6
5.184,5.184,237.67,237.67
2.6227,2.6227,120.3,120.3
28.797,28.797,1322.4,1322.4
47.738,47.738,2192.2,2192.2
23.467,23.467,1121.7,1121.7
109.02,109.02,5211.1,5211.1
117.31,117.31,5377.6,5377.6
49.659,49.659,2341.6,2341.6
37.89,37.89,1741.2,1741.2
48.832,48.832,2267.2,2267.2
111.35,111.35,5170.1,5170.1
81.453,81.453,3736,3736
7.5317,7.5317,345.83,345.83
1.7759,1.7759,85.759,85.759
53.759,53.759,2596,2596
83.555,83.555,3967.5,3967.5
118.56,118.56,5439.2,5439.2
71.739,71.739,3294.7,3294.7
2.7973,2.7973,128.47,128.47
10.108,10.108,475.21,475.21
24.052,24.052,1104.2,1104.2
34.26,34.26,1599.1,1599.1
77.881,77.881,3635,3635
98.938,98.938,5456.1,5456.1
14.404,14.404,794.32,794.32
81.893,81.893,3777.2,3777.2
108.31,108.31,5124.6,5124.6
9.8357,9.8357,465.38,465.38
44.149,44.149,2062.5,2062.5
39.409,39.409,1854.5,1854.5
99.33,99.33,4575.7,4575.7
58.451,58.451,2678,2678
23.458,23.458,1093.1,1093.1
127.52,127.52,5942,5942
40.868,40.868,1911.4,1911.4
21.09,21.09,972.56,972.56
27.847,27.847,1284.2,1284.2
78.657,78.657,3748.5,3748.5
62.793,62.793,3377.8,3377.8
44.994,44.994,2068.6,2068.6
116.83,116.83,5371.3,5371.3
36.78,36.78,1705.8,1705.8
61.018,61.018,3032.4,3032.4
111.93,111.93,5562.4,5562.4
75.831,75.831,3490,3490
34.277,34.277,1597.4,1597.4
127.63,127.63,5947.8,5947.8
71.766,71.766,3315.2,3315.2
29.048,29.048,1341.8,1341.8
0,0,0,0
0,0,0,0
0,0,0,0
0,0,0,0
0,0,0,0
0,0,0,0
0,0,0,0
0,0,0,0
0,0,0,0
0,0,0,0
0,0,0,0
0,0,0,0
0,0,0,0
0,0,0,0
0,0,0,0
0,0,0,0
0,0,0,0
0,0,0,0
0,0,0,0
0,0,0,0
0,0,0,0
0,0,0,0
0,0,0,0
0,0,0,0
0,0,0,0
0,0,0,0
0,0,0,0
0,0,0,0
0,0,0,0
0,0,0,0
0,0,0,0
0,0,0,0
0,0,0,0
0,0,0,0
0,0,0,0
0,0,0,0
0,0,0,0
0,0,0,0
0,0,0,0
0,0,0,0
0,0,0,0
0,0,0,0
0,0,0,0
0,0,0,0
0,0,0,0
0,0,0,0
0,0,0,0
0,0,0,0
0,0,0,0
0,0,0,0
0,0,0,0
0,0,0,0
0,0,0,0
0,0,0,0
0,0,0,0
0,0,0,0
0,0,0,0
0,0,0,0
0,0,0,0
0,0,0,0
0,0,0,0
0,0,0,0
0,0,0,0
0,0,0,0
0,0,0,0
0,0,0,0
0,0,0,0
0,0,0,0
0,0,0,0
0,0,0,0
0,0,0,0
0,0,0,0
0,0,0,0
0,0,0,0
0,0,0,0
0,0,0,0
0,0,0,0
0,0,0,0
0,0,0,0
0,0,0,0
0,0,0,0
0,0,0,0
0,0,0,0
0,0,0,0
0,0,0,0
0,0,0,0
0,0,0,0
0,0,0,0
0,0,0,0
0,0,0,0
0,0,0,0
0,0,0,0
0,0,0,0
0,0,0,0
0,0,0,0
0,0,0,0
0,0,0,0
0,0,0,0
0,0,0,0
0,0,0,0
0,0,0,0
0,0,0,0
0,0,0,0
0,0,0,0
0,0,0,0
0,0,0,0
0,0,0,0
0,0,0,0
0,0,0,0
0,0,0,0
0,0,0,0
0,0,0,0
1.5783,1.5783,78.391,78.391
14.308,14.308,710.67,710.67
6.5487,6.5487,325.27,325.27
37.427,37.427,1769.2,1769.2
92.453,92.453,4370.4,4370.4
11.53,11.53,545.05,545.05
3.1369,3.1369,143.17,143.17
0,0,0,0
0,0,0,0
0,0,0,0
0,0,0,0
0,0,0,0
0,0,0,0
0,0,0,0
0,0,0,0
8.6438,8.6438,425.28,425.28
5.1592,5.1592,253.84,253.84
9.7735,9.7735,472.76,472.76
56.712,56.712,2743.3,2743.3
16.614,16.614,803.66,803.66
17.99,17.99,823.6,823.6
113.93,113.93,5417.9,5417.9
49.408,49.408,2262.7,2262.7
3.2546,3.2546,149.21,149.21
1.7119,1.7119,78.523,78.523
22.553,22.553,1035.7,1035.7
37.388,37.388,1716.9,1716.9
25.578,25.578,1222.6,1222.6
118.83,118.83,5679.8,5679.8
122.76,122.76,5627.4,5627.4
54.934,54.934,2590.3,2590.3
28.316,28.316,1301.2,1301.2
51.342,51.342,2383.8,2383.8
117.08,117.08,5435.8,5435.8
87.204,87.204,3999.8,3999.8
5.2129,5.2129,239.36,239.36
1.5392,1.5392,74.329,74.329
46.594,46.594,2250,2250
72.621,72.621,3438.7,3438.7
111.95,111.95,5136.1,5136.1
75.452,75.452,3465.2,3465.2
2.942,2.942,135.12,135.12
7.0199,7.0199,330.01,330.01
31.166,31.166,1430.8,1430.8
39.724,39.724,1854.1,1854.1
90.301,90.301,4214.7,4214.7
109.85,109.85,6057.8,6057.8
15.992,15.992,881.92,881.92
73.403,73.403,3385.6,3385.6
101.84,101.84,4818.5,4818.5
9.2483,9.2483,437.59,437.59
34.623,34.623,1617.4,1617.4
30.267,30.267,1424.3,1424.3
109.29,109.29,5034.6,5034.6
48.118,48.118,2204.6,2204.6
23.075,23.075,1075.3,1075.3
125.44,125.44,5845.2,5845.2
42.535,42.535,1989.3,1989.3
27.586,27.586,1272.1,1272.1
36.425,36.425,1679.7,1679.7
78.491,78.491,4222.2,4222.2
70.728,70.728,3804.6,3804.6
41.99,41.99,1930.5,1930.5
114.59,114.59,5751.8,5751.8
27.373,27.373,1269.5,1269.5
61.158,61.158,3039.4,3039.4
112.18,112.18,5575.2,5575.2
63.56,63.56,2925.2,2925.2
35.24,35.24,1625.1,1625.1
125.53,125.53,5850,5850
84.723,84.723,3913.7,3913.7
34.292,34.292,1584.1,1584.1
0,0,0,0
0,0,0,0
0,0,0,0
0,0,0,0
0,0,0,0
0,0,0,0
0,0,0,0
0,0,0,0
0,0,0,0
0,0,0,0
0,0,0,0
0,0,0,0
0,0,0,0
0,0,0,0
0,0,0,0
0,0,0,0
0,0,0,0
0,0,0,0
0,0,0,0
0,0,0,0
0,0,0,0
0,0,0,0
0,0,0,0
0,0,0,0
0,0,0,0
0,0,0,0
0,0,0,0
0,0,0,0
0,0,0,0
0,0,0,0
0,0,0,0
0,0,0,0
0,0,0,0
0,0,0,0
0,0,0,0
0,0,0,0
0,0,0,0
0,0,0,0
0,0,0,0
0,0,0,0
0,0,0,0
0,0,0,0
0,0,0,0
0,0,0,0
0,0,0,0
0,0,0,0
0,0,0,0
0,0,0,0
0,0,0,0
0,0,0,0
0,0,0,0
0,0,0,0
0,0,0,0
0,0,0,0
0,0,0,0
0,0,0,0
0,0,0,0
0,0,0,0
0,0,0,0
0,0,0,0
0,0,0,0
0,0,0,0
0,0,0,0
0,0,0,0
0,0,0,0
0,0,0,0
0,0,0,0
0,0,0,0
0,0,0,0
0,0,0,0
0,0,0,0
0,0,0,0
0,0,0,0
0,0,0,0
0,0,0,0
0,0,0,0
0,0,0,0
0,0,0,0
0,0,0,0
0,0,0,0
0,0,0,0
0,0,0,0
0,0,0,0
0,0,0,0
0,0,0,0
0,0,0,0
0,0,0,0
0,0,0,0
0,0,0,0
0,0,0,0
0,0,0,0
0,0,0,0
0,0,0,0
0,0,0,0
0,0,0,0
0,0,0,0
0,0,0,0
0,0,0,0
0,0,0,0
0,0,0,0
0,0,0,0
0,0,0,0
0,0,0,0
0,0,0,0
0,0,0,0
0,0,0,0
0,0,0,0
0,0,0,0
0,0,0,0
0,0,0,0
0,0,0,0
0,0,0,0
0,0,0,0
9.7765,9.7765,485.59,485.59
4.4746,4.4746,222.25,222.25
32.314,32.314,1527.5,1527.5
79.822,79.822,3773.3,3773.3
9.9549,9.9549,470.58,470.58
1.9028,1.9028,86.847,86.847
0,0,0,0
0,0,0,0
0,0,0,0
0,0,0,0
0,0,0,0
0,0,0,0
0,0,0,0
0,0,0,0
5.701,5.701,280.49,280.49
3.4028,3.4028,167.42,167.42
7.6765,7.6765,371.33,371.33
44.544,44.544,2154.7,2154.7
13.049,13.049,631.23,631.23
13.765,13.765,654.62,654.62
104.77,104.77,4982.7,4982.7
55.137,55.137,2525,2525
1.9799,1.9799,90.771,90.771
0,0,0,0
17.115,17.115,785.92,785.92
28.372,28.372,1302.9,1302.9
27.014,27.014,1291.2,1291.2
125.49,125.49,5998.5,5998.5
124.48,124.48,5706.1,5706.1
58.882,58.882,2776.5,2776.5
20.504,20.504,942.24,942.24
52.305,52.305,2428.5,2428.5
119.27,119.27,5537.8,5537.8
90.464,90.464,4149.3,4149.3
4.8437,4.8437,222.16,222.16
0,0,0,0
39.13,39.13,1889.6,1889.6
74.5,74.5,3422.8,3422.8
113.75,113.75,5220.6,5220.6
76.892,76.892,3531.4,3531.4
2.9982,2.9982,137.7,137.7
4.7236,4.7236,222.06,222.06
39.131,39.131,1796.5,1796.5
47.582,47.582,2184.5,2184.5
101.45,101.45,4735.1,4735.1
118.18,118.18,6517,6517
20.094,20.094,948.78,948.78
63.751,63.751,2940.4,2940.4
92.783,92.783,4390.1,4390.1
8.426,8.426,398.68,398.68
26.309,26.309,1229.1,1229.1
22.523,22.523,1059.9,1059.9
116.52,116.52,5367.6,5367.6
47.699,47.699,2197.3,2197.3
21.995,21.995,1024.9,1024.9
124.4,124.4,5817.9,5817.9
42.896,42.896,2006.2,2006.2
34.963,34.963,1612.3,1612.3
46.165,46.165,2128.9,2128.9
85.664,85.664,4608.1,4608.1
77.192,77.192,4152.4,4152.4
37.971,37.971,1777.8,1777.8
122.25,122.25,6136.2,6136.2
28.776,28.776,1349.9,1349.9
59.396,59.396,2951.8,2951.8
108.95,108.95,5414.5,5414.5
51.621,51.621,2375.7,2375.7
43.923,43.923,2025.5,2025.5
119.63,119.63,5575.1,5575.1
96.913,96.913,4476.8,4476.8
39.226,39.226,1812,1812
0,0,0,0
0,0,0,0
0,0,0,0
0,0,0,0
0,0,0,0
0,0,0,0
0,0,0,0
0,0,0,0
0,0,0,0
0,0,0,0
0,0,0,0
0,0,0,0
0,0,0,0
0,0,0,0
0,0,0,0
0,0,0,0
0,0,0,0
0,0,0,0
0,0,0,0
0,0,0,0
0,0,0,0
0,0,0,0
0,0,0,0
0,0,0,0
0,0,0,0
0,0,0,0
0,0,0,0
0,0,0,0
0,0,0,0
0,0,0,0
0,0,0,0
0,0,0,0
0,0,0,0
0,0,0,0
0,0,0,0
0,0,0,0
0,0,0,0
0,0,0,0
0,0,0,0
0,0,0,0
0,0,0,0
0,0,0,0
0,0,0,0
0,0,0,0
0,0,0,0
0,0,0,0
0,0,0,0
0,0,0,0
0,0,0,0
0,0,0,0
0,0,0,0
0,0,0,0
0,0,0,0
0,0,0,0
0,0,0,0
0,0,0,0
0,0,0,0
0,0,0,0
0,0,0,0
0,0,0,0
0,0,0,0
0,0,0,0
0,0,0,0
0,0,0,0
0,0,0,0
0,0,0,0
0,0,0,0
0,0,0,0
0,0,0,0
0,0,0,0
0,0,0,0
0,0,0,0
0,0,0,0
0,0,0,0
0,0,0,0
0,0,0,0
0,0,0,0
0,0,0,0
0,0,0,0
0,0,0,0
0,0,0,0
0,0,0,0
0,0,0,0
0,0,0,0
0,0,0,0
0,0,0,0
0,0,0,0
0,0,0,0
0,0,0,0
0,0,0,0
0,0,0,0
0,0,0,0
0,0,0,0
0,0,0,0
0,0,0,0
0,0,0,0
0,0,0,0
0,0,0,0
0,0,0,0
0,0,0,0
0,0,0,0
0,0,0,0
0,0,0,0
0,0,0,0
0,0,0,0
0,0,0,0
0,0,0,0
0,0,0,0
0,0,0,0
0,0,0,0
0,0,0,0
0,0,0,0
0,0,0,0
6.4727,6.4727,321.49,321.49
2.9625,2.9625,147.15,147.15
27.033,27.033,1277.9,1277.9
66.778,66.778,3156.7,3156.7
8.328,8.328,393.68,393.68
0,0,0,0
0,0,0,0
0,0,0,0
0,0,0,0
0,0,0,0
0,0,0,0
0,0,0,0
0,0,0,0
0,0,0,0
3.6434,3.6434,179.26,179.26
2.1746,2.1746,106.99,106.99
5.8422,5.8422,282.6,282.6
33.901,33.901,1639.8,1639.8
9.9314,9.9314,480.4,480.4
12.266,12.266,583.34,583.34
104.53,104.53,4786.8,4786.8
59.621,59.621,2730.4,2730.4
1.7169,1.7169,78.626,78.626
0,0,0,0
12.584,12.584,577.88,577.88
20.862,20.862,958,958
27.643,27.643,1321.3,1321.3
128.42,128.42,6138.4,6138.4
122.3,122.3,5606.2,5606.2
61.155,61.155,2883.7,2883.7
14.386,14.386,661.11,661.11
51.631,51.631,2397.2,2397.2
117.74,117.74,5466.5,5466.5
90.931,90.931,4170.7,4170.7
4.8687,4.8687,223.31,223.31
0,0,0,0
31.841,31.841,1537.6,1537.6
82.867,82.867,3807.2,3807.2
121.79,121.79,5590,5590
75.927,75.927,3487.1,3487.1
2.9606,2.9606,135.97,135.97
3.0798,3.0798,144.79,144.79
47.607,47.607,2185.6,2185.6
57.887,57.887,2657.6,2657.6
110.44,110.44,5154.6,5154.6
123.19,123.19,6793.4,6793.4
25.971,25.971,1219.6,1219.6
53.648,53.648,2474.4,2474.4
81.908,81.908,3875.5,3875.5
7.4384,7.4384,351.95,351.95
19.371,19.371,904.93,904.93
16.241,16.241,764.24,764.24
120.37,120.37,5544.9,5544.9
49.275,49.275,2269.9,2269.9
20.313,20.313,946.55,946.55
121.56,121.56,5685.1,5685.1
41.917,41.917,1960.4,1960.4
42.936,42.936,1980,1980
56.693,56.693,2614.4,2614.4
90.591,90.591,4873.1,4873.1
81.632,81.632,4391.2,4391.2
36.612,36.612,1837.7,1837.7
126.37,126.37,6343,6343
37.899,37.899,1777.9,1777.9
55.893,55.893,2777.7,2777.7
102.53,102.53,5095.2,5095.2
56.968,56.968,2627,2627
53.047,53.047,2446.2,2446.2
110.47,110.47,5148.2,5148.2
107.42,107.42,4962,4962
43.477,43.477,2008.4,2008.4
0,0,0,0
0,0,0,0
0,0,0,0
0,0,0,0
0,0,0,0
0,0,0,0
0,0,0,0
0,0,0,0
0,0,0,0
0,0,0,0
0,0,0,0
0,0,0,0
0,0,0,0
0,0,0,0
0,0,0,0
0,0,0,0
0,0,0,0
0,0,0,0
0,0,0,0
0,0,0,0
0,0,0,0
0,0,0,0
0,0,0,0
0,0,0,0
0,0,0,0
0,0,0,0
0,0,0,0
0,0,0,0
0,0,0,0
0,0,0,0
0,0,0,0
0,0,0,0
0,0,0,0
0,0,0,0
0,0,0,0
0,0,0,0
0,0,0,0
0,0,0,0
0,0,0,0
0,0,0,0
0,0,0,0
0,0,0,0
0,0,0,0
0,0,0,0
0,0,0,0
0,0,0,0
0,0,0,0
0,0,0,0
0,0,0,0
0,0,0,0
0,0,0,0
0,0,0,0
0,0,0,0
0,0,0,0
0,0,0,0
0,0,0,0
0,0,0,0
0,0,0,0
0,0,0,0
0,0,0,0
0,0,0,0
0,0,0,0
0,0,0,0
0,0,0,0
0,0,0,0
0,0,0,0
0,0,0,0
0,0,0,0
0,0,0,0
0,0,0,0
0,0,0,0
0,0,0,0
0,0,0,0
0,0,0,0
0,0,0,0
0,0,0,0
0,0,0,0
0,0,0,0
0,0,0,0
0,0,0,0
0,0,0,0
0,0,0,0
0,0,0,0
0,0,0,0
0,0,0,0
0,0,0,0
0,0,0,0
0,0,0,0
0,0,0,0
0,0,0,0
0,0,0,0
0,0,0,0
0,0,0,0
0,0,0,0
0,0,0,0
0,0,0,0
0,0,0,0
0,0,0,0
0,0,0,0
0,0,0,0
0,0,0,0
0,0,0,0
0,0,0,0
0,0,0,0
0,0,0,0
0,0,0,0
0,0,0,0
0,0,0,0
0,0,0,0
0,0,0,0
0,0,0,0
0,0,0,0
0,0,0,0
4.1523,4.1523,206.24,206.24
1.9005,1.9005,94.396,94.396
21.913,21.913,1035.9,1035.9
54.13,54.13,2558.8,2558.8
6.7507,6.7507,319.12,319.12
0,0,0,0
0,0,0,0
0,0,0,0
0,0,0,0
0,0,0,0
0,0,0,0
0,0,0,0
0,0,0,0
0,0,0,0
2.2561,2.2561,111,111
0,0,0,0
4.3082,4.3082,208.4,208.4
24.999,24.999,1209.3,1209.3
7.3236,7.3236,354.26,354.26
10.591,10.591,503.68,503.68
109.52,109.52,5015.4,5015.4
62.467,62.467,2860.7,2860.7
1.7989,1.7989,82.38,82.38
0,0,0,0
8.9659,8.9659,411.72,411.72
14.863,14.863,682.54,682.54
27.41,27.41,1310.2,1310.2
127.34,127.34,6086.5,6086.5
116.43,116.43,5337,5337
61.543,61.543,2902,2902
10.131,10.131,481.04,481.04
49.384,49.384,2292.9,2292.9
112.61,112.61,5228.5,5228.5
88.563,88.563,4062.1,4062.1
4.7419,4.7419,217.5,217.5
0,0,0,0
25.106,25.106,1212.4,1212.4
89.311,89.311,4103.2,4103.2
126.36,126.36,5799.8,5799.8
72.646,72.646,3336.4,3336.4
2.8326,2.8326,130.09,130.09
2.3301,2.3301,106.97,106.97
56.12,56.12,2576.4,2576.4
68.238,68.238,3132.8,3132.8
116.49,116.49,5437.1,5437.1
124.43,124.43,6861.6,6861.6
32.524,32.524,1527.3,1527.3
54.778,54.778,2572.4,2572.4
70.063,70.063,3315.1,3315.1
6.3627,6.3627,301.06,301.06
13.82,13.82,645.59,645.59
14.86,14.86,684.52,684.52
120.49,120.49,5550.3,5550.3
49.322,49.322,2272.1,2272.1
18.178,18.178,847.06,847.06
115.09,115.09,5382.8,5382.8
39.688,39.688,1856.2,1856.2
51.091,51.091,2356.1,2356.1
67.461,67.461,3110.9,3110.9
92.826,92.826,4993.3,4993.3
83.646,83.646,4499.5,4499.5
36.671,36.671,1840.7,1840.7
126.57,126.57,6353.1,6353.1
48.364,48.364,2268.8,2268.8
52.129,52.129,2532.8,2532.8
93.485,93.485,4645.9,4645.9
66.665,66.665,3074.2,3074.2
62.075,62.075,2862.5,2862.5
98.844,98.844,4606.4,4606.4
115.36,115.36,5329,5329
46.692,46.692,2156.9,2156.9
0,0,0,0
0,0,0,0
0,0,0,0
0,0,0,0
0,0,0,0
0,0,0,0
0,0,0,0
0,0,0,0
0,0,0,0
0,0,0,0
0,0,0,0
0,0,0,0
0,0,0,0
0,0,0,0
0,0,0,0
0,0,0,0
0,0,0,0
0,0,0,0
0,0,0,0
0,0,0,0
0,0,0,0
0,0,0,0
0,0,0,0
0,0,0,0
0,0,0,0
0,0,0,0
0,0,0,0
0,0,0,0
0,0,0,0
0,0,0,0
0,0,0,0
0,0,0,0
0,0,0,0
0,0,0,0
0,0,0,0
0,0,0,0
0,0,0,0
0,0,0,0
0,0,0,0
0,0,0,0
0,0,0,0
0,0,0,0
0,0,0,0
0,0,0,0
0,0,0,0
0,0,0,0
0,0,0,0
0,0,0,0
0,0,0,0
0,0,0,0
0,0,0,0
0,0,0,0
0,0,0,0
0,0,0,0
0,0,0,0
0,0,0,0
0,0,0,0
0,0,0,0
0,0,0,0
0,0,0,0
0,0,0,0
0,0,0,0
0,0,0,0
0,0,0,0
0,0,0,0
0,0,0,0
0,0,0,0
0,0,0,0
0,0,0,0
0,0,0,0
0,0,0,0
0,0,0,0
0,0,0,0
0,0,0,0
0,0,0,0
0,0,0,0
0,0,0,0
0,0,0,0
0,0,0,0
0,0,0,0
0,0,0,0
0,0,0,0
0,0,0,0
0,0,0,0
0,0,0,0
0,0,0,0
0,0,0,0
0,0,0,0
0,0,0,0
0,0,0,0
0,0,0,0
0,0,0,0
0,0,0,0
0,0,0,0
0,0,0,0
0,0,0,0
0,0,0,0
0,0,0,0
0,0,0,0
0,0,0,0
0,0,0,0
0,0,0,0
0,0,0,0
0,0,0,0
0,0,0,0
0,0,0,0
0,0,0,0
0,0,0,0
0,0,0,0
0,0,0,0
0,0,0,0
0,0,0,0
0,0,0,0
2.581,2.581,128.2,128.2
0,0,0,0
17.211,17.211,813.6,813.6
42.516,42.516,2009.8,2009.8
5.3023,5.3023,250.65,250.65
0,0,0,0
0,0,0,0
0,0,0,0
0,0,0,0
0,0,0,0
0,0,0,0
0,0,0,0
0,0,0,0
0,0,0,0
0,0,0,0
0,0,0,0
3.0783,3.0783,148.91,148.91
17.863,17.863,864.05,864.05
5.2329,5.2329,253.13,253.13
9.8408,9.8408,450.67,450.67
111.18,111.18,5091.6,5091.6
63.417,63.417,2904.2,2904.2
1.8262,1.8262,83.633,83.633
0,0,0,0
6.1896,6.1896,284.23,284.23
10.261,10.261,471.19,471.19
26.334,26.334,1258.8,1258.8
122.34,122.34,5847.7,5847.7
109.62,109.62,5169.1,5169.1
60.011,60.011,2829.7,2829.7
13.329,13.329,632.88,632.88
45.768,45.768,2125,2125
104.37,104.37,4845.7,4845.7
83.578,83.578,3833.5,3833.5
4.475,4.475,205.25,205.25
0,0,0,0
19.181,19.181,926.24,926.24
93.267,93.267,4285,4285
127.03,127.03,5830.5,5830.5
67.349,67.349,3093.1,3093.1
2.6261,2.6261,120.61,120.61
2.6615,2.6615,122.19,122.19
64.1,64.1,2942.8,2942.8
77.942,77.942,3578.3,3578.3
119.06,119.06,5556.9,5556.9
121.77,121.77,6715.3,6715.3
39.466,39.466,1853.3,1853.3
66.471,66.471,3121.5,3121.5
58.071,58.071,2747.6,2747.6
5.2736,5.2736,249.52,249.52
9.5531,9.5531,446.28,446.28
14.412,14.412,663.9,663.9
116.86,116.86,5383.1,5383.1
47.837,47.837,2203.6,2203.6
15.762,15.762,734.49,734.49
105.59,105.59,4938.4,4938.4
36.411,36.411,1702.9,1702.9
58.907,58.907,2716.5,2716.5
77.781,77.781,3586.8,3586.8
92.164,92.164,4957.7,4957.7
83.049,83.049,4467.4,4467.4
35.589,35.589,1786.4,1786.4
122.84,122.84,6165.7,6165.7
59.802,59.802,2805.4,2805.4
62.833,62.833,2899,2899
82.594,82.594,4104.7,4104.7
75.589,75.589,3485.7,3485.7
70.386,70.386,3245.7,3245.7
85.696,85.696,3993.7,3993.7
120.04,120.04,5545.4,5545.4
48.588,48.588,2244.5,2244.5
0,0,0,0
0,0,0,0
0,0,0,0
0,0,0,0
0,0,0,0
0,0,0,0
0,0,0,0
0,0,0,0
0,0,0,0
0,0,0,0
0,0,0,0
0,0,0,0
0,0,0,0
0,0,0,0
0,0,0,0
0,0,0,0
0,0,0,0
0,0,0,0
0,0,0,0
0,0,0,0
0,0,0,0
0,0,0,0
0,0,0,0
0,0,0,0
0,0,0,0
0,0,0,0
0,0,0,0
0,0,0,0
0,0,0,0
0,0,0,0
0,0,0,0
0,0,0,0
0,0,0,0
0,0,0,0
0,0,0,0
0,0,0,0
0,0,0,0
0,0,0,0
0,0,0,0
0,0,0,0
0,0,0,0
0,0,0,0
0,0,0,0
0,0,0,0
0,0,0,0
0,0,0,0
0,0,0,0
0,0,0,0
0,0,0,0
0,0,0,0
0,0,0,0
0,0,0,0
0,0,0,0
0,0,0,0
0,0,0,0
0,0,0,0
0,0,0,0
0,0,0,0
0,0,0,0
0,0,0,0
0,0,0,0
0,0,0,0
0,0,0,0
0,0,0,0
0,0,0,0
0,0,0,0
0,0,0,0
0,0,0,0
0,0,0,0
0,0,0,0
0,0,0,0
0,0,0,0
0,0,0,0
0,0,0,0
0,0,0,0
0,0,0,0
0,0,0,0
0,0,0,0
0,0,0,0
0,0,0,0
0,0,0,0
0,0,0,0
0,0,0,0
0,0,0,0
0,0,0,0
0,0,0,0
0,0,0,0
0,0,0,0
0,0,0,0
0,0,0,0
0,0,0,0
0,0,0,0
0,0,0,0
0,0,0,0
0,0,0,0
0,0,0,0
0,0,0,0
0,0,0,0
0,0,0,0
0,0,0,0
0,0,0,0
0,0,0,0
0,0,0,0
0,0,0,0
0,0,0,0
0,0,0,0
0,0,0,0
0,0,0,0
0,0,0,0
0,0,0,0
0,0,0,0
0,0,0,0
0,0,0,0
1.5545,1.5545,77.213,77.213
0,0,0,0
13.099,13.099,619.19,619.19
32.357,32.357,1529.6,1529.6
4.0353,4.0353,190.75,190.75
0,0,0,0
0,0,0,0
0,0,0,0
0,0,0,0
0,0,0,0
0,0,0,0
0,0,0,0
0,0,0,0
0,0,0,0
0,0,0,0
0,0,0,0
2.1313,2.1313,103.09,103.09
12.367,12.367,598.22,598.22
3.623,3.623,175.25,175.25
9.6803,9.6803,443.32,443.32
109.37,109.37,5008.6,5008.6
62.383,62.383,2856.9,2856.9
1.7964,1.7964,82.269,82.269
0,0,0,0
4.1403,4.1403,190.13,190.13
6.8637,6.8637,315.19,315.19
24.515,24.515,1171.8,1171.8
113.89,113.89,5443.8,5443.8
103.57,103.57,4883.9,4883.9
56.7,56.7,2673.6,2673.6
16.992,16.992,806.8,806.8
41.1,41.1,1908.2,1908.2
93.723,93.723,4351.5,4351.5
76.425,76.425,3505.4,3505.4
4.092,4.092,187.69,187.69
0,0,0,0
14.199,14.199,685.67,685.67
94.375,94.375,4335.9,4335.9
123.74,123.74,5679.4,5679.4
60.5,60.5,2778.5,2778.5
2.359,2.359,108.34,108.34
2.9456,2.9456,135.23,135.23
70.943,70.943,3257,3257
86.263,86.263,3960.3,3960.3
117.91,117.91,5503.1,5503.1
115.48,115.48,6368.1,6368.1
46.403,46.403,2179.1,2179.1
78.154,78.154,3670.2,3670.2
46.636,46.636,2206.6,2206.6
4.2352,4.2352,200.39,200.39
6.3987,6.3987,298.92,298.92
13.544,13.544,623.92,623.92
109.82,109.82,5058.9,5058.9
44.956,44.956,2070.9,2070.9
13.742,13.742,642.72,642.72
93.864,93.864,4390,4390
32.368,32.368,1513.8,1513.8
65.81,65.81,3034.8,3034.8
86.896,86.896,4007.2,4007.2
88.665,88.665,4769.5,4769.5
79.896,79.896,4297.8,4297.8
33.467,33.467,1679.9,1679.9
115.51,115.51,5798.1,5798.1
71.65,71.65,3361.2,3361.2
73.385,73.385,3385.8,3385.8
70.706,70.706,3513.9,3513.9
83.048,83.048,3829.6,3829.6
77.331,77.331,3566,3566
71.99,71.99,3354.9,3354.9
121.04,121.04,5591.4,5591.4
48.992,48.992,2263.1,2263.1
0,0,0,0
0,0,0,0
0,0,0,0
0,0,0,0
0,0,0,0
0,0,0,0
0,0,0,0
0,0,0,0
0,0,0,0
0,0,0,0
0,0,0,0
0,0,0,0
0,0,0,0
0,0,0,0
0,0,0,0
0,0,0,0
0,0,0,0
0,0,0,0
0,0,0,0
0,0,0,0
0,0,0,0
0,0,0,0
0,0,0,0
0,0,0,0
0,0,0,0
0,0,0,0
0,0,0,0
0,0,0,0
0,0,0,0
0,0,0,0
0,0,0,0
0,0,0,0
0,0,0,0
0,0,0,0
0,0,0,0
0,0,0,0
0,0,0,0
0,0,0,0
0,0,0,0
0,0,0,0
0,0,0,0
0,0,0,0
0,0,0,0
0,0,0,0
0,0,0,0
0,0,0,0
0,0,0,0
0,0,0,0
0,0,0,0
0,0,0,0
0,0,0,0
0,0,0,0
0,0,0,0
0,0,0,0
0,0,0,0
0,0,0,0
0,0,0,0
0,0,0,0
0,0,0,0
0,0,0,0
0,0,0,0
0,0,0,0
0,0,0,0
0,0,0,0
0,0,0,0
0,0,0,0
0,0,0,0
0,0,0,0
0,0,0,0
0,0,0,0
0,0,0,0
0,0,0,0
0,0,0,0
0,0,0,0
0,0,0,0
0,0,0,0
0,0,0,0
0,0,0,0
0,0,0,0
0,0,0,0
0,0,0,0
0,0,0,0
0,0,0,0
0,0,0,0
0,0,0,0
0,0,0,0
0,0,0,0
0,0,0,0
0,0,0,0
0,0,0,0
0,0,0,0
0,0,0,0
0,0,0,0
0,0,0,0
0,0,0,0
0,0,0,0
0,0,0,0
0,0,0,0
0,0,0,0
0,0,0,0
0,0,0,0
0,0,0,0
0,0,0,0
0,0,0,0
0,0,0,0
0,0,0,0
0,0,0,0
0,0,0,0
0,0,0,0
0,0,0,0
0,0,0,0
0,0,0,0
0,0,0,0
0,0,0,0
0,0,0,0
9.6592,9.6592,456.6,456.6
23.86,23.86,1127.9,1127.9
2.9757,2.9757,140.67,140.67
0,0,0,0
0,0,0,0
0,0,0,0
0,0,0,0
0,0,0,0
0,0,0,0
0,0,0,0
0,0,0,0
0,0,0,0
0,0,0,0
0,0,0,0
0,0,0,0
8.2964,8.2964,401.32,401.32
2.4305,2.4305,117.57,117.57
9.2268,9.2268,422.55,422.55
104.24,104.24,4773.9,4773.9
59.46,59.46,2723,2723
1.7123,1.7123,78.414,78.414
0,0,0,0
2.6835,2.6835,123.23,123.23
4.4487,4.4487,204.29,204.29
22.114,22.114,1057,1057
102.73,102.73,4910.5,4910.5
94.821,94.821,4471.2,4471.2
69.047,69.047,3278.5,3278.5
20.989,20.989,996.59,996.59
35.762,35.762,1660.4,1660.4
81.55,81.55,3786.3,3786.3
67.715,67.715,3105.9,3105.9
3.6256,3.6256,166.3,166.3
0,0,0,0
10.185,10.185,491.82,491.82
92.531,92.531,4251.2,4251.2
116.79,116.79,5360.5,5360.5
52.66,52.66,2418.5,2418.5
2.0533,2.0533,94.302,94.302
3.1588,3.1588,145.02,145.02
76.079,76.079,3492.7,3492.7
92.507,92.507,4247,4247
113.14,113.14,5280.6,5280.6
111.35,111.35,5851.4,5851.4
52.865,52.865,2482.6,2482.6
89.039,89.039,4181.3,4181.3
36.29,36.29,1717.1,1717.1
3.2957,3.2957,155.94,155.94
4.1528,4.1528,194,194
12.333,12.333,568.13,568.13
100,100,4606.6,4606.6
40.937,40.937,1885.8,1885.8
11.837,11.837,553.61,553.61
80.85,80.85,3781.3,3781.3
27.88,27.88,1303.9,1303.9
71.24,71.24,3285.2,3285.2
96.98,96.98,4516.2,4516.2
82.65,82.65,4445.9,4445.9
74.476,74.476,4006.2,4006.2
30.494,30.494,1530.7,1530.7
105.25,105.25,5283.1,5283.1
83.18,83.18,3902.1,3902.1
83.047,83.047,3831.6,3831.6
73.405,73.405,3376.4,3376.4
88.409,88.409,4076.9,4076.9
82.323,82.323,3796.2,3796.2
58.598,58.598,2730.8,2730.8
118.26,118.26,5462.8,5462.8
47.865,47.865,2211.1,2211.1
0,0,0,0
0,0,0,0
0,0,0,0
0,0,0,0
0,0,0,0
0,0,0,0
0,0,0,0
0,0,0,0
0,0,0,0
0,0,0,0
0,0,0,0
0,0,0,0
0,0,0,0
0,0,0,0
0,0,0,0
0,0,0,0
0,0,0,0
0,0,0,0
0,0,0,0
0,0,0,0
0,0,0,0
0,0,0,0
0,0,0,0
0,0,0,0
0,0,0,0
0,0,0,0
0,0,0,0
0,0,0,0
0,0,0,0
0,0,0,0
0,0,0,0
0,0,0,0
0,0,0,0
0,0,0,0
0,0,0,0
0,0,0,0
0,0,0,0
0,0,0,0
0,0,0,0
0,0,0,0
0,0,0,0
0,0,0,0
0,0,0,0
0,0,0,0
0,0,0,0
0,0,0,0
0,0,0,0
0,0,0,0
0,0,0,0
0,0,0,0
0,0,0,0
0,0,0,0
0,0,0,0
0,0,0,0
0,0,0,0
0,0,0,0
0,0,0,0
0,0,0,0
0,0,0,0
0,0,0,0
0,0,0,0
0,0,0,0
0,0,0,0
0,0,0,0
0,0,0,0
0,0,0,0
0,0,0,0
0,0,0,0
0,0,0,0
0,0,0,0
0,0,0,0
0,0,0,0
0,0,0,0
0,0,0,0
0,0,0,0
0,0,0,0
0,0,0,0
0,0,0,0
0,0,0,0
0,0,0,0
0,0,0,0
0,0,0,0
0,0,0,0
0,0,0,0
0,0,0,0
0,0,0,0
0,0,0,0
0,0,0,0
0,0,0,0
0,0,0,0
0,0,0,0
0,0,0,0
0,0,0,0
0,0,0,0
0,0,0,0
0,0,0,0
0,0,0,0
0,0,0,0
0,0,0,0
0,0,0,0
0,0,0,0
0,0,0,0
0,0,0,0
0,0,0,0
0,0,0,0
0,0,0,0
0,0,0,0
0,0,0,0
0,0,0,0
0,0,0,0
0,0,0,0
0,0,0,0
0,0,0,0
0,0,0,0
0,0,0,0
6.9017,6.9017,326.26,326.26
17.049,17.049,805.93,805.93
2.1262,2.1262,100.51,100.51
0,0,0,0
0,0,0,0
0,0,0,0
0,0,0,0
0,0,0,0
0,0,0,0
0,0,0,0
0,0,0,0
0,0,0,0
0,0,0,0
0,0,0,0
0,0,0,0
5.3929,5.3929,260.86,260.86
1.5799,1.5799,76.421,76.421
8.5214,8.5214,390.25,390.25
96.275,96.275,4409,4409
54.914,54.914,2514.8,2514.8
1.5814,1.5814,72.42,72.42
0,0,0,0
1.6853,1.6853,77.391,77.391
2.7939,2.7939,128.3,128.3
19.328,19.328,923.85,923.85
89.789,89.789,4291.8,4291.8
84.112,84.112,3966.2,3966.2
82.641,82.641,3923.9,3923.9
25.121,25.121,1192.8,1192.8
30.151,30.151,1399.9,1399.9
68.755,68.755,3192.2,3192.2
58.134,58.134,2666.4,2666.4
3.1127,3.1127,142.77,142.77
0,0,0,0
7.0784,7.0784,341.82,341.82
87.906,87.906,4038.7,4038.7
106.81,106.81,4902.4,4902.4
44.413,44.413,2039.7,2039.7
1.7317,1.7317,79.533,79.533
3.2823,3.2823,150.69,150.69
79.053,79.053,3629.3,3629.3
96.123,96.123,4413,4413
105.19,105.19,4909.8,4909.8
109.57,109.57,5209.6,5209.6
58.358,58.358,2740.5,2740.5
98.289,98.289,4615.7,4615.7
27.363,27.363,1294.7,1294.7
2.4849,2.4849,117.58,117.58
2.6116,2.6116,122,122
10.882,10.882,501.28,501.28
88.234,88.234,4064.5,4064.5
36.119,36.119,1663.8,1663.8
9.8792,9.8792,462.05,462.05
67.478,67.478,3155.9,3155.9
23.269,23.269,1088.3,1088.3
74.722,74.722,3445.8,3445.8
108.83,108.83,5067.9,5067.9
74.651,74.651,4015.7,4015.7
67.269,67.269,3618.5,3618.5
26.923,26.923,1351.4,1351.4
92.925,92.925,4664.4,4664.4
93.566,93.566,4389.3,4389.3
91.063,91.063,4201.5,4201.5
86.912,86.912,3997.7,3997.7
91.194,91.194,4205.3,4205.3
84.916,84.916,3915.8,3915.8
46.217,46.217,2153.8,2153.8
111.95,111.95,5171.4,5171.4
45.312,45.312,2093.1,2093.1
0,0,0,0
0,0,0,0
0,0,0,0
0,0,0,0
0,0,0,0
0,0,0,0
0,0,0,0
0,0,0,0
0,0,0,0
0,0,0,0
0,0,0,0
0,0,0,0
0,0,0,0
0,0,0,0
0,0,0,0
0,0,0,0
0,0,0,0
0,0,0,0
0,0,0,0
0,0,0,0
0,0,0,0
0,0,0,0
0,0,0,0
0,0,0,0
0,0,0,0
0,0,0,0
0,0,0,0
0,0,0,0
0,0,0,0
0,0,0,0
0,0,0,0
0,0,0,0
0,0,0,0
0,0,0,0
0,0,0,0
0,0,0,0
0,0,0,0
0,0,0,0
0,0,0,0
0,0,0,0
0,0,0,0
0,0,0,0
0,0,0,0
0,0,0,0
0,0,0,0
0,0,0,0
0,0,0,0
0,0,0,0
0,0,0,0
0,0,0,0
0,0,0,0
0,0,0,0
0,0,0,0
0,0,0,0
0,0,0,0
0,0,0,0
0,0,0,0
0,0,0,0
0,0,0,0
0,0,0,0
0,0,0,0
0,0,0,0
0,0,0,0
0,0,0,0
0,0,0,0
0,0,0,0
0,0,0,0
0,0,0,0
0,0,0,0
0,0,0,0
0,0,0,0
0,0,0,0
0,0,0,0
0,0,0,0
0,0,0,0
0,0,0,0
0,0,0,0
0,0,0,0
0,0,0,0
0,0,0,0
0,0,0,0
0,0,0,0
0,0,0,0
0,0,0,0
0,0,0,0
0,0,0,0
0,0,0,0
0,0,0,0
0,0,0,0
0,0,0,0
0,0,0,0
0,0,0,0
0,0,0,0
0,0,0,0
0,0,0,0
0,0,0,0
0,0,0,0
0,0,0,0
0,0,0,0
0,0,0,0
0,0,0,0
0,0,0,0
0,0,0,0
0,0,0,0
0,0,0,0
0,0,0,0
0,0,0,0
0,0,0,0
0,0,0,0
0,0,0,0
0,0,0,0
0,0,0,0
0,0,0,0
0,0,0,0
0,0,0,0
4.7783,4.7783,225.88,225.88
11.804,11.804,557.98,557.98
0,0,0,0
0,0,0,0
0,0,0,0
0,0,0,0
0,0,0,0
0,0,0,0
0,0,0,0
0,0,0,0
0,0,0,0
0,0,0,0
0,0,0,0
0,0,0,0
0,0,0,0
3.3966,3.3966,164.3,164.3
0,0,0,0
7.6257,7.6257,349.22,349.22
86.154,86.154,3945.5,3945.5
49.142,49.142,2250.5,2250.5
0,0,0,0
0,0,0,0
0,0,0,0
1.7001,1.7001,78.071,78.071
16.368,16.368,782.39,782.39
76.041,76.041,3634.7,3634.7
72.297,72.297,3409.1,3409.1
95.84,95.84,4550.7,4550.7
29.133,29.133,1383.3,1383.3
24.631,24.631,1143.6,1143.6
56.168,56.168,2607.8,2607.8
48.36,48.36,2218.1,2218.1
2.5893,2.5893,118.76,118.76
0,0,0,0
4.7669,4.7669,230.19,230.19
80.92,80.92,3717.7,3717.7
94.651,94.651,4344.2,4344.2
36.294,36.294,1666.8,1666.8
0,0,0,0
3.3047,3.3047,151.72,151.72
79.592,79.592,3654.1,3654.1
96.78,96.78,4443.1,4443.1
94.769,94.769,4423.2,4423.2
104.47,104.47,4936.1,4936.1
62.421,62.421,2931.3,2931.3
105.13,105.13,4937.1,4937.1
19.991,19.991,945.89,945.89
4.0057,4.0057,184.1,184.1
1.5913,1.5913,74.34,74.34
9.3032,9.3032,428.55,428.55
75.433,75.433,3474.9,3474.9
30.879,30.879,1422.5,1422.5
12.329,12.329,566.82,566.82
54.569,54.569,2552.1,2552.1
18.817,18.817,880.07,880.07
75.942,75.942,3502,3502
118.33,118.33,5510.4,5510.4
65.333,65.333,3514.4,3514.4
58.872,58.872,3166.9,3166.9
23.032,23.032,1156.1,1156.1
79.495,79.495,3990.2,3990.2
101.98,101.98,4784.1,4784.1
96.753,96.753,4464,4464
99.71,99.71,4586.4,4586.4
91.147,91.147,4203.1,4203.1
84.872,84.872,3913.8,3913.8
35.319,35.319,1646,1646
102.69,102.69,4743.6,4743.6
41.563,41.563,1920,1920
0,0,0,0
0,0,0,0
0,0,0,0
0,0,0,0
0,0,0,0
0,0,0,0
0,0,0,0
0,0,0,0
0,0,0,0
0,0,0,0
0,0,0,0
0,0,0,0
0,0,0,0
0,0,0,0
0,0,0,0
0,0,0,0
0,0,0,0
0,0,0,0
0,0,0,0
0,0,0,0
0,0,0,0
0,0,0,0
0,0,0,0
0,0,0,0
0,0,0,0
0,0,0,0
0,0,0,0
0,0,0,0
0,0,0,0
0,0,0,0
0,0,0,0
0,0,0,0
0,0,0,0
0,0,0,0
0,0,0,0
0,0,0,0
0,0,0,0
0,0,0,0
0,0,0,0
0,0,0,0
0,0,0,0
0,0,0,0
0,0,0,0
0,0,0,0
0,0,0,0
0,0,0,0
0,0,0,0
0,0,0,0
0,0,0,0
0,0,0,0
0,0,0,0
0,0,0,0
0,0,0,0
0,0,0,0
0,0,0,0
0,0,0,0
0,0,0,0
0,0,0,0
0,0,0,0
0,0,0,0
0,0,0,0
0,0,0,0
0,0,0,0
0,0,0,0
0,0,0,0
0,0,0,0
0,0,0,0
0,0,0,0
0,0,0,0
0,0,0,0
0,0,0,0
0,0,0,0
0,0,0,0
0,0,0,0
0,0,0,0
0,0,0,0
0,0,0,0
0,0,0,0
0,0,0,0
0,0,0,0
0,0,0,0
0,0,0,0
0,0,0,0
0,0,0,0
0,0,0,0
0,0,0,0
0,0,0,0
0,0,0,0
0,0,0,0
0,0,0,0
0,0,0,0
0,0,0,0
0,0,0,0
0,0,0,0
0,0,0,0
0,0,0,0
0,0,0,0
0,0,0,0
0,0,0,0
0,0,0,0
0,0,0,0
0,0,0,0
0,0,0,0
0,0,0,0
0,0,0,0
0,0,0,0
0,0,0,0
0,0,0,0
0,0,0,0
0,0,0,0
0,0,0,0
0,0,0,0
0,0,0,0
0,0,0,0
0,0,0,0
3.2055,3.2055,151.53,151.53
7.9184,7.9184,374.31,374.31
0,0,0,0
0,0,0,0
0,0,0,0
0,0,0,0
0,0,0,0
0,0,0,0
0,0,0,0
0,0,0,0
0,0,0,0
0,0,0,0
0,0,0,0
0,0,0,0
0,0,0,0
2.0729,2.0729,100.27,100.27
0,0,0,0
6.6122,6.6122,302.81,302.81
74.704,74.704,3421.1,3421.1
42.611,42.611,1951.4,1951.4
0,0,0,0
0,0,0,0
0,0,0,0
0,0,0,0
13.432,13.432,642.03,642.03
62.398,62.398,2982.6,2982.6
60.212,60.212,2839.2,2839.2
107.7,107.7,5113.6,5113.6
32.737,32.737,1554.4,1554.4
19.497,19.497,905.24,905.24
44.461,44.461,2064.3,2064.3
38.979,38.979,1787.9,1787.9
2.0871,2.0871,95.727,95.727
0,0,0,0
4.1739,4.1739,191.76,191.76
72.176,72.176,3316,3316
81.27,81.27,3730.1,3730.1
28.739,28.739,1319.9,1319.9
0,0,0,0
3.4271,3.4271,161.52,161.52
77.648,77.648,3564.8,3564.8
94.415,94.415,4334.6,4334.6
82.727,82.727,3861.2,3861.2
96.515,96.515,4560.3,4560.3
64.694,64.694,3038,3038
108.96,108.96,5116.8,5116.8
14.152,14.152,669.6,669.6
6.279,6.279,288.58,288.58
2.2403,2.2403,102.96,102.96
7.7066,7.7066,355.01,355.01
62.487,62.487,2878.5,2878.5
25.58,25.58,1178.3,1178.3
16.338,16.338,751.13,751.13
42.759,42.759,1999.8,1999.8
14.745,14.745,689.61,689.61
74.785,74.785,3448.7,3448.7
124.67,124.67,5805.5,5805.5
55.403,55.403,2980.3,2980.3
49.924,49.924,2685.5,2685.5
19.091,19.091,958.29,958.29
65.894,65.894,3307.6,3307.6
107.7,107.7,5052.6,5052.6
99.607,99.607,4595.7,4595.7
110.84,110.84,5098.3,5098.3
88.271,88.271,4070.5,4070.5
82.194,82.194,3790.3,3790.3
26.154,26.154,1218.8,1218.8
91.267,91.267,4216,4216
36.941,36.941,1706.5,1706.5
0,0,0,0
0,0,0,0
0,0,0,0
0,0,0,0
0,0,0,0
0,0,0,0
0,0,0,0
0,0,0,0
0,0,0,0
0,0,0,0
0,0,0,0
0,0,0,0
0,0,0,0
0,0,0,0
0,0,0,0
0,0,0,0
0,0,0,0
0,0,0,0
0,0,0,0
0,0,0,0
0,0,0,0
0,0,0,0
0,0,0,0
0,0,0,0
0,0,0,0
0,0,0,0
0,0,0,0
0,0,0,0
0,0,0,0
0,0,0,0
0,0,0,0
0,0,0,0
0,0,0,0
0,0,0,0
0,0,0,0
0,0,0,0
0,0,0,0
0,0,0,0
0,0,0,0
0,0,0,0
0,0,0,0
0,0,0,0
0,0,0,0
0,0,0,0
0,0,0,0
0,0,0,0
0,0,0,0
0,0,0,0
0,0,0,0
0,0,0,0
0,0,0,0
0,0,0,0
0,0,0,0
0,0,0,0
0,0,0,0
0,0,0,0
0,0,0,0
0,0,0,0
0,0,0,0
0,0,0,0
0,0,0,0
0,0,0,0
0,0,0,0
0,0,0,0
0,0,0,0
0,0,0,0
0,0,0,0
0,0,0,0
0,0,0,0
0,0,0,0
0,0,0,0
0,0,0,0
0,0,0,0
0,0,0,0
0,0,0,0
0,0,0,0
0,0,0,0
0,0,0,0
0,0,0,0
0,0,0,0
0,0,0,0
0,0,0,0
0,0,0,0
0,0,0,0
0,0,0,0
0,0,0,0
0,0,0,0
0,0,0,0
0,0,0,0
0,0,0,0
0,0,0,0
0,0,0,0
0,0,0,0
0,0,0,0
0,0,0,0
0,0,0,0
0,0,0,0
0,0,0,0
0,0,0,0
0,0,0,0
0,0,0,0
0,0,0,0
0,0,0,0
0,0,0,0
0,0,0,0
0,0,0,0
0,0,0,0
0,0,0,0
0,0,0,0
0,0,0,0
0,0,0,0
0,0,0,0
0,0,0,0
0,0,0,0
0,0,0,0
2.0836,2.0836,98.497,98.497
5.1471,5.1471,243.31,243.31
0,0,0,0
0,0,0,0
0,0,0,0
0,0,0,0
0,0,0,0
0,0,0,0
0,0,0,0
0,0,0,0
0,0,0,0
0,0,0,0
0,0,0,0
0,0,0,0
0,0,0,0
0,0,0,0
0,0,0,0
5.5554,5.5554,254.41,254.41
62.764,62.764,2874.3,2874.3
35.8,35.8,1639.5,1639.5
0,0,0,0
0,0,0,0
0,0,0,0
0,0,0,0
10.68,10.68,510.48,510.48
49.614,49.614,2371.5,2371.5
48.589,48.589,2291.2,2291.2
117.26,117.26,5567.8,5567.8
35.645,35.645,1692.5,1692.5
14.954,14.954,694.31,694.31
34.101,34.101,1583.3,1583.3
30.443,30.443,1396.3,1396.3
1.63,1.63,74.763,74.763
0,0,0,0
3.6073,3.6073,165.73,165.73
62.378,62.378,2865.8,2865.8
67.615,67.615,3103.3,3103.3
22.049,22.049,1012.6,1012.6
0,0,0,0
5.435,5.435,256.15,256.15
73.399,73.399,3369.7,3369.7
89.249,89.249,4097.4,4097.4
69.973,69.973,3265.9,3265.9
86.398,86.398,4082.3,4082.3
64.967,64.967,3050.9,3050.9
109.42,109.42,5138.5,5138.5
9.7071,9.7071,459.3,459.3
9.5369,9.5369,438.31,438.31
3.4026,3.4026,156.39,156.39
7.6166,7.6166,358.47,358.47
50.156,50.156,2310.5,2310.5
20.532,20.532,945.81,945.81
20.979,20.979,964.48,964.48
50.513,50.513,2322.3,2322.3
11.195,11.195,523.59,523.59
71.359,71.359,3290.7,3290.7
127.27,127.27,5926.5,5926.5
45.523,45.523,2448.8,2448.8
41.021,41.021,2206.6,2206.6
15.334,15.334,769.68,769.68
52.925,52.925,2656.5,2656.5
110.22,110.22,5170.4,5170.4
99.361,99.361,4584.3,4584.3
119.39,119.39,5491.5,5491.5
82.831,82.831,3819.6,3819.6
77.129,77.129,3556.7,3556.7
18.839,18.839,874.51,874.51
78.599,78.599,3630.8,3630.8
31.813,31.813,1469.6,1469.6
0,0,0,0
0,0,0,0
0,0,0,0
0,0,0,0
0,0,0,0
0,0,0,0
0,0,0,0
0,0,0,0
0,0,0,0
0,0,0,0
0,0,0,0
0,0,0,0
0,0,0,0
0,0,0,0
0,0,0,0
0,0,0,0
0,0,0,0
0,0,0,0
0,0,0,0
0,0,0,0
0,0,0,0
0,0,0,0
0,0,0,0
0,0,0,0
0,0,0,0
0,0,0,0
0,0,0,0
0,0,0,0
0,0,0,0
0,0,0,0
0,0,0,0
0,0,0,0
0,0,0,0
0,0,0,0
0,0,0,0
0,0,0,0
0,0,0,0
0,0,0,0
0,0,0,0
0,0,0,0
0,0,0,0
0,0,0,0
0,0,0,0
0,0,0,0
0,0,0,0
0,0,0,0
0,0,0,0
0,0,0,0
0,0,0,0
0,0,0,0
0,0,0,0
0,0,0,0
0,0,0,0
0,0,0,0
0,0,0,0
0,0,0,0
0,0,0,0
0,0,0,0
0,0,0,0
0,0,0,0
0,0,0,0
0,0,0,0
0,0,0,0
0,0,0,0
0,0,0,0
0,0,0,0
0,0,0,0
0,0,0,0
0,0,0,0
0,0,0,0
0,0,0,0
0,0,0,0
0,0,0,0
0,0,0,0
0,0,0,0
0,0,0,0
0,0,0,0
0,0,0,0
0,0,0,0
0,0,0,0
0,0,0,0
0,0,0,0
0,0,0,0
0,0,0,0
0,0,0,0
0,0,0,0
0,0,0,0
0,0,0,0
0,0,0,0
0,0,0,0
0,0,0,0
0,0,0,0
0,0,0,0
0,0,0,0
0,0,0,0
0,0,0,0
0,0,0,0
0,0,0,0
0,0,0,0
0,0,0,0
0,0,0,0
0,0,0,0
0,0,0,0
0,0,0,0
0,0,0,0
0,0,0,0
0,0,0,0
0,0,0,0
0,0,0,0
0,0,0,0
0,0,0,0
0,0,0,0
0,0,0,0
0,0,0,0
0,0,0,0
0,0,0,0
3.2418,3.2418,153.24,153.24
0,0,0,0
0,0,0,0
0,0,0,0
0,0,0,0
0,0,0,0
0,0,0,0
0,0,0,0
0,0,0,0
0,0,0,0
0,0,0,0
0,0,0,0
0,0,0,0
0,0,0,0
0,0,0,0
0,0,0,0
4.5226,4.5226,207.11,207.11
51.096,51.096,2340,2340
29.145,29.145,1334.7,1334.7
0,0,0,0
0,0,0,0
0,0,0,0
0,0,0,0
8.2279,8.2279,393.29,393.29
38.224,38.224,1827.1,1827.1
37.993,37.993,1791.5,1791.5
123.71,123.71,5874.1,5874.1
37.606,37.606,1785.6,1785.6
11.114,11.114,515.99,515.99
25.343,25.343,1176.6,1176.6
23.038,23.038,1056.7,1056.7
0,0,0,0
0,0,0,0
3.0208,3.0208,138.79,138.79
52.236,52.236,2399.9,2399.9
54.507,54.507,2501.7,2501.7
16.392,16.392,752.82,752.82
0,0,0,0
8.3518,8.3518,393.62,393.62
67.228,67.228,3086.4,3086.4
81.746,81.746,3752.9,3752.9
57.348,57.348,2676.6,2676.6
74.941,74.941,3540.9,3540.9
63.217,63.217,2968.7,2968.7
106.47,106.47,5000,5000
9.0536,9.0536,425.16,425.16
14.035,14.035,645.07,645.07
5.0077,5.0077,230.15,230.15
10.783,10.783,507.51,507.51
39.009,39.009,1796.9,1796.9
15.969,15.969,735.59,735.59
26.101,26.101,1200,1200
62.847,62.847,2889.3,2889.3
8.236,8.236,385.19,385.19
65.976,65.976,3042.5,3042.5
125.88,125.88,5862.2,5862.2
36.244,36.244,1949.7,1949.7
32.66,32.66,1756.8,1756.8
11.933,11.933,598.99,598.99
41.188,41.188,2067.4,2067.4
109.28,109.28,5126.6,5126.6
96.038,96.038,4431,4431
124.6,124.6,5731.4,5731.4
75.314,75.314,3473,3473
70.129,70.129,3233.9,3233.9
26.256,26.256,1207,1207
65.587,65.587,3029.8,3029.8
26.547,26.547,1226.3,1226.3
0,0,0,0
0,0,0,0
0,0,0,0
0,0,0,0
0,0,0,0
0,0,0,0
0,0,0,0
0,0,0,0
0,0,0,0
0,0,0,0
0,0,0,0
0,0,0,0
0,0,0,0
0,0,0,0
0,0,0,0
0,0,0,0
0,0,0,0
0,0,0,0
0,0,0,0
0,0,0,0
0,0,0,0
0,0,0,0
0,0,0,0
0,0,0,0
0,0,0,0
0,0,0,0
0,0,0,0
0,0,0,0
0,0,0,0
0,0,0,0
0,0,0,0
0,0,0,0
0,0,0,0
0,0,0,0
0,0,0,0
0,0,0,0
0,0,0,0
0,0,0,0
0,0,0,0
0,0,0,0
0,0,0,0
0,0,0,0
0,0,0,0
0,0,0,0
0,0,0,0
0,0,0,0
0,0,0,0
0,0,0,0
0,0,0,0
0,0,0,0
0,0,0,0
0,0,0,0
0,0,0,0
0,0,0,0
0,0,0,0
0,0,0,0
0,0,0,0
0,0,0,0
0,0,0,0
0,0,0,0
0,0,0,0
0,0,0,0
0,0,0,0
0,0,0,0
0,0,0,0
0,0,0,0
0,0,0,0
0,0,0,0
0,0,0,0
0,0,0,0
0,0,0,0
0,0,0,0
0,0,0,0
0,0,0,0
0,0,0,0
0,0,0,0
0,0,0,0
0,0,0,0
0,0,0,0
0,0,0,0
0,0,0,0
0,0,0,0
0,0,0,0
0,0,0,0
0,0,0,0
0,0,0,0
0,0,0,0
0,0,0,0
0,0,0,0
0,0,0,0
0,0,0,0
0,0,0,0
0,0,0,0
0,0,0,0
0,0,0,0
0,0,0,0
0,0,0,0
0,0,0,0
0,0,0,0
0,0,0,0
0,0,0,0
0,0,0,0
0,0,0,0
0,0,0,0
0,0,0,0
0,0,0,0
0,0,0,0
0,0,0,0
0,0,0,0
0,0,0,0
0,0,0,0
0,0,0,0
0,0,0,0
0,0,0,0
0,0,0,0
0,0,0,0
1.9784,1.9784,93.522,93.522
0,0,0,0
0,0,0,0
0,0,0,0
0,0,0,0
0,0,0,0
0,0,0,0
0,0,0,0
0,0,0,0
0,0,0,0
0,0,0,0
0,0,0,0
0,0,0,0
0,0,0,0
0,0,0,0
0,0,0,0
3.5674,3.5674,163.37,163.37
40.305,40.305,1845.8,1845.8
22.99,22.99,1052.8,1052.8
0,0,0,0
0,0,0,0
0,0,0,0
0,0,0,0
6.1422,6.1422,293.59,293.59
28.534,28.534,1363.9,1363.9
28.786,28.786,1357.3,1357.3
126.47,126.47,6004.9,6004.9
38.443,38.443,1825.4,1825.4
8.0029,8.0029,371.57,371.57
18.249,18.249,847.3,847.3
16.893,16.893,774.83,774.83
0,0,0,0
0,0,0,0
2.4511,2.4511,112.61,112.61
42.385,42.385,1947.3,1947.3
42.576,42.576,1954.1,1954.1
11.808,11.808,542.29,542.29
2.0169,2.0169,95.056,95.056
12.435,12.435,586.08,586.08
59.664,59.664,2739.2,2739.2
72.548,72.548,3330.7,3330.7
45.541,45.541,2125.6,2125.6
62.985,62.985,2976,2976
59.603,59.603,2799,2799
100.39,100.39,4714.2,4714.2
8.5361,8.5361,400.86,400.86
20.015,20.015,919.87,919.87
7.141,7.141,328.2,328.2
14.793,14.793,696.21,696.21
29.397,29.397,1354.2,1354.2
12.034,12.034,554.34,554.34
31.466,31.466,1446.6,1446.6
75.764,75.764,3483.1,3483.1
10.098,10.098,464.19,464.19
59.105,59.105,2725.6,2725.6
120.65,120.65,5618.6,5618.6
33.969,33.969,1581.9,1581.9
25.195,25.195,1355.3,1355.3
8.9986,8.9986,451.69,451.69
31.059,31.059,1559,1559
104.99,104.99,4925.5,4925.5
98.808,98.808,4588.2,4588.2
126.01,126.01,5796,5796
66.352,66.352,3059.7,3059.7
66.795,66.795,3095.9,3095.9
35.457,35.457,1629.9,1629.9
53.03,53.03,2449.7,2449.7
21.464,21.464,991.53,991.53
0,0,0,0
0,0,0,0
0,0,0,0
0,0,0,0
0,0,0,0
0,0,0,0
0,0,0,0
0,0,0,0
0,0,0,0
0,0,0,0
0,0,0,0
0,0,0,0
0,0,0,0
0,0,0,0
0,0,0,0
0,0,0,0
0,0,0,0
0,0,0,0
0,0,0,0
0,0,0,0
0,0,0,0
0,0,0,0
0,0,0,0
0,0,0,0
0,0,0,0
0,0,0,0
0,0,0,0
0,0,0,0
0,0,0,0
0,0,0,0
0,0,0,0
0,0,0,0
0,0,0,0
0,0,0,0
0,0,0,0
0,0,0,0
0,0,0,0
0,0,0,0
0,0,0,0
0,0,0,0
0,0,0,0
0,0,0,0
0,0,0,0
0,0,0,0
0,0,0,0
0,0,0,0
0,0,0,0
0,0,0,0
0,0,0,0
0,0,0,0
0,0,0,0
0,0,0,0
0,0,0,0
0,0,0,0
0,0,0,0
0,0,0,0
0,0,0,0
0,0,0,0
0,0,0,0
0,0,0,0
0,0,0,0
0,0,0,0
0,0,0,0
0,0,0,0
0,0,0,0
0,0,0,0
0,0,0,0
0,0,0,0
0,0,0,0
0,0,0,0
0,0,0,0
0,0,0,0
0,0,0,0
0,0,0,0
0,0,0,0
0,0,0,0
0,0,0,0
0,0,0,0
0,0,0,0
0,0,0,0
0,0,0,0
0,0,0,0
0,0,0,0
0,0,0,0
0,0,0,0
0,0,0,0
0,0,0,0
0,0,0,0
0,0,0,0
0,0,0,0
0,0,0,0
0,0,0,0
0,0,0,0
0,0,0,0
0,0,0,0
0,0,0,0
0,0,0,0
0,0,0,0
0,0,0,0
0,0,0,0
0,0,0,0
0,0,0,0
0,0,0,0
0,0,0,0
0,0,0,0
0,0,0,0
0,0,0,0
0,0,0,0
0,0,0,0
0,0,0,0
0,0,0,0
0,0,0,0
0,0,0,0
0,0,0,0
0,0,0,0
0,0,0,0
0,0,0,0
0,0,0,0
0,0,0,0
0,0,0,0
0,0,0,0
0,0,0,0
0,0,0,0
0,0,0,0
0,0,0,0
0,0,0,0
0,0,0,0
0,0,0,0
0,0,0,0
0,0,0,0
0,0,0,0
0,0,0,0
2.7267,2.7267,124.87,124.87
30.806,30.806,1410.8,1410.8
17.571,17.571,804.69,804.69
0,0,0,0
0,0,0,0
0,0,0,0
0,0,0,0
4.4428,4.4428,212.36,212.36
20.64,20.64,986.55,986.55
21.132,21.132,996.46,996.46
125.27,125.27,5947.9,5947.9
38.079,38.079,1808.1,1808.1
5.5839,5.5839,259.26,259.26
12.733,12.733,591.2,591.2
12.002,12.002,550.51,550.51
0,0,0,0
0,0,0,0
1.9271,1.9271,88.539,88.539
33.324,33.324,1531,1531
32.224,32.224,1479,1479
8.2415,8.2415,378.5,378.5
2.9098,2.9098,137.14,137.14
17.941,17.941,845.56,845.56
51.308,51.308,2355.5,2355.5
62.387,62.387,2864.2,2864.2
35.042,35.042,1635.6,1635.6
51.292,51.292,2423.5,2423.5
54.452,54.452,2557.1,2557.1
91.71,91.71,4306.8,4306.8
7.7983,7.7983,366.21,366.21
27.655,27.655,1271,1271
9.867,9.867,453.48,453.48
19.663,19.663,925.42,925.42
35.692,35.692,1679.8,1679.8
8.787,8.787,404.78,404.78
36.756,36.756,1689.8,1689.8
88.501,88.501,4068.7,4068.7
13.732,13.732,631.24,631.24
51.306,51.306,2366,2366
112.05,112.05,5217.9,5217.9
31.546,31.546,1469,1469
24.83,24.83,1148.7,1148.7
7.7143,7.7143,356.88,356.88
22.694,22.694,1139.1,1139.1
97.742,97.742,4585.2,4585.2
110.51,110.51,5131.8,5131.8
123.47,123.47,5679.4,5679.4
56.642,56.642,2612,2612
80.532,80.532,3732.5,3732.5
46.395,46.395,2132.8,2132.8
41.546,41.546,1919.2,1919.2
16.816,16.816,776.81,776.81
0,0,0,0
0,0,0,0
0,0,0,0
0,0,0,0
0,0,0,0
0,0,0,0
0,0,0,0
0,0,0,0
0,0,0,0
0,0,0,0
0,0,0,0
0,0,0,0
0,0,0,0
0,0,0,0
0,0,0,0
0,0,0,0
0,0,0,0
0,0,0,0
0,0,0,0
0,0,0,0
0,0,0,0
0,0,0,0
0,0,0,0
0,0,0,0
0,0,0,0
0,0,0,0
0,0,0,0
0,0,0,0
0,0,0,0
0,0,0,0
0,0,0,0
0,0,0,0
0,0,0,0
0,0,0,0
0,0,0,0
0,0,0,0
0,0,0,0
0,0,0,0
0,0,0,0
0,0,0,0
0,0,0,0
0,0,0,0
0,0,0,0
0,0,0,0
0,0,0,0
0,0,0,0
0,0,0,0
0,0,0,0
0,0,0,0
0,0,0,0
0,0,0,0
0,0,0,0
0,0,0,0
0,0,0,0
0,0,0,0
0,0,0,0
0,0,0,0
0,0,0,0
0,0,0,0
0,0,0,0
0,0,0,0
0,0,0,0
0,0,0,0
0,0,0,0
0,0,0,0
0,0,0,0
0,0,0,0
0,0,0,0
0,0,0,0
0,0,0,0
0,0,0,0
0,0,0,0
0,0,0,0
0,0,0,0
0,0,0,0
0,0,0,0
0,0,0,0
0,0,0,0
0,0,0,0
0,0,0,0
0,0,0,0
0,0,0,0
0,0,0,0
0,0,0,0
0,0,0,0
0,0,0,0
0,0,0,0
0,0,0,0
0,0,0,0
0,0,0,0
0,0,0,0
0,0,0,0
0,0,0,0
0,0,0,0
0,0,0,0
0,0,0,0
0,0,0,0
0,0,0,0
0,0,0,0
0,0,0,0
0,0,0,0
0,0,0,0
0,0,0,0
0,0,0,0
0,0,0,0
0,0,0,0
0,0,0,0
0,0,0,0
0,0,0,0
0,0,0,0
0,0,0,0
0,0,0,0
0,0,0,0
0,0,0,0
0,0,0,0
0,0,0,0
0,0,0,0
0,0,0,0
0,0,0,0
0,0,0,0
0,0,0,0
0,0,0,0
0,0,0,0
0,0,0,0
0,0,0,0
0,0,0,0
0,0,0,0
0,0,0,0
0,0,0,0
0,0,0,0
0,0,0,0
0,0,0,0
2.0193,2.0193,92.477,92.477
22.814,22.814,1044.8,1044.8
13.013,13.013,595.95,595.95
0,0,0,0
0,0,0,0
0,0,0,0
0,0,0,0
3.1138,3.1138,148.84,148.84
14.466,14.466,691.44,691.44
19.968,19.968,948.11,948.11
120.23,120.23,5708.6,5708.6
36.547,36.547,1735.3,1735.3
3.7752,3.7752,175.28,175.28
8.6088,8.6088,399.7,399.7
8.2629,8.2629,378.99,378.99
0,0,0,0
0,0,0,0
0,0,0,0
25.387,25.387,1166.3,1166.3
23.632,23.632,1084.6,1084.6
5.5738,5.5738,255.98,255.98
4.0677,4.0677,191.71,191.71
25.08,25.08,1182,1182
42.751,42.751,1962.7,1962.7
51.983,51.983,2386.5,2386.5
26.127,26.127,1219.4,1219.4
40.474,40.474,1912.4,1912.4
48.201,48.201,2263.5,2263.5
81.182,81.182,3812.4,3812.4
6.903,6.903,324.17,324.17
37.025,37.025,1701.7,1701.7
13.21,13.21,607.14,607.14
25.325,25.325,1191.9,1191.9
45.969,45.969,2163.5,2163.5
6.217,6.217,286.39,286.39
41.602,41.602,1912.6,1912.6
100.17,100.17,4605.1,4605.1
18.094,18.094,831.76,831.76
43.153,43.153,1990,1990
100.83,100.83,4695.3,4695.3
28.387,28.387,1321.9,1321.9
33.667,33.667,1557.5,1557.5
10.46,10.46,483.9,483.9
16.066,16.066,806.46,806.46
88.166,88.166,4136,4136
119.77,119.77,5561.5,5561.5
117.23,117.23,5392.3,5392.3
46.852,46.852,2160.5,2160.5
94.079,94.079,4360.4,4360.4
58.822,58.822,2704,2704
31.538,31.538,1456.9,1456.9
12.765,12.765,589.69,589.69
0,0,0,0
0,0,0,0
0,0,0,0
0,0,0,0
0,0,0,0
0,0,0,0
0,0,0,0
0,0,0,0
0,0,0,0
0,0,0,0
0,0,0,0
0,0,0,0
0,0,0,0
0,0,0,0
0,0,0,0
0,0,0,0
0,0,0,0
0,0,0,0
0,0,0,0
0,0,0,0
0,0,0,0
0,0,0,0
0,0,0,0
0,0,0,0
0,0,0,0
0,0,0,0
0,0,0,0
0,0,0,0
0,0,0,0
0,0,0,0
0,0,0,0
0,0,0,0
0,0,0,0
0,0,0,0
0,0,0,0
0,0,0,0
0,0,0,0
0,0,0,0
0,0,0,0
0,0,0,0
0,0,0,0
0,0,0,0
0,0,0,0
0,0,0,0
0,0,0,0
0,0,0,0
0,0,0,0
0,0,0,0
0,0,0,0
0,0,0,0
0,0,0,0
0,0,0,0
0,0,0,0
0,0,0,0
0,0,0,0
0,0,0,0
0,0,0,0
0,0,0,0
0,0,0,0
0,0,0,0
0,0,0,0
0,0,0,0
0,0,0,0
0,0,0,0
0,0,0,0
0,0,0,0
0,0,0,0
0,0,0,0
0,0,0,0
0,0,0,0
0,0,0,0
0,0,0,0
0,0,0,0
0,0,0,0
0,0,0,0
0,0,0,0
0,0,0,0
0,0,0,0
0,0,0,0
0,0,0,0
0,0,0,0
0,0,0,0
0,0,0,0
0,0,0,0
0,0,0,0
0,0,0,0
0,0,0,0
0,0,0,0
0,0,0,0
0,0,0,0
0,0,0,0
0,0,0,0
0,0,0,0
0,0,0,0
0,0,0,0
0,0,0,0
0,0,0,0
0,0,0,0
0,0,0,0
0,0,0,0
0,0,0,0
0,0,0,0
0,0,0,0
0,0,0,0
0,0,0,0
0,0,0,0
0,0,0,0
0,0,0,0
0,0,0,0
0,0,0,0
0,0,0,0
0,0,0,0
0,0,0,0
0,0,0,0
0,0,0,0
0,0,0,0
0,0,0,0
0,0,0,0
0,0,0,0
0,0,0,0
0,0,0,0
0,0,0,0
0,0,0,0
0,0,0,0
0,0,0,0
0,0,0,0
0,0,0,0
0,0,0,0
0,0,0,0
0,0,0,0
0,0,0,0
0,0,0,0
0,0,0,0
16.372,16.372,749.75,749.75
9.3382,9.3382,427.65,427.65
0,0,0,0
0,0,0,0
0,0,0,0
0,0,0,0
2.1146,2.1146,101.08,101.08
9.8237,9.8237,469.57,469.57
18.569,18.569,881.71,881.71
111.81,111.81,5308.8,5308.8
33.987,33.987,1613.8,1613.8
2.4731,2.4731,114.82,114.82
5.6395,5.6395,261.84,261.84
5.5118,5.5118,252.81,252.81
0,0,0,0
0,0,0,0
0,0,0,0
18.739,18.739,860.95,860.95
16.793,16.793,770.74,770.74
3.6525,3.6525,167.75,167.75
5.5099,5.5099,259.68,259.68
33.972,33.972,1601.1,1601.1
34.516,34.516,1584.6,1584.6
41.969,41.969,1926.8,1926.8
18.875,18.875,880.95,880.95
30.945,30.945,1462.2,1462.2
41.343,41.343,1941.5,1941.5
69.631,69.631,3269.9,3269.9
6.7966,6.7966,312.37,312.37
48.032,48.032,2207.5,2207.5
17.137,17.137,787.62,787.62
31.605,31.605,1487.5,1487.5
57.368,57.368,2700,2700
5.2573,5.2573,247.43,247.43
45.625,45.625,2097.5,2097.5
109.85,109.85,5050.4,5050.4
23.101,23.101,1061.9,1061.9
35.169,35.169,1621.8,1621.8
87.911,87.911,4093.9,4093.9
24.75,24.75,1152.6,1152.6
44.232,44.232,2046.3,2046.3
13.742,13.742,635.76,635.76
11.022,11.022,553.23,553.23
77.059,77.059,3614.9,3614.9
125.77,125.77,5840.2,5840.2
107.85,107.85,4960.7,4960.7
37.55,37.55,1731.6,1731.6
106.49,106.49,4935.8,4935.8
72.262,72.262,3321.9,3321.9
23.198,23.198,1071.6,1071.6
9.3895,9.3895,433.74,433.74
0,0,0,0
0,0,0,0
0,0,0,0
0,0,0,0
0,0,0,0
0,0,0,0
0,0,0,0
0,0,0,0
0,0,0,0
0,0,0,0
0,0,0,0
0,0,0,0
0,0,0,0
0,0,0,0
0,0,0,0
0,0,0,0
0,0,0,0
0,0,0,0
0,0,0,0
0,0,0,0
0,0,0,0
0,0,0,0
0,0,0,0
0,0,0,0
0,0,0,0
0,0,0,0
0,0,0,0
0,0,0,0
0,0,0,0
0,0,0,0
0,0,0,0
0,0,0,0
0,0,0,0
0,0,0,0
0,0,0,0
0,0,0,0
0,0,0,0
0,0,0,0
0,0,0,0
0,0,0,0
0,0,0,0
0,0,0,0
0,0,0,0
0,0,0,0
0,0,0,0
0,0,0,0
0,0,0,0
0,0,0,0
0,0,0,0
0,0,0,0
0,0,0,0
0,0,0,0
0,0,0,0
0,0,0,0
0,0,0,0
0,0,0,0
0,0,0,0
0,0,0,0
0,0,0,0
0,0,0,0
0,0,0,0
0,0,0,0
0,0,0,0
0,0,0,0
0,0,0,0
0,0,0,0
0,0,0,0
0,0,0,0
0,0,0,0
0,0,0,0
0,0,0,0
0,0,0,0
0,0,0,0
0,0,0,0
0,0,0,0
0,0,0,0
0,0,0,0
0,0,0,0
0,0,0,0
0,0,0,0
0,0,0,0
0,0,0,0
0,0,0,0
0,0,0,0
0,0,0,0
0,0,0,0
0,0,0,0
0,0,0,0
0,0,0,0
0,0,0,0
0,0,0,0
0,0,0,0
0,0,0,0
0,0,0,0
0,0,0,0
0,0,0,0
0,0,0,0
0,0,0,0
0,0,0,0
0,0,0,0
0,0,0,0
0,0,0,0
0,0,0,0
0,0,0,0
0,0,0,0
0,0,0,0
0,0,0,0
0,0,0,0
0,0,0,0
0,0,0,0
0,0,0,0
0,0,0,0
0,0,0,0
0,0,0,0
0,0,0,0
0,0,0,0
0,0,0,0
0,0,0,0
0,0,0,0
0,0,0,0
0,0,0,0
0,0,0,0
0,0,0,0
0,0,0,0
0,0,0,0
0,0,0,0
0,0,0,0
0,0,0,0
0,0,0,0
0,0,0,0
0,0,0,0
0,0,0,0
0,0,0,0
11.383,11.383,521.31,521.31
6.493,6.493,297.35,297.35
0,0,0,0
0,0,0,0
0,0,0,0
0,0,0,0
0,0,0,0
6.4642,6.4642,308.99,308.99
16.733,16.733,794.5,794.5
100.75,100.75,4783.7,4783.7
30.626,30.626,1454.2,1454.2
1.5698,1.5698,72.883,72.883
3.5797,3.5797,166.2,166.2
3.5626,3.5626,163.4,163.4
0,0,0,0
0,0,0,0
0,0,0,0
13.403,13.403,615.79,615.79
11.701,11.701,537.59,537.59
2.3192,2.3192,106.51,106.51
7.2316,7.2316,340.82,340.82
44.587,44.587,2101.4,2101.4
27.002,27.002,1239.6,1239.6
32.833,32.833,1507.3,1507.3
13.212,13.212,616.67,616.67
22.925,22.925,1083.2,1083.2
34.359,34.359,1613.5,1613.5
57.87,57.87,2717.6,2717.6
8.5433,8.5433,392.65,392.65
60.375,60.375,2774.8,2774.8
21.541,21.541,990.03,990.03
38.217,38.217,1798.7,1798.7
69.371,69.371,3264.9,3264.9
6.3572,6.3572,299.2,299.2
48.483,48.483,2228.9,2228.9
116.74,116.74,5366.8,5366.8
28.578,28.578,1313.7,1313.7
27.772,27.772,1280.7,1280.7
74.271,74.271,3458.7,3458.7
20.91,20.91,973.75,973.75
56.309,56.309,2605,2605
17.494,17.494,809.33,809.33
7.326,7.326,367.73,367.73
65.259,65.259,3061.4,3061.4
127.97,127.97,5942.4,5942.4
96.138,96.138,4422,4422
30.16,30.16,1387.3,1387.3
116.8,116.8,5413.6,5413.6
86.018,86.018,3954.2,3954.2
22.041,22.041,1013.2,1013.2
6.692,6.692,309.13,309.13
0,0,0,0
0,0,0,0
0,0,0,0
0,0,0,0
0,0,0,0
0,0,0,0
0,0,0,0
0,0,0,0
0,0,0,0
0,0,0,0
0,0,0,0
0,0,0,0
0,0,0,0
0,0,0,0
0,0,0,0
0,0,0,0
0,0,0,0
0,0,0,0
0,0,0,0
0,0,0,0
0,0,0,0
0,0,0,0
0,0,0,0
0,0,0,0
0,0,0,0
0,0,0,0
0,0,0,0
0,0,0,0
0,0,0,0
0,0,0,0
0,0,0,0
0,0,0,0
0,0,0,0
0,0,0,0
0,0,0,0
0,0,0,0
0,0,0,0
0,0,0,0
0,0,0,0
0,0,0,0
0,0,0,0
0,0,0,0
0,0,0,0
0,0,0,0
0,0,0,0
0,0,0,0
0,0,0,0
0,0,0,0
0,0,0,0
0,0,0,0
0,0,0,0
0,0,0,0
0,0,0,0
0,0,0,0
0,0,0,0
0,0,0,0
0,0,0,0
0,0,0,0
0,0,0,0
0,0,0,0
0,0,0,0
0,0,0,0
0,0,0,0
0,0,0,0
0,0,0,0
0,0,0,0
0,0,0,0
0,0,0,0
0,0,0,0
0,0,0,0
0,0,0,0
0,0,0,0
0,0,0,0
0,0,0,0
0,0,0,0
0,0,0,0
0,0,0,0
0,0,0,0
0,0,0,0
0,0,0,0
0,0,0,0
0,0,0,0
0,0,0,0
0,0,0,0
0,0,0,0
0,0,0,0
0,0,0,0
0,0,0,0
0,0,0,0
0,0,0,0
0,0,0,0
0,0,0,0
0,0,0,0
0,0,0,0
0,0,0,0
0,0,0,0
0,0,0,0
0,0,0,0
0,0,0,0
0,0,0,0
0,0,0,0
0,0,0,0
0,0,0,0
0,0,0,0
0,0,0,0
0,0,0,0
0,0,0,0
0,0,0,0
0,0,0,0
0,0,0,0
0,0,0,0
0,0,0,0
0,0,0,0
0,0,0,0
0,0,0,0
0,0,0,0
0,0,0,0
0,0,0,0
0,0,0,0
0,0,0,0
0,0,0,0
0,0,0,0
0,0,0,0
0,0,0,0
0,0,0,0
0,0,0,0
0,0,0,0
0,0,0,0
0,0,0,0
0,0,0,0
0,0,0,0
0,0,0,0
0,0,0,0
7.6693,7.6693,351.22,351.22
4.3745,4.3745,200.33,200.33
0,0,0,0
0,0,0,0
0,0,0,0
0,0,0,0
0,0,0,0
4.1215,4.1215,197.01,197.01
14.61,14.61,693.69,693.69
87.965,87.965,4176.8,4176.8
26.74,26.74,1269.6,1269.6
0,0,0,0
2.2016,2.2016,102.22,102.22
2.2312,2.2312,102.34,102.34
0,0,0,0
0,0,0,0
0,0,0,0
9.2888,9.2888,426.76,426.76
8.1092,8.1092,372.57,372.57
0,0,0,0
9.1966,9.1966,433.43,433.43
56.703,56.703,2672.4,2672.4
20.468,20.468,939.66,939.66
24.887,24.887,1142.6,1142.6
9.3152,9.3152,440.14,440.14
16.457,16.457,777.58,777.58
27.669,27.669,1299.4,1299.4
46.602,46.602,2188.4,2188.4
10.405,10.405,478.23,478.23
73.535,73.535,3379.6,3379.6
26.236,26.236,1205.8,1205.8
44.778,44.778,2107.4,2107.4
81.28,81.28,3825.4,3825.4
7.4486,7.4486,350.56,350.56
49.921,49.921,2295,2295
120.2,120.2,5525.9,5525.9
34.257,34.257,1574.8,1574.8
21.25,21.25,979.93,979.93
60.798,60.798,2831.3,2831.3
17.117,17.117,797.12,797.12
69.456,69.456,3213.2,3213.2
21.579,21.579,998.3,998.3
4.7184,4.7184,236.84,236.84
53.551,53.551,2512.2,2512.2
126.17,126.17,5858.6,5858.6
83.038,83.038,3819.5,3819.5
26.05,26.05,1198.2,1198.2
124.13,124.13,5753.3,5753.3
99.212,99.212,4560.8,4560.8
25.422,25.422,1168.6,1168.6
4.6214,4.6214,213.48,213.48
0,0,0,0
0,0,0,0
0,0,0,0
0,0,0,0
0,0,0,0
0,0,0,0
0,0,0,0
0,0,0,0
0,0,0,0
0,0,0,0
0,0,0,0
0,0,0,0
0,0,0,0
0,0,0,0
0,0,0,0
0,0,0,0
0,0,0,0
0,0,0,0
0,0,0,0
0,0,0,0
0,0,0,0
0,0,0,0
0,0,0,0
0,0,0,0
0,0,0,0
0,0,0,0
0,0,0,0
0,0,0,0
0,0,0,0
0,0,0,0
0,0,0,0
0,0,0,0
0,0,0,0
0,0,0,0
0,0,0,0
0,0,0,0
0,0,0,0
0,0,0,0
0,0,0,0
0,0,0,0
0,0,0,0
0,0,0,0
0,0,0,0
0,0,0,0
0,0,0,0
0,0,0,0
0,0,0,0
0,0,0,0
0,0,0,0
0,0,0,0
0,0,0,0
0,0,0,0
0,0,0,0
0,0,0,0
0,0,0,0
0,0,0,0
0,0,0,0
0,0,0,0
0,0,0,0
0,0,0,0
0,0,0,0
0,0,0,0
0,0,0,0
0,0,0,0
0,0,0,0
0,0,0,0
0,0,0,0
0,0,0,0
0,0,0,0
0,0,0,0
0,0,0,0
0,0,0,0
0,0,0,0
0,0,0,0
0,0,0,0
0,0,0,0
0,0,0,0
0,0,0,0
0,0,0,0
0,0,0,0
0,0,0,0
0,0,0,0
0,0,0,0
0,0,0,0
0,0,0,0
0,0,0,0
0,0,0,0
0,0,0,0
0,0,0,0
0,0,0,0
0,0,0,0
0,0,0,0
0,0,0,0
0,0,0,0
0,0,0,0
0,0,0,0
0,0,0,0
0,0,0,0
0,0,0,0
0,0,0,0
0,0,0,0
0,0,0,0
0,0,0,0
0,0,0,0
0,0,0,0
0,0,0,0
0,0,0,0
0,0,0,0
0,0,0,0
0,0,0,0
0,0,0,0
0,0,0,0
0,0,0,0
0,0,0,0
0,0,0,0
0,0,0,0
0,0,0,0
0,0,0,0
0,0,0,0
0,0,0,0
0,0,0,0
0,0,0,0
0,0,0,0
0,0,0,0
0,0,0,0
0,0,0,0
0,0,0,0
0,0,0,0
0,0,0,0
0,0,0,0
0,0,0,0
0,0,0,0
0,0,0,0
5.0066,5.0066,229.28,229.28
2.8557,2.8557,130.78,130.78
0,0,0,0
0,0,0,0
0,0,0,0
0,0,0,0
0,0,0,0
2.5463,2.5463,121.71,121.71
12.36,12.36,586.87,586.87
74.419,74.419,3533.6,3533.6
22.622,22.622,1074.1,1074.1
0,0,0,0
0,0,0,0
0,0,0,0
0,0,0,0
0,0,0,0
0,0,0,0
6.2376,6.2376,286.58,286.58
5.4455,5.4455,250.18,250.18
0,0,0,0
11.332,11.332,534.09,534.09
69.871,69.871,3293,3293
21.749,21.749,1025.1,1025.1
18.279,18.279,839.19,839.19
6.4792,6.4792,306.14,306.14
11.447,11.447,540.84,540.84
21.59,21.59,1013.9,1013.9
36.362,36.362,1707.6,1707.6
12.28,12.28,564.38,564.38
86.782,86.782,3988.5,3988.5
30.963,30.963,1423,1423
50.836,50.836,2392.6,2392.6
92.277,92.277,4342.9,4342.9
8.4564,8.4564,397.99,397.99
49.805,49.805,2289.7,2289.7
119.92,119.92,5513.1,5513.1
39.788,39.788,1829,1829
15.755,15.755,726.52,726.52
48.225,48.225,2245.7,2245.7
13.577,13.577,632.27,632.27
83.014,83.014,3840.5,3840.5
25.791,25.791,1193.2,1193.2
3.6905,3.6905,173.13,173.13
42.579,42.579,1997.4,1997.4
120.53,120.53,5596.7,5596.7
69.496,69.496,3196.6,3196.6
25.789,25.789,1195.3,1195.3
127.82,127.82,5924.4,5924.4
110.88,110.88,5097,5097
28.411,28.411,1306,1306
3.0924,3.0924,142.85,142.85
0,0,0,0
0,0,0,0
0,0,0,0
0,0,0,0
0,0,0,0
0,0,0,0
0,0,0,0
0,0,0,0
0,0,0,0
0,0,0,0
0,0,0,0
0,0,0,0
0,0,0,0
0,0,0,0
0,0,0,0
0,0,0,0
0,0,0,0
0,0,0,0
0,0,0,0
0,0,0,0
0,0,0,0
0,0,0,0
0,0,0,0
0,0,0,0
0,0,0,0
0,0,0,0
0,0,0,0
0,0,0,0
0,0,0,0
0,0,0,0
0,0,0,0
0,0,0,0
0,0,0,0
0,0,0,0
0,0,0,0
0,0,0,0
0,0,0,0
0,0,0,0
0,0,0,0
0,0,0,0
0,0,0,0
0,0,0,0
0,0,0,0
0,0,0,0
0,0,0,0
0,0,0,0
0,0,0,0
0,0,0,0
0,0,0,0
0,0,0,0
0,0,0,0
0,0,0,0
0,0,0,0
0,0,0,0
0,0,0,0
0,0,0,0
0,0,0,0
0,0,0,0
0,0,0,0
0,0,0,0
0,0,0,0
0,0,0,0
0,0,0,0
0,0,0,0
0,0,0,0
0,0,0,0
0,0,0,0
0,0,0,0
0,0,0,0
0,0,0,0
0,0,0,0
0,0,0,0
0,0,0,0
0,0,0,0
0,0,0,0
0,0,0,0
0,0,0,0
0,0,0,0
0,0,0,0
0,0,0,0
0,0,0,0
0,0,0,0
0,0,0,0
0,0,0,0
0,0,0,0
0,0,0,0
0,0,0,0
0,0,0,0
0,0,0,0
0,0,0,0
0,0,0,0
0,0,0,0
0,0,0,0
0,0,0,0
0,0,0,0
0,0,0,0
0,0,0,0
0,0,0,0
0,0,0,0
0,0,0,0
0,0,0,0
0,0,0,0
0,0,0,0
0,0,0,0
0,0,0,0
0,0,0,0
0,0,0,0
0,0,0,0
0,0,0,0
0,0,0,0
0,0,0,0
0,0,0,0
0,0,0,0
0,0,0,0
0,0,0,0
0,0,0,0
0,0,0,0
0,0,0,0
0,0,0,0
0,0,0,0
0,0,0,0
0,0,0,0
0,0,0,0
0,0,0,0
0,0,0,0
0,0,0,0
0,0,0,0
0,0,0,0
0,0,0,0
0,0,0,0
0,0,0,0
0,0,0,0
0,0,0,0
3.1669,3.1669,145.03,145.03
1.8063,1.8063,82.723,82.723
0,0,0,0
0,0,0,0
0,0,0,0
0,0,0,0
0,0,0,0
1.5242,1.5242,72.857,72.857
10.132,10.132,481.08,481.08
61.004,61.004,2896.6,2896.6
18.544,18.544,880.51,880.51
0,0,0,0
0,0,0,0
0,0,0,0
0,0,0,0
0,0,0,0
0,0,0,0
4.0586,4.0586,186.46,186.46
3.5432,3.5432,162.79,162.79
0,0,0,0
13.531,13.531,637.7,637.7
83.425,83.425,3931.8,3931.8
25.968,25.968,1223.9,1223.9
13.009,13.009,597.23,597.23
4.3667,4.3667,206.32,206.32
7.7144,7.7144,364.5,364.5
16.323,16.323,766.53,766.53
27.492,27.492,1291,1291
14.042,14.042,645.37,645.37
99.235,99.235,4560.8,4560.8
35.406,35.406,1627.2,1627.2
55.922,55.922,2631.9,2631.9
101.51,101.51,4777.4,4777.4
9.3024,9.3024,437.81,437.81
48.147,48.147,2213.5,2213.5
115.93,115.93,5329.6,5329.6
44.778,44.778,2058.4,2058.4
11.318,11.318,521.92,521.92
37.064,37.064,1726,1726
15.622,15.622,722.73,722.73
96.138,96.138,4447.6,4447.6
29.868,29.868,1381.8,1381.8
2.8432,2.8432,133.38,133.38
32.804,32.804,1538.9,1538.9
111.56,111.56,5180.5,5180.5
56.356,56.356,2592.2,2592.2
25.731,25.731,1192.6,1192.6
127.54,127.54,5911.3,5911.3
120.07,120.07,5519.5,5519.5
30.766,30.766,1414.3,1414.3
2.005,2.005,92.619,92.619
0,0,0,0
0,0,0,0
0,0,0,0
0,0,0,0
0,0,0,0
0,0,0,0
0,0,0,0
0,0,0,0
0,0,0,0
0,0,0,0
0,0,0,0
0,0,0,0
0,0,0,0
0,0,0,0
0,0,0,0
0,0,0,0
0,0,0,0
0,0,0,0
0,0,0,0
0,0,0,0
0,0,0,0
0,0,0,0
0,0,0,0
0,0,0,0
0,0,0,0
0,0,0,0
0,0,0,0
0,0,0,0
0,0,0,0
0,0,0,0
0,0,0,0
0,0,0,0
0,0,0,0
0,0,0,0
0,0,0,0
0,0,0,0
0,0,0,0
0,0,0,0
0,0,0,0
0,0,0,0
0,0,0,0
0,0,0,0
0,0,0,0
0,0,0,0
0,0,0,0
0,0,0,0
0,0,0,0
0,0,0,0
0,0,0,0
0,0,0,0
0,0,0,0
0,0,0,0
0,0,0,0
0,0,0,0
0,0,0,0
0,0,0,0
0,0,0,0
0,0,0,0
0,0,0,0
0,0,0,0
0,0,0,0
0,0,0,0
0,0,0,0
0,0,0,0
0,0,0,0
0,0,0,0
0,0,0,0
0,0,0,0
0,0,0,0
0,0,0,0
0,0,0,0
0,0,0,0
0,0,0,0
0,0,0,0
0,0,0,0
0,0,0,0
0,0,0,0
0,0,0,0
0,0,0,0
0,0,0,0
0,0,0,0
0,0,0,0
0,0,0,0
0,0,0,0
0,0,0,0
0,0,0,0
0,0,0,0
0,0,0,0
0,0,0,0
0,0,0,0
0,0,0,0
0,0,0,0
0,0,0,0
0,0,0,0
0,0,0,0
0,0,0,0
0,0,0,0
0,0,0,0
0,0,0,0
0,0,0,0
0,0,0,0
0,0,0,0
0,0,0,0
0,0,0,0
0,0,0,0
0,0,0,0
0,0,0,0
0,0,0,0
0,0,0,0
0,0,0,0
0,0,0,0
0,0,0,0
0,0,0,0
0,0,0,0
0,0,0,0
0,0,0,0
0,0,0,0
0,0,0,0
0,0,0,0
0,0,0,0
0,0,0,0
0,0,0,0
0,0,0,0
0,0,0,0
0,0,0,0
0,0,0,0
0,0,0,0
0,0,0,0
0,0,0,0
0,0,0,0
0,0,0,0
0,0,0,0
0,0,0,0
1.941,1.941,88.888,88.888
0,0,0,0
0,0,0,0
0,0,0,0
0,0,0,0
0,0,0,0
0,0,0,0
0,0,0,0
8.0476,8.0476,382.11,382.11
48.455,48.455,2300.7,2300.7
14.729,14.729,699.37,699.37
0,0,0,0
0,0,0,0
0,0,0,0
0,0,0,0
0,0,0,0
0,0,0,0
2.5588,2.5588,117.56,117.56
2.2338,2.2338,102.63,102.63
0,0,0,0
15.654,15.654,737.75,737.75
96.515,96.515,4548.7,4548.7
30.043,30.043,1415.9,1415.9
8.9705,8.9705,411.83,411.83
2.8516,2.8516,134.74,134.74
5.0378,5.0378,238.03,238.03
11.958,11.958,561.55,561.55
20.14,20.14,945.79,945.79
15.558,15.558,715.06,715.06
109.95,109.95,5053.4,5053.4
39.23,39.23,1803,1803
59.607,59.607,2805.4,2805.4
108.2,108.2,5092.2,5092.2
9.9154,9.9154,466.66,466.66
45.099,45.099,2073.4,2073.4
109.65,109.65,5040.7,5040.7
48.83,48.83,2244.7,2244.7
7.8781,7.8781,363.3,363.3
27.601,27.601,1285.3,1285.3
17.53,17.53,811,811
107.88,107.88,4990.8,4990.8
33.516,33.516,1550.6,1550.6
2.1225,2.1225,99.569,99.569
25.986,25.986,1206.7,1206.7
100.06,100.06,4646.4,4646.4
44.282,44.282,2036.8,2036.8
24.877,24.877,1153,1153
123.31,123.31,5715.1,5715.1
125.98,125.98,5791.4,5791.4
32.281,32.281,1484,1484
0,0,0,0
0,0,0,0
0,0,0,0
0,0,0,0
0,0,0,0
0,0,0,0
0,0,0,0
0,0,0,0
0,0,0,0
0,0,0,0
0,0,0,0
0,0,0,0
0,0,0,0
0,0,0,0
0,0,0,0
0,0,0,0
0,0,0,0
0,0,0,0
0,0,0,0
0,0,0,0
0,0,0,0
0,0,0,0
0,0,0,0
0,0,0,0
0,0,0,0
0,0,0,0
0,0,0,0
0,0,0,0
0,0,0,0
0,0,0,0
0,0,0,0
0,0,0,0
0,0,0,0
0,0,0,0
0,0,0,0
0,0,0,0
0,0,0,0
0,0,0,0
0,0,0,0
0,0,0,0
0,0,0,0
0,0,0,0
0,0,0,0
0,0,0,0
0,0,0,0
0,0,0,0
0,0,0,0
0,0,0,0
0,0,0,0
0,0,0,0
0,0,0,0
0,0,0,0
0,0,0,0
0,0,0,0
0,0,0,0
0,0,0,0
0,0,0,0
0,0,0,0
0,0,0,0
0,0,0,0
0,0,0,0
0,0,0,0
0,0,0,0
0,0,0,0
0,0,0,0
0,0,0,0
0,0,0,0
0,0,0,0
0,0,0,0
0,0,0,0
0,0,0,0
0,0,0,0
0,0,0,0
0,0,0,0
0,0,0,0
0,0,0,0
0,0,0,0
0,0,0,0
0,0,0,0
0,0,0,0
0,0,0,0
0,0,0,0
0,0,0,0
0,0,0,0
0,0,0,0
0,0,0,0
0,0,0,0
0,0,0,0
0,0,0,0
0,0,0,0
0,0,0,0
0,0,0,0
0,0,0,0
0,0,0,0
0,0,0,0
0,0,0,0
0,0,0,0
0,0,0,0
0,0,0,0
0,0,0,0
0,0,0,0
0,0,0,0
0,0,0,0
0,0,0,0
0,0,0,0
0,0,0,0
0,0,0,0
0,0,0,0
0,0,0,0
0,0,0,0
0,0,0,0
0,0,0,0
0,0,0,0
0,0,0,0
0,0,0,0
0,0,0,0
0,0,0,0
0,0,0,0
0,0,0,0
0,0,0,0
0,0,0,0
0,0,0,0
0,0,0,0
0,0,0,0
0,0,0,0
0,0,0,0
0,0,0,0
0,0,0,0
0,0,0,0
0,0,0,0
0,0,0,0
0,0,0,0
0,0,0,0
0,0,0,0
0,0,0,0
0,0,0,0
0,0,0,0
0,0,0,0
0,0,0,0
0,0,0,0
0,0,0,0
0,0,0,0
6.1936,6.1936,294.09,294.09
37.292,37.292,1770.7,1770.7
11.336,11.336,538.26,538.26
0,0,0,0
0,0,0,0
0,0,0,0
0,0,0,0
0,0,0,0
0,0,0,0
1.5631,1.5631,71.815,71.815
0,0,0,0
0,0,0,0
17.548,17.548,827.01,827.01
108.19,108.19,5099.1,5099.1
33.678,33.678,1587.2,1587.2
5.9938,5.9938,275.17,275.17
1.8043,1.8043,85.255,85.255
3.1877,3.1877,150.62,150.62
8.4881,8.4881,398.61,398.61
14.296,14.296,671.35,671.35
16.704,16.704,767.69,767.69
118.04,118.04,5425.3,5425.3
42.117,42.117,1935.7,1935.7
61.562,61.562,2897.4,2897.4
111.75,111.75,5259.2,5259.2
10.241,10.241,481.96,481.96
40.932,40.932,1881.8,1881.8
115.86,115.86,5326.1,5326.1
51.594,51.594,2371.7,2371.7
5.3135,5.3135,245.03,245.03
19.917,19.917,927.48,927.48
19.061,19.061,881.79,881.79
117.3,117.3,5426.4,5426.4
36.442,36.442,1685.9,1685.9
1.5352,1.5352,72.021,72.021
22.583,22.583,1048.6,1048.6
86.958,86.958,4037.9,4037.9
33.714,33.714,1550.7,1550.7
23.305,23.305,1080.1,1080.1
115.51,115.51,5353.8,5353.8
128.08,128.08,5888,5888
32.82,32.82,1508.7,1508.7
0,0,0,0
0,0,0,0
0,0,0,0
0,0,0,0
0,0,0,0
0,0,0,0
0,0,0,0
0,0,0,0
0,0,0,0
0,0,0,0
0,0,0,0
0,0,0,0
0,0,0,0
0,0,0,0
0,0,0,0
0,0,0,0
0,0,0,0
0,0,0,0
0,0,0,0
0,0,0,0
0,0,0,0
0,0,0,0
0,0,0,0
0,0,0,0
0,0,0,0
0,0,0,0
0,0,0,0
0,0,0,0
0,0,0,0
0,0,0,0
0,0,0,0
0,0,0,0
0,0,0,0
0,0,0,0
0,0,0,0
0,0,0,0
0,0,0,0
0,0,0,0
0,0,0,0
0,0,0,0
0,0,0,0
0,0,0,0
0,0,0,0
0,0,0,0
0,0,0,0
0,0,0,0
0,0,0,0
0,0,0,0
0,0,0,0
0,0,0,0
0,0,0,0
0,0,0,0
0,0,0,0
0,0,0,0
0,0,0,0
0,0,0,0
0,0,0,0
0,0,0,0
0,0,0,0
0,0,0,0
0,0,0,0
0,0,0,0
0,0,0,0
0,0,0,0
0,0,0,0
0,0,0,0
0,0,0,0
0,0,0,0
0,0,0,0
0,0,0,0
0,0,0,0
0,0,0,0
0,0,0,0
0,0,0,0
0,0,0,0
0,0,0,0
0,0,0,0
0,0,0,0
0,0,0,0
0,0,0,0
0,0,0,0
0,0,0,0
0,0,0,0
0,0,0,0
0,0,0,0
0,0,0,0
0,0,0,0
0,0,0,0
0,0,0,0
0,0,0,0
0,0,0,0
0,0,0,0
0,0,0,0
0,0,0,0
0,0,0,0
0,0,0,0
0,0,0,0
0,0,0,0
0,0,0,0
0,0,0,0
0,0,0,0
0,0,0,0
0,0,0,0
0,0,0,0
0,0,0,0
0,0,0,0
0,0,0,0
0,0,0,0
0,0,0,0
0,0,0,0
0,0,0,0
0,0,0,0
0,0,0,0
0,0,0,0
0,0,0,0
0,0,0,0
0,0,0,0
0,0,0,0
0,0,0,0
0,0,0,0
0,0,0,0
0,0,0,0
0,0,0,0
0,0,0,0
0,0,0,0
0,0,0,0
0,0,0,0
0,0,0,0
0,0,0,0
0,0,0,0
0,0,0,0
0,0,0,0
0,0,0,0
0,0,0,0
0,0,0,0
0,0,0,0
0,0,0,0
0,0,0,0
0,0,0,0
0,0,0,0
0,0,0,0
0,0,0,0
4.6188,4.6188,219.31,219.31
27.81,27.81,1320.5,1320.5
8.4536,8.4536,401.39,401.39
0,0,0,0
0,0,0,0
0,0,0,0
0,0,0,0
0,0,0,0
0,0,0,0
0,0,0,0
0,0,0,0
0,0,0,0
19.06,19.06,898.29,898.29
117.52,117.52,5538.5,5538.5
36.58,36.58,1724,1724
3.8805,3.8805,178.15,178.15
0,0,0,0
1.9544,1.9544,92.344,92.344
5.8381,5.8381,274.16,274.16
9.8328,9.8328,461.75,461.75
17.376,17.376,798.6,798.6
122.8,122.8,5643.7,5643.7
43.812,43.812,2013.6,2013.6
61.607,61.607,2899.5,2899.5
111.83,111.83,5263.1,5263.1
10.248,10.248,482.32,482.32
35.997,35.997,1654.9,1654.9
118.62,118.62,5452.9,5452.9
52.822,52.822,2428.2,2428.2
3.4725,3.4725,160.13,160.13
13.925,13.925,648.47,648.47
20.081,20.081,929,929
123.57,123.57,5716.9,5716.9
38.393,38.393,1776.2,1776.2
0,0,0,0
19.016,19.016,883.03,883.03
73.225,73.225,3400.2,3400.2
24.872,24.872,1144,1144
21.154,21.154,980.43,980.43
104.85,104.85,4859.6,4859.6
126.18,126.18,5800.4,5800.4
32.331,32.331,1486.3,1486.3
0,0,0,0
0,0,0,0
0,0,0,0
0,0,0,0
0,0,0,0
0,0,0,0
0,0,0,0
0,0,0,0
0,0,0,0
0,0,0,0
0,0,0,0
0,0,0,0
0,0,0,0
0,0,0,0
0,0,0,0
0,0,0,0
0,0,0,0
0,0,0,0
0,0,0,0
0,0,0,0
0,0,0,0
0,0,0,0
0,0,0,0
0,0,0,0
0,0,0,0
0,0,0,0
0,0,0,0
0,0,0,0
0,0,0,0
0,0,0,0
0,0,0,0
0,0,0,0
0,0,0,0
0,0,0,0
0,0,0,0
0,0,0,0
0,0,0,0
0,0,0,0
0,0,0,0
0,0,0,0
0,0,0,0
0,0,0,0
0,0,0,0
0,0,0,0
0,0,0,0
0,0,0,0
0,0,0,0
0,0,0,0
0,0,0,0
0,0,0,0
0,0,0,0
0,0,0,0
0,0,0,0
0,0,0,0
0,0,0,0
0,0,0,0
0,0,0,0
0,0,0,0
0,0,0,0
0,0,0,0
0,0,0,0
0,0,0,0
0,0,0,0
0,0,0,0
0,0,0,0
0,0,0,0
0,0,0,0
0,0,0,0
0,0,0,0
0,0,0,0
0,0,0,0
0,0,0,0
0,0,0,0
0,0,0,0
0,0,0,0
0,0,0,0
0,0,0,0
0,0,0,0
0,0,0,0
0,0,0,0
0,0,0,0
0,0,0,0
0,0,0,0
0,0,0,0
0,0,0,0
0,0,0,0
0,0,0,0
0,0,0,0
0,0,0,0
0,0,0,0
0,0,0,0
0,0,0,0
0,0,0,0
0,0,0,0
0,0,0,0
0,0,0,0
0,0,0,0
0,0,0,0
0,0,0,0
0,0,0,0
0,0,0,0
0,0,0,0
0,0,0,0
0,0,0,0
0,0,0,0
0,0,0,0
0,0,0,0
0,0,0,0
0,0,0,0
0,0,0,0
0,0,0,0
0,0,0,0
0,0,0,0
0,0,0,0
0,0,0,0
0,0,0,0
0,0,0,0
0,0,0,0
0,0,0,0
0,0,0,0
0,0,0,0
0,0,0,0
0,0,0,0
0,0,0,0
0,0,0,0
0,0,0,0
0,0,0,0
0,0,0,0
0,0,0,0
0,0,0,0
0,0,0,0
0,0,0,0
0,0,0,0
0,0,0,0
0,0,0,0
0,0,0,0
0,0,0,0
0,0,0,0
0,0,0,0
0,0,0,0
0,0,0,0
0,0,0,0
3.3374,3.3374,158.47,158.47
20.095,20.095,954.14,954.14
6.1084,6.1084,290.04,290.04
0,0,0,0
0,0,0,0
0,0,0,0
0,0,0,0
0,0,0,0
0,0,0,0
0,0,0,0
0,0,0,0
0,0,0,0
20.06,20.06,945.41,945.41
123.68,123.68,5829.1,5829.1
38.499,38.499,1814.5,1814.5
2.4343,2.4343,111.76,111.76
0,0,0,0
0,0,0,0
3.8907,3.8907,182.71,182.71
6.553,6.553,307.73,307.73
17.514,17.514,804.96,804.96
123.78,123.78,5688.7,5688.7
44.161,44.161,2029.7,2029.7
59.738,59.738,2811.5,2811.5
108.44,108.44,5103.4,5103.4
9.9371,9.9371,467.68,467.68
30.674,30.674,1410.2,1410.2
117.67,117.67,5409.4,5409.4
52.401,52.401,2408.8,2408.8
2.1989,2.1989,101.4,101.4
9.4338,9.4338,439.32,439.32
20.499,20.499,948.34,948.34
126.15,126.15,5835.9,5835.9
39.192,39.192,1813.1,1813.1
0,0,0,0
15.516,15.516,720.48,720.48
59.746,59.746,2774.3,2774.3
17.778,17.778,817.75,817.75
18.605,18.605,862.31,862.31
92.217,92.217,4274.1,4274.1
120.44,120.44,5536.7,5536.7
30.861,30.861,1418.7,1418.7
0,0,0,0
0,0,0,0
0,0,0,0
0,0,0,0
0,0,0,0
0,0,0,0
0,0,0,0
0,0,0,0
0,0,0,0
0,0,0,0
0,0,0,0
0,0,0,0
0,0,0,0
0,0,0,0
0,0,0,0
0,0,0,0
0,0,0,0
0,0,0,0
0,0,0,0
0,0,0,0
0,0,0,0
0,0,0,0
0,0,0,0
0,0,0,0
0,0,0,0
0,0,0,0
0,0,0,0
0,0,0,0
0,0,0,0
0,0,0,0
0,0,0,0
0,0,0,0
0,0,0,0
0,0,0,0
0,0,0,0
0,0,0,0
0,0,0,0
0,0,0,0
0,0,0,0
0,0,0,0
0,0,0,0
0,0,0,0
0,0,0,0
0,0,0,0
0,0,0,0
0,0,0,0
0,0,0,0
0,0,0,0
0,0,0,0
0,0,0,0
0,0,0,0
0,0,0,0
0,0,0,0
0,0,0,0
0,0,0,0
0,0,0,0
0,0,0,0
0,0,0,0
0,0,0,0
0,0,0,0
0,0,0,0
0,0,0,0
0,0,0,0
0,0,0,0
0,0,0,0
0,0,0,0
0,0,0,0
0,0,0,0
0,0,0,0
0,0,0,0
0,0,0,0
0,0,0,0
0,0,0,0
0,0,0,0
0,0,0,0
0,0,0,0
0,0,0,0
0,0,0,0
0,0,0,0
0,0,0,0
0,0,0,0
0,0,0,0
0,0,0,0
0,0,0,0
0,0,0,0
0,0,0,0
0,0,0,0
0,0,0,0
0,0,0,0
0,0,0,0
0,0,0,0
0,0,0,0
0,0,0,0
0,0,0,0
0,0,0,0
0,0,0,0
0,0,0,0
0,0,0,0
0,0,0,0
0,0,0,0
0,0,0,0
0,0,0,0
0,0,0,0
0,0,0,0
0,0,0,0
0,0,0,0
0,0,0,0
0,0,0,0
0,0,0,0
0,0,0,0
0,0,0,0
0,0,0,0
0,0,0,0
0,0,0,0
0,0,0,0
0,0,0,0
0,0,0,0
0,0,0,0
0,0,0,0
0,0,0,0
0,0,0,0
0,0,0,0
0,0,0,0
0,0,0,0
0,0,0,0
0,0,0,0
0,0,0,0
0,0,0,0
0,0,0,0
0,0,0,0
0,0,0,0
0,0,0,0
0,0,0,0
0,0,0,0
0,0,0,0
0,0,0,0
0,0,0,0
0,0,0,0
0,0,0,0
0,0,0,0
0,0,0,0
0,0,0,0
2.3367,2.3367,110.95,110.95
14.069,14.069,668.03,668.03
4.2767,4.2767,203.07,203.07
0,0,0,0
0,0,0,0
0,0,0,0
0,0,0,0
0,0,0,0
0,0,0,0
0,0,0,0
0,0,0,0
0,0,0,0
20.457,20.457,964.12,964.12
126.13,126.13,5944.4,5944.4
39.261,39.261,1850.4,1850.4
1.4797,1.4797,67.931,67.931
0,0,0,0
0,0,0,0
2.5124,2.5124,117.99,117.99
4.2316,4.2316,198.72,198.72
17.106,17.106,786.18,786.18
120.89,120.89,5556,5556
43.131,43.131,1982.3,1982.3
56.127,56.127,2641.6,2641.6
101.88,101.88,4794.9,4794.9
9.3365,9.3365,439.41,439.41
25.327,25.327,1164.4,1164.4
113.11,113.11,5199.6,5199.6
50.369,50.369,2315.4,2315.4
0,0,0,0
6.1927,6.1927,288.38,288.38
20.276,20.276,938.03,938.03
124.78,124.78,5772.5,5772.5
38.766,38.766,1793.4,1793.4
0,0,0,0
12.267,12.267,569.6,569.6
47.234,47.234,2193.3,2193.3
12.314,12.314,566.39,566.39
15.855,15.855,734.86,734.86
78.588,78.588,3642.4,3642.4
111.4,111.4,5120.8,5120.8
28.543,28.543,1312.1,1312.1
0,0,0,0
0,0,0,0
0,0,0,0
0,0,0,0
0,0,0,0
0,0,0,0
0,0,0,0
0,0,0,0
0,0,0,0
0,0,0,0
0,0,0,0
0,0,0,0
0,0,0,0
0,0,0,0
0,0,0,0
0,0,0,0
0,0,0,0
0,0,0,0
0,0,0,0
0,0,0,0
0,0,0,0
0,0,0,0
0,0,0,0
0,0,0,0
0,0,0,0
0,0,0,0
0,0,0,0
0,0,0,0
0,0,0,0
0,0,0,0
0,0,0,0
0,0,0,0
0,0,0,0
0,0,0,0
0,0,0,0
0,0,0,0
0,0,0,0
0,0,0,0
0,0,0,0
0,0,0,0
0,0,0,0
0,0,0,0
0,0,0,0
0,0,0,0
0,0,0,0
0,0,0,0
0,0,0,0
0,0,0,0
0,0,0,0
0,0,0,0
0,0,0,0
0,0,0,0
0,0,0,0
0,0,0,0
0,0,0,0
0,0,0,0
0,0,0,0
0,0,0,0
0,0,0,0
0,0,0,0
0,0,0,0
0,0,0,0
0,0,0,0
0,0,0,0
0,0,0,0
0,0,0,0
0,0,0,0
0,0,0,0
0,0,0,0
0,0,0,0
0,0,0,0
0,0,0,0
0,0,0,0
0,0,0,0
0,0,0,0
0,0,0,0
0,0,0,0
0,0,0,0
0,0,0,0
0,0,0,0
0,0,0,0
0,0,0,0
0,0,0,0
0,0,0,0
0,0,0,0
0,0,0,0
0,0,0,0
0,0,0,0
0,0,0,0
0,0,0,0
0,0,0,0
0,0,0,0
0,0,0,0
0,0,0,0
0,0,0,0
0,0,0,0
0,0,0,0
0,0,0,0
0,0,0,0
0,0,0,0
0,0,0,0
0,0,0,0
0,0,0,0
0,0,0,0
0,0,0,0
0,0,0,0
0,0,0,0
0,0,0,0
0,0,0,0
0,0,0,0
0,0,0,0
0,0,0,0
0,0,0,0
0,0,0,0
0,0,0,0
0,0,0,0
0,0,0,0
0,0,0,0
0,0,0,0
0,0,0,0
0,0,0,0
0,0,0,0
0,0,0,0
0,0,0,0
0,0,0,0
0,0,0,0
0,0,0,0
0,0,0,0
0,0,0,0
0,0,0,0
0,0,0,0
0,0,0,0
0,0,0,0
0,0,0,0
0,0,0,0
0,0,0,0
0,0,0,0
0,0,0,0
0,0,0,0
0,0,0,0
0,0,0,0
0,0,0,0
1.5852,1.5852,75.269,75.269
9.5446,9.5446,453.2,453.2
2.9014,2.9014,137.76,137.76
0,0,0,0
0,0,0,0
0,0,0,0
0,0,0,0
0,0,0,0
0,0,0,0
0,0,0,0
0,0,0,0
0,0,0,0
20.214,20.214,952.66,952.66
124.63,124.63,5873.8,5873.8
38.795,38.795,1828.4,1828.4
0,0,0,0
0,0,0,0
0,0,0,0
1.572,1.572,73.824,73.824
2.6477,2.6477,124.34,124.34
16.188,16.188,744,744
114.4,114.4,5257.9,5257.9
40.817,40.817,1875.9,1875.9
51.097,51.097,2404.8,2404.8
92.75,92.75,4365.2,4365.2
8.4998,8.4998,400.03,400.03
20.262,20.262,931.52,931.52
105.35,105.35,4842.8,4842.8
46.912,46.912,2156.5,2156.5
0,0,0,0
3.9389,3.9389,183.43,183.43
19.433,19.433,899.02,899.02
119.59,119.59,5532.4,5532.4
37.154,37.154,1718.8,1718.8
0,0,0,0
9.3968,9.3968,436.34,436.34
36.183,36.183,1680.2,1680.2
8.2639,8.2639,380.11,380.11
13.092,13.092,606.81,606.81
64.894,64.894,3068.1,3068.1
99.83,99.83,4589.2,4589.2
25.58,25.58,1175.9,1175.9
0,0,0,0
0,0,0,0
0,0,0,0
0,0,0,0
0,0,0,0
0,0,0,0
0,0,0,0
0,0,0,0
0,0,0,0
0,0,0,0
0,0,0,0
0,0,0,0
0,0,0,0
0,0,0,0
0,0,0,0
0,0,0,0
0,0,0,0
0,0,0,0
0,0,0,0
0,0,0,0
0,0,0,0
0,0,0,0
0,0,0,0
0,0,0,0
0,0,0,0
0,0,0,0
0,0,0,0
0,0,0,0
0,0,0,0
0,0,0,0
0,0,0,0
0,0,0,0
0,0,0,0
0,0,0,0
0,0,0,0
0,0,0,0
0,0,0,0
0,0,0,0
0,0,0,0
0,0,0,0
0,0,0,0
0,0,0,0
0,0,0,0
0,0,0,0
0,0,0,0
0,0,0,0
0,0,0,0
0,0,0,0
0,0,0,0
0,0,0,0
0,0,0,0
0,0,0,0
0,0,0,0
0,0,0,0
0,0,0,0
0,0,0,0
0,0,0,0
0,0,0,0
0,0,0,0
0,0,0,0
0,0,0,0
0,0,0,0
0,0,0,0
0,0,0,0
0,0,0,0
0,0,0,0
0,0,0,0
0,0,0,0
0,0,0,0
0,0,0,0
0,0,0,0
0,0,0,0
0,0,0,0
0,0,0,0
0,0,0,0
0,0,0,0
0,0,0,0
0,0,0,0
0,0,0,0
0,0,0,0
0,0,0,0
0,0,0,0
0,0,0,0
0,0,0,0
0,0,0,0
0,0,0,0
0,0,0,0
0,0,0,0
0,0,0,0
0,0,0,0
0,0,0,0
0,0,0,0
0,0,0,0
0,0,0,0
0,0,0,0
0,0,0,0
0,0,0,0
0,0,0,0
0,0,0,0
0,0,0,0
0,0,0,0
0,0,0,0
0,0,0,0
0,0,0,0
0,0,0,0
0,0,0,0
0,0,0,0
0,0,0,0
0,0,0,0
0,0,0,0
0,0,0,0
0,0,0,0
0,0,0,0
0,0,0,0
0,0,0,0
0,0,0,0
0,0,0,0
0,0,0,0
0,0,0,0
0,0,0,0
0,0,0,0
0,0,0,0
0,0,0,0
0,0,0,0
0,0,0,0
0,0,0,0
0,0,0,0
0,0,0,0
0,0,0,0
0,0,0,0
0,0,0,0
0,0,0,0
0,0,0,0
0,0,0,0
0,0,0,0
0,0,0,0
0,0,0,0
0,0,0,0
0,0,0,0
0,0,0,0
0,0,0,0
0,0,0,0
0,0,0,0
6.274,6.274,297.9,297.9
1.9072,1.9072,90.557,90.557
0,0,0,0
0,0,0,0
0,0,0,0
0,0,0,0
0,0,0,0
0,0,0,0
0,0,0,0
0,0,0,0
0,0,0,0
19.353,19.353,912.12,912.12
119.33,119.33,5623.8,5623.8
37.144,37.144,1750.6,1750.6
0,0,0,0
0,0,0,0
0,0,0,0
0,0,0,0
1.6052,1.6052,75.383,75.383
14.844,14.844,682.22,682.22
104.9,104.9,4821.3,4821.3
37.428,37.428,1720.2,1720.2
45.074,45.074,2121.4,2121.4
81.817,81.817,3850.6,3850.6
7.4978,7.4978,352.88,352.88
15.707,15.707,722.11,722.11
95.073,95.073,4370.4,4370.4
42.336,42.336,1946.2,1946.2
0,0,0,0
2.4275,2.4275,113.05,113.05
18.047,18.047,834.89,834.89
111.06,111.06,5137.8,5137.8
34.503,34.503,1596.2,1596.2
0,0,0,0
6.9748,6.9748,323.88,323.88
26.857,26.857,1247.1,1247.1
5.3738,5.3738,247.18,247.18
10.475,10.475,485.52,485.52
52.614,52.614,2533.6,2533.6
86.688,86.688,3985,3985
22.212,22.212,1021.1,1021.1
0,0,0,0
0,0,0,0
0,0,0,0
0,0,0,0
0,0,0,0
0,0,0,0
0,0,0,0
0,0,0,0
0,0,0,0
0,0,0,0
0,0,0,0
0,0,0,0
0,0,0,0
0,0,0,0
0,0,0,0
0,0,0,0
0,0,0,0
0,0,0,0
0,0,0,0
0,0,0,0
0,0,0,0
0,0,0,0
0,0,0,0
0,0,0,0
0,0,0,0
0,0,0,0
0,0,0,0
0,0,0,0
0,0,0,0
0,0,0,0
0,0,0,0
0,0,0,0
0,0,0,0
0,0,0,0
0,0,0,0
0,0,0,0
0,0,0,0
0,0,0,0
0,0,0,0
0,0,0,0
0,0,0,0
0,0,0,0
0,0,0,0
0,0,0,0
0,0,0,0
0,0,0,0
0,0,0,0
0,0,0,0
0,0,0,0
0,0,0,0
0,0,0,0
0,0,0,0
0,0,0,0
0,0,0,0
0,0,0,0
0,0,0,0
0,0,0,0
0,0,0,0
0,0,0,0
0,0,0,0
0,0,0,0
0,0,0,0
0,0,0,0
0,0,0,0
0,0,0,0
0,0,0,0
0,0,0,0
0,0,0,0
0,0,0,0
0,0,0,0
0,0,0,0
0,0,0,0
0,0,0,0
0,0,0,0
0,0,0,0
0,0,0,0
0,0,0,0
0,0,0,0
0,0,0,0
0,0,0,0
0,0,0,0
0,0,0,0
0,0,0,0
0,0,0,0
0,0,0,0
0,0,0,0
0,0,0,0
0,0,0,0
0,0,0,0
0,0,0,0
0,0,0,0
0,0,0,0
0,0,0,0
0,0,0,0
0,0,0,0
0,0,0,0
0,0,0,0
0,0,0,0
0,0,0,0
0,0,0,0
0,0,0,0
0,0,0,0
0,0,0,0
0,0,0,0
0,0,0,0
0,0,0,0
0,0,0,0
0,0,0,0
0,0,0,0
0,0,0,0
0,0,0,0
0,0,0,0
0,0,0,0
0,0,0,0
0,0,0,0
0,0,0,0
0,0,0,0
0,0,0,0
0,0,0,0
0,0,0,0
0,0,0,0
0,0,0,0
0,0,0,0
0,0,0,0
0,0,0,0
0,0,0,0
0,0,0,0
0,0,0,0
0,0,0,0
0,0,0,0
0,0,0,0
0,0,0,0
0,0,0,0
0,0,0,0
0,0,0,0
0,0,0,0
0,0,0,0
0,0,0,0
0,0,0,0
0,0,0,0
0,0,0,0
0,0,0,0
0,0,0,0
3.9961,3.9961,189.74,189.74
0,0,0,0
0,0,0,0
0,0,0,0
0,0,0,0
0,0,0,0
0,0,0,0
0,0,0,0
0,0,0,0
0,0,0,0
0,0,0,0
17.954,17.954,846.18,846.18
110.7,110.7,5217.3,5217.3
34.459,34.459,1624,1624
0,0,0,0
0,0,0,0
0,0,0,0
0,0,0,0
0,0,0,0
13.189,13.189,606.15,606.15
93.205,93.205,4283.7,4283.7
33.254,33.254,1528.4,1528.4
38.526,38.526,1813.2,1813.2
69.931,69.931,3291.2,3291.2
6.4086,6.4086,301.61,301.61
11.798,11.798,542.4,542.4
83.136,83.136,3821.7,3821.7
37.021,37.021,1701.8,1701.8
0,0,0,0
0,0,0,0
16.239,16.239,751.25,751.25
99.931,99.931,4623.1,4623.1
31.047,31.047,1436.3,1436.3
0,0,0,0
5.0164,5.0164,232.94,232.94
19.316,19.316,896.94,896.94
3.7551,3.7551,174.37,174.37
9.179,9.179,420.97,420.97
42.098,42.098,2027.2,2027.2
72.939,72.939,3353,3353
18.689,18.689,859.15,859.15
0,0,0,0
0,0,0,0
0,0,0,0
0,0,0,0
0,0,0,0
0,0,0,0
0,0,0,0
0,0,0,0
0,0,0,0
0,0,0,0
0,0,0,0
0,0,0,0
0,0,0,0
0,0,0,0
0,0,0,0
0,0,0,0
0,0,0,0
0,0,0,0
0,0,0,0
0,0,0,0
0,0,0,0
0,0,0,0
0,0,0,0
0,0,0,0
0,0,0,0
0,0,0,0
0,0,0,0
0,0,0,0
0,0,0,0
0,0,0,0
0,0,0,0
0,0,0,0
0,0,0,0
0,0,0,0
0,0,0,0
0,0,0,0
0,0,0,0
0,0,0,0
0,0,0,0
0,0,0,0
0,0,0,0
0,0,0,0
0,0,0,0
0,0,0,0
0,0,0,0
0,0,0,0
0,0,0,0
0,0,0,0
0,0,0,0
0,0,0,0
0,0,0,0
0,0,0,0
0,0,0,0
0,0,0,0
0,0,0,0
0,0,0,0
0,0,0,0
0,0,0,0
0,0,0,0
0,0,0,0
0,0,0,0
0,0,0,0
0,0,0,0
0,0,0,0
0,0,0,0
0,0,0,0
0,0,0,0
0,0,0,0
0,0,0,0
0,0,0,0
0,0,0,0
0,0,0,0
0,0,0,0
0,0,0,0
0,0,0,0
0,0,0,0
0,0,0,0
0,0,0,0
0,0,0,0
0,0,0,0
0,0,0,0
0,0,0,0
0,0,0,0
0,0,0,0
0,0,0,0
0,0,0,0
0,0,0,0
0,0,0,0
0,0,0,0
0,0,0,0
0,0,0,0
0,0,0,0
0,0,0,0
0,0,0,0
0,0,0,0
0,0,0,0
0,0,0,0
0,0,0,0
0,0,0,0
0,0,0,0
0,0,0,0
0,0,0,0
0,0,0,0
0,0,0,0
0,0,0,0
0,0,0,0
0,0,0,0
0,0,0,0
0,0,0,0
0,0,0,0
0,0,0,0
0,0,0,0
0,0,0,0
0,0,0,0
0,0,0,0
0,0,0,0
0,0,0,0
0,0,0,0
0,0,0,0
0,0,0,0
0,0,0,0
0,0,0,0
0,0,0,0
0,0,0,0
0,0,0,0
0,0,0,0
0,0,0,0
0,0,0,0
0,0,0,0
0,0,0,0
0,0,0,0
0,0,0,0
0,0,0,0
0,0,0,0
0,0,0,0
0,0,0,0
0,0,0,0
0,0,0,0
0,0,0,0
0,0,0,0
0,0,0,0
0,0,0,0
0,0,0,0
2.4662,2.4662,117.1,117.1
0,0,0,0
0,0,0,0
0,0,0,0
0,0,0,0
0,0,0,0
0,0,0,0
0,0,0,0
0,0,0,0
0,0,0,0
0,0,0,0
16.139,16.139,760.64,760.64
99.509,99.509,4689.8,4689.8
30.975,30.975,1459.9,1459.9
0,0,0,0
0,0,0,0
0,0,0,0
0,0,0,0
0,0,0,0
11.354,11.354,521.84,521.84
80.241,80.241,3687.8,3687.8
28.629,28.629,1315.8,1315.8
31.907,31.907,1501.7,1501.7
57.916,57.916,2725.8,2725.8
5.3075,5.3075,249.79,249.79
8.5867,8.5867,394.76,394.76
70.44,70.44,3238.1,3238.1
31.367,31.367,1441.9,1441.9
0,0,0,0
0,0,0,0
14.158,14.158,655.01,655.01
87.129,87.129,4030.8,4030.8
36.428,36.428,1737.9,1737.9
0,0,0,0
3.4958,3.4958,162.33,162.33
13.461,13.461,625.06,625.06
2.6168,2.6168,121.51,121.51
12.959,12.959,594.31,594.31
32.638,32.638,1571.6,1571.6
59.465,59.465,2733.6,2733.6
15.237,15.237,700.44,700.44
0,0,0,0
0,0,0,0
0,0,0,0
0,0,0,0
0,0,0,0
0,0,0,0
0,0,0,0
0,0,0,0
0,0,0,0
0,0,0,0
0,0,0,0
0,0,0,0
0,0,0,0
0,0,0,0
0,0,0,0
0,0,0,0
0,0,0,0
0,0,0,0
0,0,0,0
0,0,0,0
0,0,0,0
0,0,0,0
0,0,0,0
0,0,0,0
0,0,0,0
0,0,0,0
0,0,0,0
0,0,0,0
0,0,0,0
0,0,0,0
0,0,0,0
0,0,0,0
0,0,0,0
0,0,0,0
0,0,0,0
0,0,0,0
0,0,0,0
0,0,0,0
0,0,0,0
0,0,0,0
0,0,0,0
0,0,0,0
0,0,0,0
0,0,0,0
0,0,0,0
0,0,0,0
0,0,0,0
0,0,0,0
0,0,0,0
0,0,0,0
0,0,0,0
0,0,0,0
0,0,0,0
0,0,0,0
0,0,0,0
0,0,0,0
0,0,0,0
0,0,0,0
0,0,0,0
0,0,0,0
0,0,0,0
0,0,0,0
0,0,0,0
0,0,0,0
0,0,0,0
0,0,0,0
0,0,0,0
0,0,0,0
0,0,0,0
0,0,0,0
0,0,0,0
0,0,0,0
0,0,0,0
0,0,0,0
0,0,0,0
0,0,0,0
0,0,0,0
0,0,0,0
0,0,0,0
0,0,0,0
0,0,0,0
0,0,0,0
0,0,0,0
0,0,0,0
0,0,0,0
0,0,0,0
0,0,0,0
0,0,0,0
0,0,0,0
0,0,0,0
0,0,0,0
0,0,0,0
0,0,0,0
0,0,0,0
0,0,0,0
0,0,0,0
0,0,0,0
0,0,0,0
0,0,0,0
0,0,0,0
0,0,0,0
0,0,0,0
0,0,0,0
0,0,0,0
0,0,0,0
0,0,0,0
0,0,0,0
0,0,0,0
0,0,0,0
0,0,0,0
0,0,0,0
0,0,0,0
0,0,0,0
0,0,0,0
0,0,0,0
0,0,0,0
0,0,0,0
0,0,0,0
0,0,0,0
0,0,0,0
0,0,0,0
0,0,0,0
0,0,0,0
0,0,0,0
0,0,0,0
0,0,0,0
0,0,0,0
0,0,0,0
0,0,0,0
0,0,0,0
0,0,0,0
0,0,0,0
0,0,0,0
0,0,0,0
0,0,0,0
0,0,0,0
0,0,0,0
0,0,0,0
0,0,0,0
0,0,0,0
0,0,0,0
0,0,0,0
0,0,0,0
0,0,0,0
0,0,0,0
0,0,0,0
0,0,0,0
0,0,0,0
0,0,0,0
0,0,0,0
0,0,0,0
0,0,0,0
0,0,0,0
0,0,0,0
14.057,14.057,662.52,662.52
86.672,86.672,4084.9,4084.9
26.979,26.979,1271.5,1271.5
0,0,0,0
0,0,0,0
0,0,0,0
0,0,0,0
0,0,0,0
9.4714,9.4714,435.31,435.31
66.935,66.935,3076.3,3076.3
23.881,23.881,1097.6,1097.6
25.604,25.604,1205,1205
46.476,46.476,2187.4,2187.4
4.2592,4.2592,200.45,200.45
6.5565,6.5565,301.4,301.4
57.83,57.83,2658.4,2658.4
25.752,25.752,1183.8,1183.8
0,0,0,0
0,0,0,0
11.961,11.961,553.36,553.36
73.608,73.608,3405.3,3405.3
44.465,44.465,2121.3,2121.3
1.6964,1.6964,80.928,80.928
2.3605,2.3605,109.61,109.61
9.0895,9.0895,422.07,422.07
1.767,1.767,82.051,82.051
17.726,17.726,812.98,812.98
25.505,25.505,1180.6,1180.6
46.974,46.974,2159.4,2159.4
12.036,12.036,553.31,553.31
0,0,0,0
0,0,0,0
0,0,0,0
0,0,0,0
0,0,0,0
0,0,0,0
0,0,0,0
0,0,0,0
0,0,0,0
0,0,0,0
0,0,0,0
0,0,0,0
0,0,0,0
0,0,0,0
0,0,0,0
0,0,0,0
0,0,0,0
0,0,0,0
0,0,0,0
0,0,0,0
0,0,0,0
0,0,0,0
0,0,0,0
0,0,0,0
0,0,0,0
0,0,0,0
0,0,0,0
0,0,0,0
0,0,0,0
0,0,0,0
0,0,0,0
0,0,0,0
0,0,0,0
0,0,0,0
0,0,0,0
0,0,0,0
0,0,0,0
0,0,0,0
0,0,0,0
0,0,0,0
0,0,0,0
0,0,0,0
0,0,0,0
0,0,0,0
0,0,0,0
0,0,0,0
0,0,0,0
0,0,0,0
0,0,0,0
0,0,0,0
0,0,0,0
0,0,0,0
0,0,0,0
0,0,0,0
0,0,0,0
0,0,0,0
0,0,0,0
0,0,0,0
0,0,0,0
0,0,0,0
0,0,0,0
0,0,0,0
0,0,0,0
0,0,0,0
0,0,0,0
0,0,0,0
0,0,0,0
0,0,0,0
0,0,0,0
0,0,0,0
0,0,0,0
0,0,0,0
0,0,0,0
0,0,0,0
0,0,0,0
0,0,0,0
0,0,0,0
0,0,0,0
0,0,0,0
0,0,0,0
0,0,0,0
0,0,0,0
0,0,0,0
0,0,0,0
0,0,0,0
0,0,0,0
0,0,0,0
0,0,0,0
0,0,0,0
0,0,0,0
0,0,0,0
0,0,0,0
0,0,0,0
0,0,0,0
0,0,0,0
0,0,0,0
0,0,0,0
0,0,0,0
0,0,0,0
0,0,0,0
0,0,0,0
0,0,0,0
0,0,0,0
0,0,0,0
0,0,0,0
0,0,0,0
0,0,0,0
0,0,0,0
0,0,0,0
0,0,0,0
0,0,0,0
0,0,0,0
0,0,0,0
0,0,0,0
0,0,0,0
0,0,0,0
0,0,0,0
0,0,0,0
0,0,0,0
0,0,0,0
0,0,0,0
0,0,0,0
0,0,0,0
0,0,0,0
0,0,0,0
0,0,0,0
0,0,0,0
0,0,0,0
0,0,0,0
0,0,0,0
0,0,0,0
0,0,0,0
0,0,0,0
0,0,0,0
0,0,0,0
0,0,0,0
0,0,0,0
0,0,0,0
0,0,0,0
0,0,0,0
0,0,0,0
0,0,0,0
0,0,0,0
0,0,0,0
0,0,0,0
0,0,0,0
0,0,0,0
0,0,0,0
0,0,0,0
0,0,0,0
0,0,0,0
0,0,0,0
0,0,0,0
0,0,0,0
11.864,11.864,559.14,559.14
73.148,73.148,3447.4,3447.4
22.769,22.769,1073.1,1073.1
0,0,0,0
0,0,0,0
0,0,0,0
0,0,0,0
0,0,0,0
7.6555,7.6555,351.85,351.85
54.102,54.102,2486.5,2486.5
19.303,19.303,887.16,887.16
19.909,19.909,937,937
36.138,36.138,1700.8,1700.8
3.3118,3.3118,155.87,155.87
5.2156,5.2156,239.76,239.76
46.003,46.003,2114.7,2114.7
20.485,20.485,941.69,941.69
0,0,0,0
0,0,0,0
9.7913,9.7913,452.97,452.97
69.594,69.594,3320.1,3320.1
52.59,52.59,2508.9,2508.9
2.0064,2.0064,95.716,95.716
1.5444,1.5444,71.716,71.716
5.947,5.947,276.15,276.15
0,0,0,0
23.496,23.496,1077.6,1077.6
33.806,33.806,1550.4,1550.4
35.956,35.956,1652.9,1652.9
9.2131,9.2131,423.52,423.52
0,0,0,0
0,0,0,0
0,0,0,0
0,0,0,0
0,0,0,0
0,0,0,0
0,0,0,0
0,0,0,0
0,0,0,0
0,0,0,0
0,0,0,0
0,0,0,0
0,0,0,0
0,0,0,0
0,0,0,0
0,0,0,0
0,0,0,0
0,0,0,0
0,0,0,0
0,0,0,0
0,0,0,0
0,0,0,0
0,0,0,0
0,0,0,0
0,0,0,0
0,0,0,0
0,0,0,0
0,0,0,0
0,0,0,0
0,0,0,0
0,0,0,0
0,0,0,0
0,0,0,0
0,0,0,0
0,0,0,0
0,0,0,0
0,0,0,0
0,0,0,0
0,0,0,0
0,0,0,0
0,0,0,0
0,0,0,0
0,0,0,0
0,0,0,0
0,0,0,0
0,0,0,0
0,0,0,0
0,0,0,0
0,0,0,0
0,0,0,0
0,0,0,0
0,0,0,0
0,0,0,0
0,0,0,0
0,0,0,0
0,0,0,0
0,0,0,0
0,0,0,0
0,0,0,0
0,0,0,0
0,0,0,0
0,0,0,0
0,0,0,0
0,0,0,0
0,0,0,0
0,0,0,0
0,0,0,0
0,0,0,0
0,0,0,0
0,0,0,0
0,0,0,0
0,0,0,0
0,0,0,0
0,0,0,0
0,0,0,0
0,0,0,0
0,0,0,0
0,0,0,0
0,0,0,0
0,0,0,0
0,0,0,0
0,0,0,0
0,0,0,0
0,0,0,0
0,0,0,0
0,0,0,0
0,0,0,0
0,0,0,0
0,0,0,0
0,0,0,0
0,0,0,0
0,0,0,0
0,0,0,0
0,0,0,0
0,0,0,0
0,0,0,0
0,0,0,0
0,0,0,0
0,0,0,0
0,0,0,0
0,0,0,0
0,0,0,0
0,0,0,0
0,0,0,0
0,0,0,0
0,0,0,0
0,0,0,0
0,0,0,0
0,0,0,0
0,0,0,0
0,0,0,0
0,0,0,0
0,0,0,0
0,0,0,0
0,0,0,0
0,0,0,0
0,0,0,0
0,0,0,0
0,0,0,0
0,0,0,0
0,0,0,0
0,0,0,0
0,0,0,0
0,0,0,0
0,0,0,0
0,0,0,0
0,0,0,0
0,0,0,0
0,0,0,0
0,0,0,0
0,0,0,0
0,0,0,0
0,0,0,0
0,0,0,0
0,0,0,0
0,0,0,0
0,0,0,0
0,0,0,0
0,0,0,0
0,0,0,0
0,0,0,0
0,0,0,0
0,0,0,0
0,0,0,0
0,0,0,0
0,0,0,0
0,0,0,0
0,0,0,0
0,0,0,0
0,0,0,0
0,0,0,0
0,0,0,0
0,0,0,0
0,0,0,0
9.7016,9.7016,457.24,457.24
59.817,59.817,2819.2,2819.2
18.62,18.62,877.55,877.55
0,0,0,0
0,0,0,0
0,0,0,0
0,0,0,0
0,0,0,0
5.9957,5.9957,275.56,275.56
42.372,42.372,1947.4,1947.4
15.118,15.118,694.8,694.8
15,15,705.95,705.95
27.227,27.227,1281.4,1281.4
2.4951,2.4951,117.43,117.43
4.0202,4.0202,184.8,184.8
35.459,35.459,1630,1630
15.79,15.79,725.85,725.85
0,0,0,0
0,0,0,0
7.7662,7.7662,359.29,359.29
79.755,79.755,3804.8,3804.8
60.268,60.268,2875.2,2875.2
2.2993,2.2993,109.69,109.69
0,0,0,0
3.7702,3.7702,175.07,175.07
0,0,0,0
30.175,30.175,1383.9,1383.9
43.417,43.417,1991.2,1991.2
26.667,26.667,1225.9,1225.9
6.833,6.833,314.11,314.11
0,0,0,0
0,0,0,0
0,0,0,0
0,0,0,0
0,0,0,0
0,0,0,0
0,0,0,0
0,0,0,0
0,0,0,0
0,0,0,0
0,0,0,0
0,0,0,0
0,0,0,0
0,0,0,0
0,0,0,0
0,0,0,0
0,0,0,0
0,0,0,0
0,0,0,0
0,0,0,0
0,0,0,0
0,0,0,0
0,0,0,0
0,0,0,0
0,0,0,0
0,0,0,0
0,0,0,0
0,0,0,0
0,0,0,0
0,0,0,0
0,0,0,0
0,0,0,0
0,0,0,0
0,0,0,0
0,0,0,0
0,0,0,0
0,0,0,0
0,0,0,0
0,0,0,0
0,0,0,0
0,0,0,0
0,0,0,0
0,0,0,0
0,0,0,0
0,0,0,0
0,0,0,0
0,0,0,0
0,0,0,0
0,0,0,0
0,0,0,0
0,0,0,0
0,0,0,0
0,0,0,0
0,0,0,0
0,0,0,0
0,0,0,0
0,0,0,0
0,0,0,0
0,0,0,0
0,0,0,0
0,0,0,0
0,0,0,0
0,0,0,0
0,0,0,0
0,0,0,0
0,0,0,0
0,0,0,0
0,0,0,0
0,0,0,0
0,0,0,0
0,0,0,0
0,0,0,0
0,0,0,0
0,0,0,0
0,0,0,0
0,0,0,0
0,0,0,0
0,0,0,0
0,0,0,0
0,0,0,0
0,0,0,0
0,0,0,0
0,0,0,0
0,0,0,0
0,0,0,0
0,0,0,0
0,0,0,0
0,0,0,0
0,0,0,0
0,0,0,0
0,0,0,0
0,0,0,0
0,0,0,0
0,0,0,0
0,0,0,0
0,0,0,0
0,0,0,0
0,0,0,0
0,0,0,0
0,0,0,0
0,0,0,0
0,0,0,0
0,0,0,0
0,0,0,0
0,0,0,0
0,0,0,0
0,0,0,0
0,0,0,0
0,0,0,0
0,0,0,0
0,0,0,0
0,0,0,0
0,0,0,0
0,0,0,0
0,0,0,0
0,0,0,0
0,0,0,0
0,0,0,0
0,0,0,0
0,0,0,0
0,0,0,0
0,0,0,0
0,0,0,0
0,0,0,0
0,0,0,0
0,0,0,0
0,0,0,0
0,0,0,0
0,0,0,0
0,0,0,0
0,0,0,0
0,0,0,0
0,0,0,0
0,0,0,0
0,0,0,0
0,0,0,0
0,0,0,0
0,0,0,0
0,0,0,0
0,0,0,0
0,0,0,0
0,0,0,0
0,0,0,0
0,0,0,0
0,0,0,0
0,0,0,0
0,0,0,0
0,0,0,0
0,0,0,0
0,0,0,0
0,0,0,0
0,0,0,0
0,0,0,0
0,0,0,0
7.6872,7.6872,362.3,362.3
47.397,47.397,2233.8,2233.8
14.754,14.754,695.33,695.33
0,0,0,0
0,0,0,0
0,0,0,0
0,0,0,0
0,0,0,0
4.5499,4.5499,209.11,209.11
32.154,32.154,1477.8,1477.8
11.472,11.472,527.26,527.26
10.95,10.95,515.36,515.36
19.877,19.877,935.48,935.48
1.8215,1.8215,85.728,85.728
3.0025,3.0025,138.02,138.02
26.483,26.483,1217.4,1217.4
11.793,11.793,542.11,542.11
0,0,0,0
0,0,0,0
5.9687,5.9687,282.27,282.27
88.562,88.562,4225,4225
66.923,66.923,3192.7,3192.7
2.5532,2.5532,121.8,121.8
0,0,0,0
2.316,2.316,107.54,107.54
0,0,0,0
37.551,37.551,1722.2,1722.2
54.03,54.03,2477.9,2477.9
19.164,19.164,880.96,880.96
4.9104,4.9104,225.73,225.73
0,0,0,0
0,0,0,0
0,0,0,0
0,0,0,0
0,0,0,0
0,0,0,0
0,0,0,0
0,0,0,0
0,0,0,0
0,0,0,0
0,0,0,0
0,0,0,0
0,0,0,0
0,0,0,0
0,0,0,0
0,0,0,0
0,0,0,0
0,0,0,0
0,0,0,0
0,0,0,0
0,0,0,0
0,0,0,0
0,0,0,0
0,0,0,0
0,0,0,0
0,0,0,0
0,0,0,0
0,0,0,0
0,0,0,0
0,0,0,0
0,0,0,0
0,0,0,0
0,0,0,0
0,0,0,0
0,0,0,0
0,0,0,0
0,0,0,0
0,0,0,0
0,0,0,0
0,0,0,0
0,0,0,0
0,0,0,0
0,0,0,0
0,0,0,0
0,0,0,0
0,0,0,0
0,0,0,0
0,0,0,0
0,0,0,0
0,0,0,0
0,0,0,0
0,0,0,0
0,0,0,0
0,0,0,0
0,0,0,0
0,0,0,0
0,0,0,0
0,0,0,0
0,0,0,0
0,0,0,0
0,0,0,0
0,0,0,0
0,0,0,0
0,0,0,0
0,0,0,0
0,0,0,0
0,0,0,0
0,0,0,0
0,0,0,0
0,0,0,0
0,0,0,0
0,0,0,0
0,0,0,0
0,0,0,0
0,0,0,0
0,0,0,0
0,0,0,0
0,0,0,0
0,0,0,0
0,0,0,0
0,0,0,0
0,0,0,0
0,0,0,0
0,0,0,0
0,0,0,0
0,0,0,0
0,0,0,0
0,0,0,0
0,0,0,0
0,0,0,0
0,0,0,0
0,0,0,0
0,0,0,0
0,0,0,0
0,0,0,0
0,0,0,0
0,0,0,0
0,0,0,0
0,0,0,0
0,0,0,0
0,0,0,0
0,0,0,0
0,0,0,0
0,0,0,0
0,0,0,0
0,0,0,0
0,0,0,0
0,0,0,0
0,0,0,0
0,0,0,0
0,0,0,0
0,0,0,0
0,0,0,0
0,0,0,0
0,0,0,0
0,0,0,0
0,0,0,0
0,0,0,0
0,0,0,0
0,0,0,0
0,0,0,0
0,0,0,0
0,0,0,0
0,0,0,0
0,0,0,0
0,0,0,0
0,0,0,0
0,0,0,0
0,0,0,0
0,0,0,0
0,0,0,0
0,0,0,0
0,0,0,0
0,0,0,0
0,0,0,0
0,0,0,0
0,0,0,0
0,0,0,0
0,0,0,0
0,0,0,0
0,0,0,0
0,0,0,0
0,0,0,0
0,0,0,0
0,0,0,0
0,0,0,0
0,0,0,0
0,0,0,0
0,0,0,0
0,0,0,0
0,0,0,0
0,0,0,0
0,0,0,0
0,0,0,0
5.9019,5.9019,278.16,278.16
36.389,36.389,1715,1715
11.327,11.327,533.85,533.85
0,0,0,0
0,0,0,0
0,0,0,0
0,0,0,0
0,0,0,0
3.3456,3.3456,153.76,153.76
23.643,23.643,1086.6,1086.6
8.4356,8.4356,387.7,387.7
7.7458,7.7458,364.55,364.55
14.06,14.06,661.72,661.72
0,0,0,0
2.1728,2.1728,99.883,99.883
19.165,19.165,881,881
8.5342,8.5342,392.31,392.31
0,0,0,0
0,0,0,0
6.3662,6.3662,303.71,303.71
95.288,95.288,4545.9,4545.9
72.006,72.006,3435.2,3435.2
2.7471,2.7471,131.05,131.05
0,0,0,0
0,0,0,0
1.5887,1.5887,72.864,72.864
45.279,45.279,2076.6,2076.6
65.149,65.149,2987.9,2987.9
13.344,13.344,613.43,613.43
3.4193,3.4193,157.18,157.18
0,0,0,0
0,0,0,0
0,0,0,0
0,0,0,0
0,0,0,0
0,0,0,0
0,0,0,0
0,0,0,0
0,0,0,0
0,0,0,0
0,0,0,0
0,0,0,0
0,0,0,0
0,0,0,0
0,0,0,0
0,0,0,0
0,0,0,0
0,0,0,0
0,0,0,0
0,0,0,0
0,0,0,0
0,0,0,0
0,0,0,0
0,0,0,0
0,0,0,0
0,0,0,0
0,0,0,0
0,0,0,0
0,0,0,0
0,0,0,0
0,0,0,0
0,0,0,0
0,0,0,0
0,0,0,0
0,0,0,0
0,0,0,0
0,0,0,0
0,0,0,0
0,0,0,0
0,0,0,0
0,0,0,0
0,0,0,0
0,0,0,0
0,0,0,0
0,0,0,0
0,0,0,0
0,0,0,0
0,0,0,0
0,0,0,0
0,0,0,0
0,0,0,0
0,0,0,0
0,0,0,0
0,0,0,0
0,0,0,0
0,0,0,0
0,0,0,0
0,0,0,0
0,0,0,0
0,0,0,0
0,0,0,0
0,0,0,0
0,0,0,0
0,0,0,0
0,0,0,0
0,0,0,0
0,0,0,0
0,0,0,0
0,0,0,0
0,0,0,0
0,0,0,0
0,0,0,0
0,0,0,0
0,0,0,0
0,0,0,0
0,0,0,0
0,0,0,0
0,0,0,0
0,0,0,0
0,0,0,0
0,0,0,0
0,0,0,0
0,0,0,0
0,0,0,0
0,0,0,0
0,0,0,0
0,0,0,0
0,0,0,0
0,0,0,0
0,0,0,0
0,0,0,0
0,0,0,0
0,0,0,0
0,0,0,0
0,0,0,0
0,0,0,0
0,0,0,0
0,0,0,0
0,0,0,0
0,0,0,0
0,0,0,0
0,0,0,0
0,0,0,0
0,0,0,0
0,0,0,0
0,0,0,0
0,0,0,0
0,0,0,0
0,0,0,0
0,0,0,0
0,0,0,0
0,0,0,0
0,0,0,0
0,0,0,0
0,0,0,0
0,0,0,0
0,0,0,0
0,0,0,0
0,0,0,0
0,0,0,0
0,0,0,0
0,0,0,0
0,0,0,0
0,0,0,0
0,0,0,0
0,0,0,0
0,0,0,0
0,0,0,0
0,0,0,0
0,0,0,0
0,0,0,0
0,0,0,0
0,0,0,0
0,0,0,0
0,0,0,0
0,0,0,0
0,0,0,0
0,0,0,0
0,0,0,0
0,0,0,0
0,0,0,0
0,0,0,0
0,0,0,0
0,0,0,0
0,0,0,0
0,0,0,0
0,0,0,0
0,0,0,0
0,0,0,0
0,0,0,0
0,0,0,0
0,0,0,0
0,0,0,0
0,0,0,0
4.3906,4.3906,206.93,206.93
27.071,27.071,1275.8,1275.8
8.4266,8.4266,397.15,397.15
0,0,0,0
0,0,0,0
0,0,0,0
0,0,0,0
0,0,0,0
2.3836,2.3836,109.55,109.55
16.845,16.845,774.2,774.2
6.0101,6.0101,276.23,276.23
5.3089,5.3089,249.86,249.86
9.6367,9.6367,453.54,453.54
0,0,0,0
1.5236,1.5236,70.038,70.038
13.439,13.439,617.76,617.76
5.9842,5.9842,275.09,275.09
0,0,0,0
0,0,0,0
6.637,6.637,316.63,316.63
99.341,99.341,4739.2,4739.2
75.069,75.069,3581.3,3581.3
2.864,2.864,136.63,136.63
0,0,0,0
0,0,0,0
1.8562,1.8562,85.131,85.131
52.901,52.901,2426.2,2426.2
76.117,76.117,3490.9,3490.9
9.0034,9.0034,413.89,413.89
2.307,2.307,106.05,106.05
0,0,0,0
0,0,0,0
0,0,0,0
0,0,0,0
0,0,0,0
0,0,0,0
0,0,0,0
0,0,0,0
0,0,0,0
0,0,0,0
0,0,0,0
0,0,0,0
0,0,0,0
0,0,0,0
0,0,0,0
0,0,0,0
0,0,0,0
0,0,0,0
0,0,0,0
0,0,0,0
0,0,0,0
0,0,0,0
0,0,0,0
0,0,0,0
0,0,0,0
0,0,0,0
0,0,0,0
0,0,0,0
0,0,0,0
0,0,0,0
0,0,0,0
0,0,0,0
0,0,0,0
0,0,0,0
0,0,0,0
0,0,0,0
0,0,0,0
0,0,0,0
0,0,0,0
0,0,0,0
0,0,0,0
0,0,0,0
0,0,0,0
0,0,0,0
0,0,0,0
0,0,0,0
0,0,0,0
0,0,0,0
0,0,0,0
0,0,0,0
0,0,0,0
0,0,0,0
0,0,0,0
0,0,0,0
0,0,0,0
0,0,0,0
0,0,0,0
0,0,0,0
0,0,0,0
0,0,0,0
0,0,0,0
0,0,0,0
0,0,0,0
0,0,0,0
0,0,0,0
0,0,0,0
0,0,0,0
0,0,0,0
0,0,0,0
0,0,0,0
0,0,0,0
0,0,0,0
0,0,0,0
0,0,0,0
0,0,0,0
0,0,0,0
0,0,0,0
0,0,0,0
0,0,0,0
0,0,0,0
0,0,0,0
0,0,0,0
0,0,0,0
0,0,0,0
0,0,0,0
0,0,0,0
0,0,0,0
0,0,0,0
0,0,0,0
0,0,0,0
0,0,0,0
0,0,0,0
0,0,0,0
0,0,0,0
0,0,0,0
0,0,0,0
0,0,0,0
0,0,0,0
0,0,0,0
0,0,0,0
0,0,0,0
0,0,0,0
0,0,0,0
0,0,0,0
0,0,0,0
0,0,0,0
0,0,0,0
0,0,0,0
0,0,0,0
0,0,0,0
0,0,0,0
0,0,0,0
0,0,0,0
0,0,0,0
0,0,0,0
0,0,0,0
0,0,0,0
0,0,0,0
0,0,0,0
0,0,0,0
0,0,0,0
0,0,0,0
0,0,0,0
0,0,0,0
0,0,0,0
0,0,0,0
0,0,0,0
0,0,0,0
0,0,0,0
0,0,0,0
0,0,0,0
0,0,0,0
0,0,0,0
0,0,0,0
0,0,0,0
0,0,0,0
0,0,0,0
0,0,0,0
0,0,0,0
0,0,0,0
0,0,0,0
0,0,0,0
0,0,0,0
0,0,0,0
0,0,0,0
0,0,0,0
0,0,0,0
0,0,0,0
0,0,0,0
0,0,0,0
0,0,0,0
0,0,0,0
0,0,0,0
0,0,0,0
3.1649,3.1649,149.16,149.16
19.513,19.513,919.66,919.66
6.0741,6.0741,286.27,286.27
0,0,0,0
0,0,0,0
0,0,0,0
0,0,0,0
0,0,0,0
1.6455,1.6455,75.629,75.629
11.629,11.629,534.47,534.47
4.1491,4.1491,190.69,190.69
3.5258,3.5258,165.94,165.94
6.3999,6.3999,301.2,301.2
0,0,0,0
0,0,0,0
9.1306,9.1306,419.72,419.72
4.0659,4.0659,186.9,186.9
0,0,0,0
0,0,0,0
6.7045,6.7045,319.85,319.85
100.35,100.35,4787.4,4787.4
75.833,75.833,3617.7,3617.7
2.8931,2.8931,138.02,138.02
0,0,0,0
0,0,0,0
2.1014,2.1014,96.374,96.374
59.888,59.888,2746.6,2746.6
86.17,86.17,3952,3952
6.2595,6.2595,287.08,287.08
1.5082,1.5082,69.332,69.332
0,0,0,0
0,0,0,0
0,0,0,0
0,0,0,0
0,0,0,0
0,0,0,0
0,0,0,0
0,0,0,0
0,0,0,0
0,0,0,0
0,0,0,0
0,0,0,0
0,0,0,0
0,0,0,0
0,0,0,0
0,0,0,0
0,0,0,0
0,0,0,0
0,0,0,0
0,0,0,0
0,0,0,0
0,0,0,0
0,0,0,0
0,0,0,0
0,0,0,0
0,0,0,0
0,0,0,0
0,0,0,0
0,0,0,0
0,0,0,0
0,0,0,0
0,0,0,0
0,0,0,0
0,0,0,0
0,0,0,0
0,0,0,0
0,0,0,0
0,0,0,0
0,0,0,0
0,0,0,0
0,0,0,0
0,0,0,0
0,0,0,0
0,0,0,0
0,0,0,0
0,0,0,0
0,0,0,0
0,0,0,0
0,0,0,0
0,0,0,0
0,0,0,0
0,0,0,0
0,0,0,0
0,0,0,0
0,0,0,0
0,0,0,0
0,0,0,0
0,0,0,0
0,0,0,0
0,0,0,0
0,0,0,0
0,0,0,0
0,0,0,0
0,0,0,0
0,0,0,0
0,0,0,0
0,0,0,0
0,0,0,0
0,0,0,0
0,0,0,0
0,0,0,0
0,0,0,0
0,0,0,0
0,0,0,0
0,0,0,0
0,0,0,0
0,0,0,0
0,0,0,0
0,0,0,0
0,0,0,0
0,0,0,0
0,0,0,0
0,0,0,0
0,0,0,0
0,0,0,0
0,0,0,0
0,0,0,0
0,0,0,0
0,0,0,0
0,0,0,0
0,0,0,0
0,0,0,0
0,0,0,0
0,0,0,0
0,0,0,0
0,0,0,0
0,0,0,0
0,0,0,0
0,0,0,0
0,0,0,0
0,0,0,0
0,0,0,0
0,0,0,0
0,0,0,0
0,0,0,0
0,0,0,0
0,0,0,0
0,0,0,0
0,0,0,0
0,0,0,0
0,0,0,0
0,0,0,0
0,0,0,0
0,0,0,0
0,0,0,0
0,0,0,0
0,0,0,0
0,0,0,0
0,0,0,0
0,0,0,0
0,0,0,0
0,0,0,0
0,0,0,0
0,0,0,0
0,0,0,0
0,0,0,0
0,0,0,0
0,0,0,0
0,0,0,0
0,0,0,0
0,0,0,0
0,0,0,0
0,0,0,0
0,0,0,0
0,0,0,0
0,0,0,0
0,0,0,0
0,0,0,0
0,0,0,0
0,0,0,0
0,0,0,0
0,0,0,0
0,0,0,0
0,0,0,0
0,0,0,0
0,0,0,0
0,0,0,0
0,0,0,0
0,0,0,0
0,0,0,0
0,0,0,0
0,0,0,0
0,0,0,0
0,0,0,0
2.2105,2.2105,104.18,104.18
13.629,13.629,642.34,642.34
4.2425,4.2425,199.95,199.95
0,0,0,0
0,0,0,0
0,0,0,0
0,0,0,0
0,0,0,0
0,0,0,0
7.7789,7.7789,357.52,357.52
2.7754,2.7754,127.56,127.56
2.2688,2.2688,106.78,106.78
4.1183,4.1183,193.82,193.82
0,0,0,0
0,0,0,0
6.011,6.011,276.32,276.32
2.6767,2.6767,123.05,123.05
0,0,0,0
0,0,0,0
6.5624,6.5624,313.07,313.07
98.225,98.225,4686,4686
74.226,74.226,3541.1,3541.1
2.8318,2.8318,135.09,135.09
0,0,0,0
0,0,0,0
2.3051,2.3051,105.72,105.72
65.693,65.693,3012.9,3012.9
94.522,94.522,4335,4335
6.8662,6.8662,314.9,314.9
0,0,0,0
0,0,0,0
0,0,0,0
0,0,0,0
0,0,0,0
0,0,0,0
0,0,0,0
0,0,0,0
0,0,0,0
0,0,0,0
0,0,0,0
0,0,0,0
0,0,0,0
0,0,0,0
0,0,0,0
0,0,0,0
0,0,0,0
0,0,0,0
0,0,0,0
0,0,0,0
0,0,0,0
0,0,0,0
0,0,0,0
0,0,0,0
0,0,0,0
0,0,0,0
0,0,0,0
0,0,0,0
0,0,0,0
0,0,0,0
0,0,0,0
0,0,0,0
0,0,0,0
0,0,0,0
0,0,0,0
0,0,0,0
0,0,0,0
0,0,0,0
0,0,0,0
0,0,0,0
0,0,0,0
0,0,0,0
0,0,0,0
0,0,0,0
0,0,0,0
0,0,0,0
0,0,0,0
0,0,0,0
0,0,0,0
0,0,0,0
0,0,0,0
0,0,0,0
0,0,0,0
0,0,0,0
0,0,0,0
0,0,0,0
0,0,0,0
0,0,0,0
0,0,0,0
0,0,0,0
0,0,0,0
0,0,0,0
0,0,0,0
0,0,0,0
0,0,0,0
0,0,0,0
0,0,0,0
0,0,0,0
0,0,0,0
0,0,0,0
0,0,0,0
0,0,0,0
0,0,0,0
0,0,0,0
0,0,0,0
0,0,0,0
0,0,0,0
0,0,0,0
0,0,0,0
0,0,0,0
0,0,0,0
0,0,0,0
0,0,0,0
0,0,0,0
0,0,0,0
0,0,0,0
0,0,0,0
0,0,0,0
0,0,0,0
0,0,0,0
0,0,0,0
0,0,0,0
0,0,0,0
0,0,0,0
0,0,0,0
0,0,0,0
0,0,0,0
0,0,0,0
0,0,0,0
0,0,0,0
0,0,0,0
0,0,0,0
0,0,0,0
0,0,0,0
0,0,0,0
0,0,0,0
0,0,0,0
0,0,0,0
0,0,0,0
0,0,0,0
0,0,0,0
0,0,0,0
0,0,0,0
0,0,0,0
0,0,0,0
0,0,0,0
0,0,0,0
0,0,0,0
0,0,0,0
0,0,0,0
0,0,0,0
0,0,0,0
0,0,0,0
0,0,0,0
0,0,0,0
0,0,0,0
0,0,0,0
0,0,0,0
0,0,0,0
0,0,0,0
0,0,0,0
0,0,0,0
0,0,0,0
0,0,0,0
0,0,0,0
0,0,0,0
0,0,0,0
0,0,0,0
0,0,0,0
0,0,0,0
0,0,0,0
0,0,0,0
0,0,0,0
0,0,0,0
0,0,0,0
0,0,0,0
0,0,0,0
0,0,0,0
0,0,0,0
0,0,0,0
0,0,0,0
0,0,0,0
0,0,0,0
0,0,0,0
0,0,0,0
1.496,1.496,70.505,70.505
9.2236,9.2236,434.71,434.71
2.8711,2.8711,135.32,135.32
0,0,0,0
0,0,0,0
0,0,0,0
0,0,0,0
0,0,0,0
0,0,0,0
5.0419,5.0419,231.73,231.73
1.7989,1.7989,82.677,82.677
0,0,0,0
2.5678,2.5678,120.85,120.85
0,0,0,0
0,0,0,0
3.8344,3.8344,176.26,176.26
1.7075,1.7075,78.491,78.491
0,0,0,0
0,0,0,0
6.2239,6.2239,296.92,296.92
93.158,93.158,4444.3,4444.3
70.397,70.397,3358.4,3358.4
2.6857,2.6857,128.13,128.13
0,0,0,0
0,0,0,0
2.45,2.45,112.36,112.36
69.823,69.823,3202.3,3202.3
100.46,100.46,4607.5,4607.5
7.2979,7.2979,334.7,334.7
0,0,0,0
0,0,0,0
0,0,0,0
0,0,0,0
0,0,0,0
0,0,0,0
0,0,0,0
0,0,0,0
0,0,0,0
0,0,0,0
0,0,0,0
0,0,0,0
0,0,0,0
0,0,0,0
0,0,0,0
0,0,0,0
0,0,0,0
0,0,0,0
0,0,0,0
0,0,0,0
0,0,0,0
0,0,0,0
0,0,0,0
0,0,0,0
0,0,0,0
0,0,0,0
0,0,0,0
0,0,0,0
0,0,0,0
0,0,0,0
0,0,0,0
0,0,0,0
0,0,0,0
0,0,0,0
0,0,0,0
0,0,0,0
0,0,0,0
0,0,0,0
0,0,0,0
0,0,0,0
0,0,0,0
0,0,0,0
0,0,0,0
0,0,0,0
0,0,0,0
0,0,0,0
0,0,0,0
0,0,0,0
0,0,0,0
0,0,0,0
0,0,0,0
0,0,0,0
0,0,0,0
0,0,0,0
0,0,0,0
0,0,0,0
0,0,0,0
0,0,0,0
0,0,0,0
0,0,0,0
0,0,0,0
0,0,0,0
0,0,0,0
0,0,0,0
0,0,0,0
0,0,0,0
0,0,0,0
0,0,0,0
0,0,0,0
0,0,0,0
0,0,0,0
0,0,0,0
0,0,0,0
0,0,0,0
0,0,0,0
0,0,0,0
0,0,0,0
0,0,0,0
0,0,0,0
0,0,0,0
0,0,0,0
0,0,0,0
0,0,0,0
0,0,0,0
0,0,0,0
0,0,0,0
0,0,0,0
0,0,0,0
0,0,0,0
0,0,0,0
0,0,0,0
0,0,0,0
0,0,0,0
0,0,0,0
0,0,0,0
0,0,0,0
0,0,0,0
0,0,0,0
0,0,0,0
0,0,0,0
0,0,0,0
0,0,0,0
0,0,0,0
0,0,0,0
0,0,0,0
0,0,0,0
0,0,0,0
0,0,0,0
0,0,0,0
0,0,0,0
0,0,0,0
0,0,0,0
0,0,0,0
0,0,0,0
0,0,0,0
0,0,0,0
0,0,0,0
0,0,0,0
0,0,0,0
0,0,0,0
0,0,0,0
0,0,0,0
0,0,0,0
0,0,0,0
0,0,0,0
0,0,0,0
0,0,0,0
0,0,0,0
0,0,0,0
0,0,0,0
0,0,0,0
0,0,0,0
0,0,0,0
0,0,0,0
0,0,0,0
0,0,0,0
0,0,0,0
0,0,0,0
0,0,0,0
0,0,0,0
0,0,0,0
0,0,0,0
0,0,0,0
0,0,0,0
0,0,0,0
0,0,0,0
0,0,0,0
0,0,0,0
0,0,0,0
0,0,0,0
0,0,0,0
0,0,0,0
0,0,0,0
0,0,0,0
0,0,0,0
0,0,0,0
6.0484,6.0484,285.06,285.06
1.8827,1.8827,88.733,88.733
0,0,0,0
0,0,0,0
0,0,0,0
0,0,0,0
0,0,0,0
0,0,0,0
3.1664,3.1664,145.53,145.53
0,0,0,0
0,0,0,0
1.5514,1.5514,73.015,73.015
0,0,0,0
0,0,0,0
2.37,2.37,108.95,108.95
0,0,0,0
0,0,0,0
0,0,0,0
5.7196,5.7196,272.86,272.86
85.61,85.61,4084.1,4084.1
64.693,64.693,3086.3,3086.3
2.4681,2.4681,117.74,117.74
0,0,0,0
0,0,0,0
2.5232,2.5232,115.72,115.72
71.909,71.909,3297.9,3297.9
103.47,103.47,4745.2,4745.2
7.5159,7.5159,344.7,344.7
0,0,0,0
0,0,0,0
0,0,0,0
0,0,0,0
0,0,0,0
0,0,0,0
0,0,0,0
0,0,0,0
0,0,0,0
0,0,0,0
0,0,0,0
0,0,0,0
0,0,0,0
0,0,0,0
0,0,0,0
0,0,0,0
0,0,0,0
0,0,0,0
0,0,0,0
0,0,0,0
0,0,0,0
0,0,0,0
0,0,0,0
0,0,0,0
0,0,0,0
0,0,0,0
0,0,0,0
0,0,0,0
0,0,0,0
0,0,0,0
0,0,0,0
0,0,0,0
0,0,0,0
0,0,0,0
0,0,0,0
0,0,0,0
0,0,0,0
0,0,0,0
0,0,0,0
0,0,0,0
0,0,0,0
0,0,0,0
0,0,0,0
0,0,0,0
0,0,0,0
0,0,0,0
0,0,0,0
0,0,0,0
0,0,0,0
0,0,0,0
0,0,0,0
0,0,0,0
0,0,0,0
0,0,0,0
0,0,0,0
0,0,0,0
0,0,0,0
0,0,0,0
0,0,0,0
0,0,0,0
0,0,0,0
0,0,0,0
0,0,0,0
0,0,0,0
0,0,0,0
0,0,0,0
0,0,0,0
0,0,0,0
0,0,0,0
0,0,0,0
0,0,0,0
0,0,0,0
0,0,0,0
0,0,0,0
0,0,0,0
0,0,0,0
0,0,0,0
0,0,0,0
0,0,0,0
0,0,0,0
0,0,0,0
0,0,0,0
0,0,0,0
0,0,0,0
0,0,0,0
0,0,0,0
0,0,0,0
0,0,0,0
0,0,0,0
0,0,0,0
0,0,0,0
0,0,0,0
0,0,0,0
0,0,0,0
0,0,0,0
0,0,0,0
0,0,0,0
0,0,0,0
0,0,0,0
0,0,0,0
0,0,0,0
0,0,0,0
0,0,0,0
0,0,0,0
0,0,0,0
0,0,0,0
0,0,0,0
0,0,0,0
0,0,0,0
0,0,0,0
0,0,0,0
0,0,0,0
0,0,0,0
0,0,0,0
0,0,0,0
0,0,0,0
0,0,0,0
0,0,0,0
0,0,0,0
0,0,0,0
0,0,0,0
0,0,0,0
0,0,0,0
0,0,0,0
0,0,0,0
0,0,0,0
0,0,0,0
0,0,0,0
0,0,0,0
0,0,0,0
0,0,0,0
0,0,0,0
0,0,0,0
0,0,0,0
0,0,0,0
0,0,0,0
0,0,0,0
0,0,0,0
0,0,0,0
0,0,0,0
0,0,0,0
0,0,0,0
0,0,0,0
0,0,0,0
0,0,0,0
0,0,0,0
0,0,0,0
0,0,0,0
0,0,0,0
0,0,0,0
0,0,0,0
0,0,0,0
0,0,0,0
0,0,0,0
0,0,0,0
0,0,0,0
3.8431,3.8431,181.12,181.12
0,0,0,0
0,0,0,0
0,0,0,0
0,0,0,0
0,0,0,0
0,0,0,0
0,0,0,0
1.9269,1.9269,88.558,88.558
0,0,0,0
0,0,0,0
0,0,0,0
0,0,0,0
0,0,0,0
0,0,0,0
0,0,0,0
0,0,0,0
0,0,0,0
5.0929,5.0929,242.97,242.97
76.23,76.23,3636.7,3636.7
57.605,57.605,2748.1,2748.1
2.1977,2.1977,104.84,104.84
0,0,0,0
0,0,0,0
2.5178,2.5178,115.47,115.47
71.757,71.757,3291,3291
103.25,103.25,4735.2,4735.2
7.5,7.5,343.97,343.97
0,0,0,0
0,0,0,0
0,0,0,0
0,0,0,0
0,0,0,0
0,0,0,0
0,0,0,0
0,0,0,0
0,0,0,0
0,0,0,0
0,0,0,0
0,0,0,0
0,0,0,0
0,0,0,0
0,0,0,0
0,0,0,0
0,0,0,0
0,0,0,0
0,0,0,0
0,0,0,0
0,0,0,0
0,0,0,0
0,0,0,0
0,0,0,0
0,0,0,0
0,0,0,0
0,0,0,0
0,0,0,0
0,0,0,0
0,0,0,0
0,0,0,0
0,0,0,0
0,0,0,0
0,0,0,0
0,0,0,0
0,0,0,0
0,0,0,0
0,0,0,0
0,0,0,0
0,0,0,0
0,0,0,0
0,0,0,0
0,0,0,0
0,0,0,0
0,0,0,0
0,0,0,0
0,0,0,0
0,0,0,0
0,0,0,0
0,0,0,0
0,0,0,0
0,0,0,0
0,0,0,0
0,0,0,0
0,0,0,0
0,0,0,0
0,0,0,0
0,0,0,0
0,0,0,0
0,0,0,0
0,0,0,0
0,0,0,0
0,0,0,0
0,0,0,0
0,0,0,0
0,0,0,0
0,0,0,0
0,0,0,0
0,0,0,0
0,0,0,0
0,0,0,0
0,0,0,0
0,0,0,0
0,0,0,0
0,0,0,0
0,0,0,0
0,0,0,0
0,0,0,0
0,0,0,0
0,0,0,0
0,0,0,0
0,0,0,0
0,0,0,0
0,0,0,0
0,0,0,0
0,0,0,0
0,0,0,0
0,0,0,0
0,0,0,0
0,0,0,0
0,0,0,0
0,0,0,0
0,0,0,0
0,0,0,0
0,0,0,0
0,0,0,0
0,0,0,0
0,0,0,0
0,0,0,0
0,0,0,0
0,0,0,0
0,0,0,0
0,0,0,0
0,0,0,0
0,0,0,0
0,0,0,0
0,0,0,0
0,0,0,0
0,0,0,0
0,0,0,0
0,0,0,0
0,0,0,0
0,0,0,0
0,0,0,0
0,0,0,0
0,0,0,0
0,0,0,0
0,0,0,0
0,0,0,0
0,0,0,0
0,0,0,0
0,0,0,0
0,0,0,0
0,0,0,0
0,0,0,0
0,0,0,0
0,0,0,0
0,0,0,0
0,0,0,0
0,0,0,0
0,0,0,0
0,0,0,0
0,0,0,0
0,0,0,0
0,0,0,0
0,0,0,0
0,0,0,0
0,0,0,0
0,0,0,0
0,0,0,0
0,0,0,0
0,0,0,0
0,0,0,0
0,0,0,0
0,0,0,0
0,0,0,0
0,0,0,0
0,0,0,0
0,0,0,0
0,0,0,0
0,0,0,0
0,0,0,0
0,0,0,0
0,0,0,0
0,0,0,0
0,0,0,0
2.366,2.366,111.51,111.51
0,0,0,0
0,0,0,0
0,0,0,0
0,0,0,0
0,0,0,0
0,0,0,0
0,0,0,0
0,0,0,0
0,0,0,0
0,0,0,0
0,0,0,0
0,0,0,0
0,0,0,0
0,0,0,0
0,0,0,0
0,0,0,0
0,0,0,0
4.3941,4.3941,209.63,209.63
65.771,65.771,3137.7,3137.7
49.701,49.701,2371.1,2371.1
1.8961,1.8961,90.458,90.458
0,0,0,0
0,0,0,0
2.4345,2.4345,111.65,111.65
69.383,69.383,3182.1,3182.1
99.831,99.831,4578.5,4578.5
7.2519,7.2519,332.59,332.59
0,0,0,0
0,0,0,0
0,0,0,0
0,0,0,0
0,0,0,0
0,0,0,0
0,0,0,0
0,0,0,0
0,0,0,0
0,0,0,0
0,0,0,0
0,0,0,0
0,0,0,0
0,0,0,0
0,0,0,0
0,0,0,0
0,0,0,0
0,0,0,0
0,0,0,0
0,0,0,0
0,0,0,0
0,0,0,0
0,0,0,0
0,0,0,0
0,0,0,0
0,0,0,0
0,0,0,0
0,0,0,0
0,0,0,0
0,0,0,0
0,0,0,0
0,0,0,0
0,0,0,0
0,0,0,0
0,0,0,0
0,0,0,0
0,0,0,0
0,0,0,0
0,0,0,0
0,0,0,0
0,0,0,0
0,0,0,0
0,0,0,0
0,0,0,0
0,0,0,0
0,0,0,0
0,0,0,0
0,0,0,0
0,0,0,0
0,0,0,0
0,0,0,0
0,0,0,0
0,0,0,0
0,0,0,0
0,0,0,0
0,0,0,0
0,0,0,0
0,0,0,0
0,0,0,0
0,0,0,0
0,0,0,0
0,0,0,0
0,0,0,0
0,0,0,0
0,0,0,0
0,0,0,0
0,0,0,0
0,0,0,0
0,0,0,0
0,0,0,0
0,0,0,0
0,0,0,0
0,0,0,0
0,0,0,0
0,0,0,0
0,0,0,0
0,0,0,0
0,0,0,0
0,0,0,0
0,0,0,0
0,0,0,0
0,0,0,0
0,0,0,0
0,0,0,0
0,0,0,0
0,0,0,0
0,0,0,0
0,0,0,0
0,0,0,0
0,0,0,0
0,0,0,0
0,0,0,0
0,0,0,0
0,0,0,0
0,0,0,0
0,0,0,0
0,0,0,0
0,0,0,0
0,0,0,0
0,0,0,0
0,0,0,0
0,0,0,0
0,0,0,0
0,0,0,0
0,0,0,0
0,0,0,0
0,0,0,0
0,0,0,0
0,0,0,0
0,0,0,0
0,0,0,0
0,0,0,0
0,0,0,0
0,0,0,0
0,0,0,0
0,0,0,0
0,0,0,0
0,0,0,0
0,0,0,0
0,0,0,0
0,0,0,0
0,0,0,0
0,0,0,0
0,0,0,0
0,0,0,0
0,0,0,0
0,0,0,0
0,0,0,0
0,0,0,0
0,0,0,0
0,0,0,0
0,0,0,0
0,0,0,0
0,0,0,0
0,0,0,0
0,0,0,0
0,0,0,0
0,0,0,0
0,0,0,0
0,0,0,0
0,0,0,0
0,0,0,0
0,0,0,0
0,0,0,0
0,0,0,0
0,0,0,0
0,0,0,0
0,0,0,0
0,0,0,0
0,0,0,0
0,0,0,0
0,0,0,0
0,0,0,0
0,0,0,0
0,0,0,0
0,0,0,0
0,0,0,0
0,0,0,0
0,0,0,0
0,0,0,0
0,0,0,0
0,0,0,0
0,0,0,0
0,0,0,0
0,0,0,0
0,0,0,0
0,0,0,0
0,0,0,0
0,0,0,0
0,0,0,0
0,0,0,0
0,0,0,0
0,0,0,0
0,0,0,0
3.6735,3.6735,175.25,175.25
54.984,54.984,2623.1,2623.1
41.55,41.55,1982.2,1982.2
1.5852,1.5852,75.623,75.623
0,0,0,0
0,0,0,0
2.2809,2.2809,104.61,104.61
65.004,65.004,2981.3,2981.3
93.531,93.531,4289.5,4289.5
6.7942,6.7942,311.6,311.6
0,0,0,0
0,0,0,0
0,0,0,0
0,0,0,0
0,0,0,0
0,0,0,0
0,0,0,0
0,0,0,0
0,0,0,0
0,0,0,0
0,0,0,0
0,0,0,0
0,0,0,0
0,0,0,0
0,0,0,0
0,0,0,0
0,0,0,0
0,0,0,0
0,0,0,0
0,0,0,0
0,0,0,0
0,0,0,0
0,0,0,0
0,0,0,0
0,0,0,0
0,0,0,0
0,0,0,0
0,0,0,0
0,0,0,0
0,0,0,0
0,0,0,0
0,0,0,0
0,0,0,0
0,0,0,0
0,0,0,0
0,0,0,0
0,0,0,0
0,0,0,0
0,0,0,0
0,0,0,0
0,0,0,0
0,0,0,0
0,0,0,0
0,0,0,0
0,0,0,0
0,0,0,0
0,0,0,0
0,0,0,0
0,0,0,0
0,0,0,0
0,0,0,0
0,0,0,0
0,0,0,0
0,0,0,0
0,0,0,0
0,0,0,0
0,0,0,0
0,0,0,0
0,0,0,0
0,0,0,0
0,0,0,0
0,0,0,0
0,0,0,0
0,0,0,0
0,0,0,0
0,0,0,0
0,0,0,0
0,0,0,0
0,0,0,0
0,0,0,0
0,0,0,0
0,0,0,0
0,0,0,0
0,0,0,0
0,0,0,0
0,0,0,0
0,0,0,0
0,0,0,0
0,0,0,0
0,0,0,0
0,0,0,0
0,0,0,0
0,0,0,0
0,0,0,0
0,0,0,0
0,0,0,0
0,0,0,0
0,0,0,0
0,0,0,0
0,0,0,0
0,0,0,0
0,0,0,0
0,0,0,0
0,0,0,0
0,0,0,0
0,0,0,0
0,0,0,0
0,0,0,0
0,0,0,0
0,0,0,0
0,0,0,0
0,0,0,0
0,0,0,0
0,0,0,0
0,0,0,0
0,0,0,0
0,0,0,0
0,0,0,0
0,0,0,0
0,0,0,0
0,0,0,0
0,0,0,0
0,0,0,0
0,0,0,0
0,0,0,0
0,0,0,0
0,0,0,0
0,0,0,0
0,0,0,0
0,0,0,0
0,0,0,0
0,0,0,0
0,0,0,0
0,0,0,0
0,0,0,0
0,0,0,0
0,0,0,0
0,0,0,0
0,0,0,0
0,0,0,0
0,0,0,0
0,0,0,0
0,0,0,0
0,0,0,0
0,0,0,0
0,0,0,0
0,0,0,0
0,0,0,0
0,0,0,0
0,0,0,0
0,0,0,0
0,0,0,0
0,0,0,0
0,0,0,0
0,0,0,0
0,0,0,0
0,0,0,0
0,0,0,0
0,0,0,0
0,0,0,0
0,0,0,0
0,0,0,0
0,0,0,0
0,0,0,0
0,0,0,0
0,0,0,0
0,0,0,0
0,0,0,0
0,0,0,0
0,0,0,0
0,0,0,0
0,0,0,0
0,0,0,0
0,0,0,0
0,0,0,0
0,0,0,0
0,0,0,0
0,0,0,0
0,0,0,0
0,0,0,0
0,0,0,0
0,0,0,0
0,0,0,0
0,0,0,0
2.9757,2.9757,141.96,141.96
44.54,44.54,2124.9,2124.9
33.658,33.658,1605.7,1605.7
0,0,0,0
0,0,0,0
0,0,0,0
2.0706,2.0706,94.962,94.962
59.011,59.011,2706.4,2706.4
84.907,84.907,3894,3894
6.1678,6.1678,282.87,282.87
0,0,0,0
0,0,0,0
0,0,0,0
0,0,0,0
0,0,0,0
0,0,0,0
0,0,0,0
0,0,0,0
0,0,0,0
0,0,0,0
0,0,0,0
0,0,0,0
0,0,0,0
0,0,0,0
0,0,0,0
0,0,0,0
0,0,0,0
0,0,0,0
0,0,0,0
0,0,0,0
0,0,0,0
0,0,0,0
0,0,0,0
0,0,0,0
0,0,0,0
0,0,0,0
0,0,0,0
0,0,0,0
0,0,0,0
0,0,0,0
0,0,0,0
0,0,0,0
0,0,0,0
0,0,0,0
0,0,0,0
0,0,0,0
0,0,0,0
0,0,0,0
0,0,0,0
0,0,0,0
0,0,0,0
0,0,0,0
0,0,0,0
0,0,0,0
0,0,0,0
0,0,0,0
0,0,0,0
0,0,0,0
0,0,0,0
0,0,0,0
0,0,0,0
0,0,0,0
0,0,0,0
0,0,0,0
0,0,0,0
0,0,0,0
0,0,0,0
0,0,0,0
0,0,0,0
0,0,0,0
0,0,0,0
0,0,0,0
0,0,0,0
0,0,0,0
0,0,0,0
0,0,0,0
0,0,0,0
0,0,0,0
0,0,0,0
0,0,0,0
0,0,0,0
0,0,0,0
0,0,0,0
0,0,0,0
0,0,0,0
0,0,0,0
0,0,0,0
0,0,0,0
0,0,0,0
0,0,0,0
0,0,0,0
0,0,0,0
0,0,0,0
0,0,0,0
0,0,0,0
0,0,0,0
0,0,0,0
0,0,0,0
0,0,0,0
0,0,0,0
0,0,0,0
0,0,0,0
0,0,0,0
0,0,0,0
0,0,0,0
0,0,0,0
0,0,0,0
0,0,0,0
0,0,0,0
0,0,0,0
0,0,0,0
0,0,0,0
0,0,0,0
0,0,0,0
0,0,0,0
0,0,0,0
0,0,0,0
0,0,0,0
0,0,0,0
0,0,0,0
0,0,0,0
0,0,0,0
0,0,0,0
0,0,0,0
0,0,0,0
0,0,0,0
0,0,0,0
0,0,0,0
0,0,0,0
0,0,0,0
0,0,0,0
0,0,0,0
0,0,0,0
0,0,0,0
0,0,0,0
0,0,0,0
0,0,0,0
0,0,0,0
0,0,0,0
0,0,0,0
0,0,0,0
0,0,0,0
0,0,0,0
0,0,0,0
0,0,0,0
0,0,0,0
0,0,0,0
0,0,0,0
0,0,0,0
0,0,0,0
0,0,0,0
0,0,0,0
0,0,0,0
0,0,0,0
0,0,0,0
0,0,0,0
0,0,0,0
0,0,0,0
0,0,0,0
0,0,0,0
0,0,0,0
0,0,0,0
0,0,0,0
0,0,0,0
0,0,0,0
0,0,0,0
0,0,0,0
0,0,0,0
0,0,0,0
0,0,0,0
0,0,0,0
0,0,0,0
0,0,0,0
0,0,0,0
0,0,0,0
0,0,0,0
0,0,0,0
0,0,0,0
0,0,0,0
0,0,0,0
0,0,0,0
0,0,0,0
0,0,0,0
0,0,0,0
2.3356,2.3356,111.42,111.42
34.959,34.959,1667.8,1667.8
26.418,26.418,1260.3,1260.3
0,0,0,0
0,0,0,0
0,0,0,0
1.8213,1.8213,83.53,83.53
51.907,51.907,2380.6,2380.6
74.686,74.686,3425.3,3425.3
5.4253,5.4253,248.82,248.82
0,0,0,0
0,0,0,0
0,0,0,0
0,0,0,0
0,0,0,0
0,0,0,0
0,0,0,0
0,0,0,0
0,0,0,0
0,0,0,0
0,0,0,0
0,0,0,0
0,0,0,0
0,0,0,0
0,0,0,0
0,0,0,0
0,0,0,0
0,0,0,0
0,0,0,0
0,0,0,0
0,0,0,0
0,0,0,0
0,0,0,0
0,0,0,0
0,0,0,0
0,0,0,0
0,0,0,0
0,0,0,0
0,0,0,0
0,0,0,0
0,0,0,0
0,0,0,0
0,0,0,0
0,0,0,0
0,0,0,0
0,0,0,0
0,0,0,0
0,0,0,0
0,0,0,0
0,0,0,0
0,0,0,0
0,0,0,0
0,0,0,0
0,0,0,0
0,0,0,0
0,0,0,0
0,0,0,0
0,0,0,0
0,0,0,0
0,0,0,0
0,0,0,0
0,0,0,0
0,0,0,0
0,0,0,0
0,0,0,0
0,0,0,0
0,0,0,0
0,0,0,0
0,0,0,0
0,0,0,0
0,0,0,0
0,0,0,0
0,0,0,0
0,0,0,0
0,0,0,0
0,0,0,0
0,0,0,0
0,0,0,0
0,0,0,0
0,0,0,0
0,0,0,0
0,0,0,0
0,0,0,0
0,0,0,0
0,0,0,0
0,0,0,0
0,0,0,0
0,0,0,0
0,0,0,0
0,0,0,0
0,0,0,0
0,0,0,0
0,0,0,0
0,0,0,0
0,0,0,0
0,0,0,0
0,0,0,0
0,0,0,0
0,0,0,0
0,0,0,0
0,0,0,0
0,0,0,0
0,0,0,0
0,0,0,0
0,0,0,0
0,0,0,0
0,0,0,0
0,0,0,0
0,0,0,0
0,0,0,0
0,0,0,0
0,0,0,0
0,0,0,0
0,0,0,0
0,0,0,0
0,0,0,0
0,0,0,0
0,0,0,0
0,0,0,0
0,0,0,0
0,0,0,0
0,0,0,0
0,0,0,0
0,0,0,0
0,0,0,0
0,0,0,0
0,0,0,0
0,0,0,0
0,0,0,0
0,0,0,0
0,0,0,0
0,0,0,0
0,0,0,0
0,0,0,0
0,0,0,0
0,0,0,0
0,0,0,0
0,0,0,0
0,0,0,0
0,0,0,0
0,0,0,0
0,0,0,0
0,0,0,0
0,0,0,0
0,0,0,0
0,0,0,0
0,0,0,0
0,0,0,0
0,0,0,0
0,0,0,0
0,0,0,0
0,0,0,0
0,0,0,0
0,0,0,0
0,0,0,0
0,0,0,0
0,0,0,0
0,0,0,0
0,0,0,0
0,0,0,0
0,0,0,0
0,0,0,0
0,0,0,0
0,0,0,0
0,0,0,0
0,0,0,0
0,0,0,0
0,0,0,0
0,0,0,0
0,0,0,0
0,0,0,0
0,0,0,0
0,0,0,0
0,0,0,0
0,0,0,0
0,0,0,0
0,0,0,0
0,0,0,0
0,0,0,0
0,0,0,0
0,0,0,0
0,0,0,0
0,0,0,0
0,0,0,0
1.7763,1.7763,84.741,84.741
26.587,26.587,1268.4,1268.4
20.091,20.091,958.49,958.49
0,0,0,0
0,0,0,0
0,0,0,0
1.5523,1.5523,71.193,71.193
44.24,44.24,2029,2029
63.655,63.655,2919.4,2919.4
4.624,4.624,212.07,212.07
0,0,0,0
0,0,0,0
0,0,0,0
0,0,0,0
0,0,0,0
0,0,0,0
0,0,0,0
0,0,0,0
0,0,0,0
0,0,0,0
0,0,0,0
0,0,0,0
0,0,0,0
0,0,0,0
0,0,0,0
0,0,0,0
0,0,0,0
0,0,0,0
0,0,0,0
0,0,0,0
0,0,0,0
0,0,0,0
0,0,0,0
0,0,0,0
0,0,0,0
0,0,0,0
0,0,0,0
0,0,0,0
0,0,0,0
0,0,0,0
0,0,0,0
0,0,0,0
0,0,0,0
0,0,0,0
0,0,0,0
0,0,0,0
0,0,0,0
0,0,0,0
0,0,0,0
0,0,0,0
0,0,0,0
0,0,0,0
0,0,0,0
0,0,0,0
0,0,0,0
0,0,0,0
0,0,0,0
0,0,0,0
0,0,0,0
0,0,0,0
0,0,0,0
0,0,0,0
0,0,0,0
0,0,0,0
0,0,0,0
0,0,0,0
0,0,0,0
0,0,0,0
0,0,0,0
0,0,0,0
0,0,0,0
0,0,0,0
0,0,0,0
0,0,0,0
0,0,0,0
0,0,0,0
0,0,0,0
0,0,0,0
0,0,0,0
0,0,0,0
0,0,0,0
0,0,0,0
0,0,0,0
0,0,0,0
0,0,0,0
0,0,0,0
0,0,0,0
0,0,0,0
0,0,0,0
0,0,0,0
0,0,0,0
0,0,0,0
0,0,0,0
0,0,0,0
0,0,0,0
0,0,0,0
0,0,0,0
0,0,0,0
0,0,0,0
0,0,0,0
0,0,0,0
0,0,0,0
0,0,0,0
0,0,0,0
0,0,0,0
0,0,0,0
0,0,0,0
0,0,0,0
0,0,0,0
0,0,0,0
0,0,0,0
0,0,0,0
0,0,0,0
0,0,0,0
0,0,0,0
0,0,0,0
0,0,0,0
0,0,0,0
0,0,0,0
0,0,0,0
0,0,0,0
0,0,0,0
0,0,0,0
0,0,0,0
0,0,0,0
0,0,0,0
0,0,0,0
0,0,0,0
0,0,0,0
0,0,0,0
0,0,0,0
0,0,0,0
0,0,0,0
0,0,0,0
0,0,0,0
0,0,0,0
0,0,0,0
0,0,0,0
0,0,0,0
0,0,0,0
0,0,0,0
0,0,0,0
0,0,0,0
0,0,0,0
0,0,0,0
0,0,0,0
0,0,0,0
0,0,0,0
0,0,0,0
0,0,0,0
0,0,0,0
0,0,0,0
0,0,0,0
0,0,0,0
0,0,0,0
0,0,0,0
0,0,0,0
0,0,0,0
0,0,0,0
0,0,0,0
0,0,0,0
0,0,0,0
0,0,0,0
0,0,0,0
0,0,0,0
0,0,0,0
0,0,0,0
0,0,0,0
0,0,0,0
0,0,0,0
0,0,0,0
0,0,0,0
0,0,0,0
0,0,0,0
0,0,0,0
0,0,0,0
0,0,0,0
0,0,0,0
0,0,0,0
0,0,0,0
0,0,0,0
0,0,0,0
0,0,0,0
0,0,0,0
0,0,0,0
19.593,19.593,934.7,934.7
14.806,14.806,706.32,706.32
0,0,0,0
0,0,0,0
0,0,0,0
0,0,0,0
36.536,36.536,1675.6,1675.6
52.569,52.569,2410.9,2410.9
3.8187,3.8187,175.13,175.13
0,0,0,0
0,0,0,0
0,0,0,0
0,0,0,0
0,0,0,0
0,0,0,0
0,0,0,0
0,0,0,0
0,0,0,0
0,0,0,0
0,0,0,0
0,0,0,0
0,0,0,0
0,0,0,0
0,0,0,0
0,0,0,0
0,0,0,0
0,0,0,0
0,0,0,0
0,0,0,0
0,0,0,0
0,0,0,0
0,0,0,0
0,0,0,0
0,0,0,0
0,0,0,0
0,0,0,0
0,0,0,0
0,0,0,0
0,0,0,0
0,0,0,0
0,0,0,0
0,0,0,0
0,0,0,0
0,0,0,0
0,0,0,0
0,0,0,0
0,0,0,0
0,0,0,0
0,0,0,0
0,0,0,0
0,0,0,0
0,0,0,0
0,0,0,0
0,0,0,0
0,0,0,0
0,0,0,0
0,0,0,0
0,0,0,0
0,0,0,0
0,0,0,0
0,0,0,0
0,0,0,0
0,0,0,0
0,0,0,0
0,0,0,0
0,0,0,0
0,0,0,0
0,0,0,0
0,0,0,0
0,0,0,0
0,0,0,0
0,0,0,0
0,0,0,0
0,0,0,0
0,0,0,0
0,0,0,0
0,0,0,0
0,0,0,0
0,0,0,0
0,0,0,0
0,0,0,0
0,0,0,0
0,0,0,0
0,0,0,0
0,0,0,0
0,0,0,0
0,0,0,0
0,0,0,0
0,0,0,0
0,0,0,0
0,0,0,0
0,0,0,0
0,0,0,0
0,0,0,0
0,0,0,0
0,0,0,0
0,0,0,0
0,0,0,0
0,0,0,0
0,0,0,0
0,0,0,0
0,0,0,0
0,0,0,0
0,0,0,0
0,0,0,0
0,0,0,0
0,0,0,0
0,0,0,0
0,0,0,0
0,0,0,0
0,0,0,0
0,0,0,0
0,0,0,0
0,0,0,0
0,0,0,0
0,0,0,0
0,0,0,0
0,0,0,0
0,0,0,0
0,0,0,0
0,0,0,0
0,0,0,0
0,0,0,0
0,0,0,0
0,0,0,0
0,0,0,0
0,0,0,0
0,0,0,0
0,0,0,0
0,0,0,0
0,0,0,0
0,0,0,0
0,0,0,0
0,0,0,0
0,0,0,0
0,0,0,0
0,0,0,0
0,0,0,0
0,0,0,0
0,0,0,0
0,0,0,0
0,0,0,0
0,0,0,0
0,0,0,0
0,0,0,0
0,0,0,0
0,0,0,0
0,0,0,0
0,0,0,0
0,0,0,0
0,0,0,0
0,0,0,0
0,0,0,0
0,0,0,0
0,0,0,0
0,0,0,0
0,0,0,0
0,0,0,0
0,0,0,0
0,0,0,0
0,0,0,0
0,0,0,0
0,0,0,0
0,0,0,0
0,0,0,0
0,0,0,0
0,0,0,0
0,0,0,0
0,0,0,0
0,0,0,0
0,0,0,0
0,0,0,0
0,0,0,0
0,0,0,0
0,0,0,0
0,0,0,0
0,0,0,0
0,0,0,0
0,0,0,0
0,0,0,0
0,0,0,0
0,0,0,0
0,0,0,0
0,0,0,0
13.99,13.99,667.41,667.41
10.572,10.572,504.34,504.34
0,0,0,0
0,0,0,0
0,0,0,0
0,0,0,0
29.236,29.236,1340.8,1340.8
42.066,42.066,1929.2,1929.2
3.0557,3.0557,140.14,140.14
0,0,0,0
0,0,0,0
0,0,0,0
0,0,0,0
0,0,0,0
0,0,0,0
0,0,0,0
0,0,0,0
0,0,0,0
0,0,0,0
0,0,0,0
0,0,0,0
0,0,0,0
0,0,0,0
0,0,0,0
0,0,0,0
0,0,0,0
0,0,0,0
0,0,0,0
0,0,0,0
0,0,0,0
0,0,0,0
0,0,0,0
0,0,0,0
0,0,0,0
0,0,0,0
0,0,0,0
0,0,0,0
0,0,0,0
0,0,0,0
0,0,0,0
0,0,0,0
0,0,0,0
0,0,0,0
0,0,0,0
0,0,0,0
0,0,0,0
0,0,0,0
0,0,0,0
0,0,0,0
0,0,0,0
0,0,0,0
0,0,0,0
0,0,0,0
0,0,0,0
0,0,0,0
0,0,0,0
0,0,0,0
0,0,0,0
0,0,0,0
0,0,0,0
0,0,0,0
0,0,0,0
0,0,0,0
0,0,0,0
0,0,0,0
0,0,0,0
0,0,0,0
0,0,0,0
0,0,0,0
0,0,0,0
0,0,0,0
0,0,0,0
0,0,0,0
0,0,0,0
0,0,0,0
0,0,0,0
0,0,0,0
0,0,0,0
0,0,0,0
0,0,0,0
0,0,0,0
0,0,0,0
0,0,0,0
0,0,0,0
0,0,0,0
0,0,0,0
0,0,0,0
0,0,0,0
0,0,0,0
0,0,0,0
0,0,0,0
0,0,0,0
0,0,0,0
0,0,0,0
0,0,0,0
0,0,0,0
0,0,0,0
0,0,0,0
0,0,0,0
0,0,0,0
0,0,0,0
0,0,0,0
0,0,0,0
0,0,0,0
0,0,0,0
0,0,0,0
0,0,0,0
0,0,0,0
0,0,0,0
0,0,0,0
0,0,0,0
0,0,0,0
0,0,0,0
0,0,0,0
0,0,0,0
0,0,0,0
0,0,0,0
0,0,0,0
0,0,0,0
0,0,0,0
0,0,0,0
0,0,0,0
0,0,0,0
0,0,0,0
0,0,0,0
0,0,0,0
0,0,0,0
0,0,0,0
0,0,0,0
0,0,0,0
0,0,0,0
0,0,0,0
0,0,0,0
0,0,0,0
0,0,0,0
0,0,0,0
0,0,0,0
0,0,0,0
0,0,0,0
0,0,0,0
0,0,0,0
0,0,0,0
0,0,0,0
0,0,0,0
0,0,0,0
0,0,0,0
0,0,0,0
0,0,0,0
0,0,0,0
0,0,0,0
0,0,0,0
0,0,0,0
0,0,0,0
0,0,0,0
0,0,0,0
0,0,0,0
0,0,0,0
0,0,0,0
0,0,0,0
0,0,0,0
0,0,0,0
0,0,0,0
0,0,0,0
0,0,0,0
0,0,0,0
0,0,0,0
0,0,0,0
0,0,0,0
0,0,0,0
0,0,0,0
0,0,0,0
0,0,0,0
0,0,0,0
0,0,0,0
0,0,0,0
0,0,0,0
0,0,0,0
0,0,0,0
0,0,0,0
0,0,0,0
0,0,0,0
0,0,0,0
0,0,0,0
0,0,0,0
9.679,9.679,461.75,461.75
7.3141,7.3141,348.93,348.93
0,0,0,0
0,0,0,0
0,0,0,0
0,0,0,0
22.668,22.668,1039.6,1039.6
32.616,32.616,1495.8,1495.8
2.3693,2.3693,108.66,108.66
0,0,0,0
0,0,0,0
0,0,0,0
0,0,0,0
0,0,0,0
0,0,0,0
0,0,0,0
0,0,0,0
0,0,0,0
0,0,0,0
0,0,0,0
0,0,0,0
0,0,0,0
0,0,0,0
0,0,0,0
0,0,0,0
0,0,0,0
0,0,0,0
0,0,0,0
0,0,0,0
0,0,0,0
0,0,0,0
0,0,0,0
0,0,0,0
0,0,0,0
0,0,0,0
0,0,0,0
0,0,0,0
0,0,0,0
0,0,0,0
0,0,0,0
0,0,0,0
0,0,0,0
0,0,0,0
0,0,0,0
0,0,0,0
0,0,0,0
0,0,0,0
0,0,0,0
0,0,0,0
0,0,0,0
0,0,0,0
0,0,0,0
0,0,0,0
0,0,0,0
0,0,0,0
0,0,0,0
0,0,0,0
0,0,0,0
0,0,0,0
0,0,0,0
0,0,0,0
0,0,0,0
0,0,0,0
0,0,0,0
0,0,0,0
0,0,0,0
0,0,0,0
0,0,0,0
0,0,0,0
0,0,0,0
0,0,0,0
0,0,0,0
0,0,0,0
0,0,0,0
0,0,0,0
0,0,0,0
0,0,0,0
0,0,0,0
0,0,0,0
0,0,0,0
0,0,0,0
0,0,0,0
0,0,0,0
0,0,0,0
0,0,0,0
0,0,0,0
0,0,0,0
0,0,0,0
0,0,0,0
0,0,0,0
0,0,0,0
0,0,0,0
0,0,0,0
0,0,0,0
0,0,0,0
0,0,0,0
0,0,0,0
0,0,0,0
0,0,0,0
0,0,0,0
0,0,0,0
0,0,0,0
0,0,0,0
0,0,0,0
0,0,0,0
0,0,0,0
0,0,0,0
0,0,0,0
0,0,0,0
0,0,0,0
0,0,0,0
0,0,0,0
0,0,0,0
0,0,0,0
0,0,0,0
0,0,0,0
0,0,0,0
0,0,0,0
0,0,0,0
0,0,0,0
0,0,0,0
0,0,0,0
0,0,0,0
0,0,0,0
0,0,0,0
0,0,0,0
0,0,0,0
0,0,0,0
0,0,0,0
0,0,0,0
0,0,0,0
0,0,0,0
0,0,0,0
0,0,0,0
0,0,0,0
0,0,0,0
0,0,0,0
0,0,0,0
0,0,0,0
0,0,0,0
0,0,0,0
0,0,0,0
0,0,0,0
0,0,0,0
0,0,0,0
0,0,0,0
0,0,0,0
0,0,0,0
0,0,0,0
0,0,0,0
0,0,0,0
0,0,0,0
0,0,0,0
0,0,0,0
0,0,0,0
0,0,0,0
0,0,0,0
0,0,0,0
0,0,0,0
0,0,0,0
0,0,0,0
0,0,0,0
0,0,0,0
0,0,0,0
0,0,0,0
0,0,0,0
0,0,0,0
0,0,0,0
0,0,0,0
0,0,0,0
0,0,0,0
0,0,0,0
0,0,0,0
0,0,0,0
0,0,0,0
0,0,0,0
0,0,0,0
0,0,0,0
0,0,0,0
0,0,0,0
0,0,0,0
0,0,0,0
0,0,0,0
0,0,0,0
6.4887,6.4887,309.55,309.55
4.9033,4.9033,233.92,233.92
0,0,0,0
0,0,0,0
0,0,0,0
0,0,0,0
17.03,17.03,781.05,781.05
24.504,24.504,1123.8,1123.8
1.78,1.78,81.634,81.634
0,0,0,0
0,0,0,0
0,0,0,0
0,0,0,0
0,0,0,0
0,0,0,0
0,0,0,0
0,0,0,0
0,0,0,0
0,0,0,0
0,0,0,0
0,0,0,0
0,0,0,0
0,0,0,0
0,0,0,0
0,0,0,0
0,0,0,0
0,0,0,0
0,0,0,0
0,0,0,0
0,0,0,0
0,0,0,0
0,0,0,0
0,0,0,0
0,0,0,0
0,0,0,0
0,0,0,0
0,0,0,0
0,0,0,0
0,0,0,0
0,0,0,0
0,0,0,0
0,0,0,0
0,0,0,0
0,0,0,0
0,0,0,0
0,0,0,0
0,0,0,0
0,0,0,0
0,0,0,0
0,0,0,0
0,0,0,0
0,0,0,0
0,0,0,0
0,0,0,0
0,0,0,0
0,0,0,0
0,0,0,0
0,0,0,0
0,0,0,0
0,0,0,0
0,0,0,0
0,0,0,0
0,0,0,0
0,0,0,0
0,0,0,0
0,0,0,0
0,0,0,0
0,0,0,0
0,0,0,0
0,0,0,0
0,0,0,0
0,0,0,0
0,0,0,0
0,0,0,0
0,0,0,0
0,0,0,0
0,0,0,0
0,0,0,0
0,0,0,0
0,0,0,0
0,0,0,0
0,0,0,0
0,0,0,0
0,0,0,0
0,0,0,0
0,0,0,0
0,0,0,0
0,0,0,0
0,0,0,0
0,0,0,0
0,0,0,0
0,0,0,0
0,0,0,0
0,0,0,0
0,0,0,0
0,0,0,0
0,0,0,0
0,0,0,0
0,0,0,0
0,0,0,0
0,0,0,0
0,0,0,0
0,0,0,0
0,0,0,0
0,0,0,0
0,0,0,0
0,0,0,0
0,0,0,0
0,0,0,0
0,0,0,0
0,0,0,0
0,0,0,0
0,0,0,0
0,0,0,0
0,0,0,0
0,0,0,0
0,0,0,0
0,0,0,0
0,0,0,0
0,0,0,0
0,0,0,0
0,0,0,0
0,0,0,0
0,0,0,0
0,0,0,0
0,0,0,0
0,0,0,0
0,0,0,0
0,0,0,0
0,0,0,0
0,0,0,0
0,0,0,0
0,0,0,0
0,0,0,0
0,0,0,0
0,0,0,0
0,0,0,0
0,0,0,0
0,0,0,0
0,0,0,0
0,0,0,0
0,0,0,0
0,0,0,0
0,0,0,0
0,0,0,0
0,0,0,0
0,0,0,0
0,0,0,0
0,0,0,0
0,0,0,0
0,0,0,0
0,0,0,0
0,0,0,0
0,0,0,0
0,0,0,0
0,0,0,0
0,0,0,0
0,0,0,0
0,0,0,0
0,0,0,0
0,0,0,0
0,0,0,0
0,0,0,0
0,0,0,0
0,0,0,0
0,0,0,0
0,0,0,0
0,0,0,0
0,0,0,0
0,0,0,0
0,0,0,0
0,0,0,0
0,0,0,0
0,0,0,0
0,0,0,0
0,0,0,0
0,0,0,0
0,0,0,0
0,0,0,0
0,0,0,0
0,0,0,0
0,0,0,0
0,0,0,0
0,0,0,0
4.2148,4.2148,201.08,201.08
3.185,3.185,151.95,151.95
0,0,0,0
0,0,0,0
0,0,0,0
0,0,0,0
12.397,12.397,568.57,568.57
17.838,17.838,818.08,818.08
0,0,0,0
0,0,0,0
0,0,0,0
0,0,0,0
0,0,0,0
0,0,0,0
0,0,0,0
0,0,0,0
0,0,0,0
0,0,0,0
0,0,0,0
0,0,0,0
0,0,0,0
0,0,0,0
0,0,0,0
0,0,0,0
0,0,0,0
0,0,0,0
0,0,0,0
0,0,0,0
0,0,0,0
0,0,0,0
0,0,0,0
0,0,0,0
0,0,0,0
0,0,0,0
0,0,0,0
0,0,0,0
0,0,0,0
0,0,0,0
0,0,0,0
0,0,0,0
0,0,0,0
0,0,0,0
0,0,0,0
0,0,0,0
0,0,0,0
0,0,0,0
0,0,0,0
0,0,0,0
0,0,0,0
0,0,0,0
0,0,0,0
0,0,0,0
0,0,0,0
0,0,0,0
0,0,0,0
0,0,0,0
0,0,0,0
0,0,0,0
0,0,0,0
0,0,0,0
0,0,0,0
0,0,0,0
0,0,0,0
0,0,0,0
0,0,0,0
0,0,0,0
0,0,0,0
0,0,0,0
0,0,0,0
0,0,0,0
0,0,0,0
0,0,0,0
0,0,0,0
0,0,0,0
0,0,0,0
0,0,0,0
0,0,0,0
0,0,0,0
0,0,0,0
0,0,0,0
0,0,0,0
0,0,0,0
0,0,0,0
0,0,0,0
0,0,0,0
0,0,0,0
0,0,0,0
0,0,0,0
0,0,0,0
0,0,0,0
0,0,0,0
0,0,0,0
0,0,0,0
0,0,0,0
0,0,0,0
0,0,0,0
0,0,0,0
0,0,0,0
0,0,0,0
0,0,0,0
0,0,0,0
0,0,0,0
0,0,0,0
0,0,0,0
0,0,0,0
0,0,0,0
0,0,0,0
0,0,0,0
0,0,0,0
0,0,0,0
0,0,0,0
0,0,0,0
0,0,0,0
0,0,0,0
0,0,0,0
0,0,0,0
0,0,0,0
0,0,0,0
0,0,0,0
0,0,0,0
0,0,0,0
0,0,0,0
0,0,0,0
0,0,0,0
0,0,0,0
0,0,0,0
0,0,0,0
0,0,0,0
0,0,0,0
0,0,0,0
0,0,0,0
0,0,0,0
0,0,0,0
0,0,0,0
0,0,0,0
0,0,0,0
0,0,0,0
0,0,0,0
0,0,0,0
0,0,0,0
0,0,0,0
0,0,0,0
0,0,0,0
0,0,0,0
0,0,0,0
0,0,0,0
0,0,0,0
0,0,0,0
0,0,0,0
0,0,0,0
0,0,0,0
0,0,0,0
0,0,0,0
0,0,0,0
0,0,0,0
0,0,0,0
0,0,0,0
0,0,0,0
0,0,0,0
0,0,0,0
0,0,0,0
0,0,0,0
0,0,0,0
0,0,0,0
0,0,0,0
0,0,0,0
0,0,0,0
0,0,0,0
0,0,0,0
0,0,0,0
0,0,0,0
0,0,0,0
0,0,0,0
0,0,0,0
0,0,0,0
0,0,0,0
0,0,0,0
0,0,0,0
0,0,0,0
0,0,0,0
0,0,0,0
0,0,0,0
0,0,0,0
0,0,0,0
0,0,0,0
0,0,0,0
0,0,0,0
0,0,0,0
0,0,0,0
0,0,0,0
0,0,0,0
0,0,0,0
0,0,0,0
0,0,0,0
0,0,0,0
0,0,0,0
0,0,0,0
0,0,0,0
0,0,0,0
0,0,0,0
0,0,0,0
0,0,0,0
0,0,0,0
0,0,0,0
0,0,0,0
0,0,0,0
0,0,0,0
0,0,0,0
0,0,0,0
0,0,0,0
0,0,0,0
0,0,0,0
0,0,0,0
0,0,0,0
0,0,0,0
0,0,0,0
0,0,0,0
0,0,0,0
0,0,0,0
0,0,0,0
0,0,0,0
0,0,0,0
0,0,0,0
0,0,0,0
0,0,0,0
0,0,0,0
0,0,0,0
0,0,0,0
0,0,0,0
0,0,0,0
0,0,0,0
0,0,0,0
0,0,0,0
0,0,0,0
0,0,0,0
0,0,0,0
0,0,0,0
0,0,0,0
0,0,0,0
0,0,0,0
0,0,0,0
0,0,0,0
0,0,0,0
0,0,0,0
0,0,0,0
0,0,0,0
0,0,0,0
0,0,0,0
0,0,0,0
0,0,0,0
0,0,0,0
0,0,0,0
0,0,0,0
0,0,0,0
0,0,0,0
0,0,0,0
0,0,0,0
0,0,0,0
0,0,0,0
0,0,0,0
0,0,0,0
0,0,0,0
0,0,0,0
0,0,0,0
0,0,0,0
0,0,0,0
0,0,0,0
0,0,0,0
0,0,0,0
0,0,0,0
0,0,0,0
0,0,0,0
0,0,0,0
0,0,0,0
0,0,0,0
0,0,0,0
0,0,0,0
0,0,0,0
0,0,0,0
0,0,0,0
0,0,0,0
0,0,0,0
0,0,0,0
0,0,0,0
0,0,0,0
0,0,0,0
0,0,0,0
0,0,0,0
0,0,0,0
0,0,0,0
0,0,0,0
0,0,0,0
0,0,0,0
0,0,0,0
0,0,0,0
0,0,0,0
0,0,0,0
0,0,0,0
0,0,0,0
0,0,0,0
0,0,0,0
0,0,0,0
0,0,0,0
0,0,0,0
0,0,0,0
0,0,0,0
0,0,0,0
0,0,0,0
0,0,0,0
0,0,0,0
0,0,0,0
0,0,0,0
0,0,0,0
0,0,0,0
0,0,0,0
0,0,0,0
0,0,0,0
0,0,0,0
0,0,0,0
0,0,0,0
0,0,0,0
0,0,0,0
0,0,0,0
0,0,0,0
0,0,0,0
0,0,0,0
0,0,0,0
0,0,0,0
0,0,0,0
0,0,0,0
0,0,0,0
0,0,0,0
0,0,0,0
0,0,0,0
0,0,0,0
0,0,0,0
0,0,0,0
0,0,0,0
0,0,0,0
0,0,0,0
0,0,0,0
0,0,0,0
0,0,0,0
0,0,0,0
0,0,0,0
0,0,0,0
0,0,0,0
0,0,0,0
0,0,0,0
0,0,0,0
0,0,0,0
0,0,0,0
0,0,0,0
0,0,0,0
0,0,0,0
0,0,0,0
0,0,0,0
0,0,0,0
0,0,0,0
0,0,0,0
0,0,0,0
0,0,0,0
0,0,0,0
0,0,0,0
0,0,0,0
0,0,0,0
0,0,0,0
0,0,0,0
0,0,0,0
0,0,0,0
0,0,0,0
0,0,0,0
0,0,0,0
0,0,0,0
0,0,0,0
0,0,0,0
0,0,0,0
0,0,0,0
0,0,0,0
0,0,0,0
0,0,0,0
0,0,0,0
0,0,0,0
0,0,0,0
0,0,0,0
0,0,0,0
0,0,0,0
0,0,0,0
0,0,0,0
0,0,0,0
0,0,0,0
0,0,0,0
0,0,0,0
0,0,0,0
0,0,0,0
0,0,0,0
0,0,0,0
0,0,0,0
0,0,0,0
0,0,0,0
0,0,0,0
0,0,0,0
0,0,0,0
0,0,0,0
0,0,0,0
0,0,0,0
0,0,0,0
0,0,0,0
0,0,0,0
0,0,0,0
0,0,0,0
0,0,0,0
0,0,0,0
0,0,0,0
0,0,0,0
0,0,0,0
0,0,0,0
0,0,0,0
0,0,0,0
0,0,0,0
0,0,0,0
0,0,0,0
0,0,0,0
0,0,0,0
0,0,0,0
0,0,0,0
0,0,0,0
0,0,0,0
0,0,0,0
0,0,0,0
0,0,0,0
0,0,0,0
0,0,0,0
0,0,0,0
0,0,0,0
0,0,0,0
0,0,0,0
0,0,0,0
0,0,0,0
0,0,0,0
0,0,0,0
0,0,0,0
0,0,0,0
0,0,0,0
0,0,0,0
0,0,0,0
0,0,0,0
0,0,0,0
0,0,0,0
0,0,0,0
0,0,0,0
0,0,0,0
0,0,0,0
0,0,0,0
0,0,0,0
0,0,0,0
0,0,0,0
0,0,0,0
0,0,0,0
0,0,0,0
0,0,0,0
0,0,0,0
0,0,0,0
0,0,0,0
0,0,0,0
0,0,0,0
0,0,0,0
0,0,0,0
0,0,0,0
0,0,0,0
0,0,0,0
0,0,0,0
0,0,0,0
0,0,0,0
0,0,0,0
0,0,0,0
0,0,0,0
0,0,0,0
0,0,0,0
0,0,0,0
0,0,0,0
0,0,0,0
0,0,0,0
0,0,0,0
0,0,0,0
0,0,0,0
0,0,0,0
0,0,0,0
0,0,0,0
0,0,0,0
0,0,0,0
0,0,0,0
0,0,0,0
0,0,0,0
0,0,0,0
0,0,0,0
0,0,0,0
0,0,0,0
0,0,0,0
0,0,0,0
0,0,0,0
0,0,0,0
0,0,0,0
0,0,0,0
0,0,0,0
0,0,0,0
0,0,0,0
0,0,0,0
0,0,0,0
0,0,0,0
0,0,0,0
0,0,0,0
0,0,0,0
0,0,0,0
0,0,0,0
0,0,0,0
0,0,0,0
0,0,0,0
0,0,0,0
0,0,0,0
0,0,0,0
0,0,0,0
0,0,0,0
0,0,0,0
0,0,0,0
0,0,0,0
0,0,0,0
0,0,0,0
0,0,0,0
0,0,0,0
0,0,0,0
0,0,0,0
0,0,0,0
0,0,0,0
0,0,0,0
0,0,0,0
0,0,0,0
0,0,0,0
0,0,0,0
0,0,0,0
0,0,0,0
0,0,0,0
0,0,0,0
0,0,0,0
0,0,0,0
0,0,0,0
0,0,0,0
0,0,0,0
0,0,0,0
0,0,0,0
0,0,0,0
0,0,0,0
0,0,0,0
0,0,0,0
0,0,0,0
0,0,0,0
0,0,0,0
0,0,0,0
0,0,0,0
0,0,0,0
0,0,0,0
0,0,0,0
0,0,0,0
0,0,0,0
0,0,0,0
0,0,0,0
0,0,0,0
0,0,0,0
0,0,0,0
0,0,0,0
0,0,0,0
0,0,0,0
0,0,0,0
0,0,0,0
0,0,0,0
0,0,0,0
0,0,0,0
0,0,0,0
0,0,0,0
0,0,0,0
0,0,0,0
0,0,0,0
0,0,0,0
0,0,0,0
0,0,0,0
0,0,0,0
0,0,0,0
0,0,0,0
0,0,0,0
0,0,0,0
0,0,0,0
0,0,0,0
0,0,0,0
0,0,0,0
0,0,0,0
0,0,0,0
0,0,0,0
0,0,0,0
0,0,0,0
0,0,0,0
0,0,0,0
0,0,0,0
0,0,0,0
0,0,0,0
0,0,0,0
0,0,0,0
0,0,0,0
0,0,0,0
0,0,0,0
0,0,0,0
0,0,0,0
0,0,0,0
0,0,0,0
0,0,0,0
0,0,0,0
0,0,0,0
0,0,0,0
0,0,0,0
0,0,0,0
0,0,0,0
0,0,0,0
0,0,0,0
0,0,0,0
0,0,0,0
0,0,0,0
0,0,0,0
0,0,0,0
0,0,0,0
0,0,0,0
0,0,0,0
0,0,0,0
0,0,0,0
0,0,0,0
0,0,0,0
0,0,0,0
0,0,0,0
0,0,0,0
0,0,0,0
0,0,0,0
0,0,0,0
0,0,0,0
0,0,0,0
0,0,0,0
0,0,0,0
0,0,0,0
0,0,0,0
0,0,0,0
0,0,0,0
0,0,0,0
0,0,0,0
0,0,0,0
0,0,0,0
0,0,0,0
0,0,0,0
0,0,0,0
0,0,0,0
0,0,0,0
0,0,0,0
0,0,0,0
0,0,0,0
0,0,0,0
0,0,0,0
0,0,0,0
0,0,0,0
0,0,0,0
0,0,0,0
0,0,0,0
0,0,0,0
0,0,0,0
0,0,0,0
0,0,0,0
0,0,0,0
0,0,0,0
0,0,0,0
0,0,0,0
0,0,0,0
0,0,0,0
0,0,0,0
0,0,0,0
0,0,0,0
0,0,0,0
0,0,0,0
0,0,0,0
0,0,0,0
0,0,0,0
0,0,0,0
0,0,0,0
0,0,0,0
0,0,0,0
0,0,0,0
0,0,0,0
0,0,0,0
0,0,0,0
0,0,0,0
0,0,0,0
0,0,0,0
0,0,0,0
0,0,0,0
0,0,0,0
0,0,0,0
0,0,0,0
0,0,0,0
0,0,0,0
0,0,0,0
0,0,0,0
0,0,0,0
0,0,0,0
0,0,0,0
0,0,0,0
0,0,0,0
0,0,0,0
0,0,0,0
0,0,0,0
0,0,0,0
0,0,0,0
0,0,0,0
0,0,0,0
0,0,0,0
0,0,0,0
0,0,0,0
0,0,0,0
0,0,0,0
0,0,0,0
0,0,0,0
0,0,0,0
0,0,0,0
0,0,0,0
0,0,0,0
0,0,0,0
0,0,0,0
0,0,0,0
0,0,0,0
0,0,0,0
0,0,0,0
0,0,0,0
0,0,0,0
0,0,0,0
0,0,0,0
0,0,0,0
0,0,0,0
0,0,0,0
0,0,0,0
0,0,0,0
0,0,0,0
0,0,0,0
0,0,0,0
0,0,0,0
0,0,0,0
0,0,0,0
0,0,0,0
0,0,0,0
0,0,0,0
0,0,0,0
0,0,0,0
0,0,0,0
0,0,0,0
0,0,0,0
0,0,0,0
0,0,0,0
0,0,0,0
0,0,0,0
0,0,0,0
0,0,0,0
0,0,0,0
0,0,0,0
0,0,0,0
0,0,0,0
0,0,0,0
0,0,0,0
0,0,0,0
0,0,0,0
0,0,0,0
0,0,0,0
0,0,0,0
0,0,0,0
0,0,0,0
0,0,0,0
0,0,0,0
0,0,0,0
0,0,0,0
0,0,0,0
0,0,0,0
0,0,0,0
0,0,0,0
0,0,0,0
0,0,0,0
0,0,0,0
0,0,0,0
0,0,0,0
0,0,0,0
0,0,0,0
0,0,0,0
0,0,0,0
0,0,0,0
0,0,0,0
0,0,0,0
0,0,0,0
0,0,0,0
0,0,0,0
0,0,0,0
0,0,0,0
0,0,0,0
0,0,0,0
0,0,0,0
0,0,0,0
0,0,0,0
0,0,0,0
0,0,0,0
0,0,0,0
0,0,0,0
0,0,0,0
0,0,0,0
0,0,0,0
0,0,0,0
0,0,0,0
0,0,0,0
0,0,0,0
0,0,0,0
0,0,0,0
0,0,0,0
0,0,0,0
0,0,0,0
0,0,0,0
0,0,0,0
0,0,0,0
0,0,0,0
0,0,0,0
0,0,0,0
0,0,0,0
0,0,0,0
0,0,0,0
0,0,0,0
0,0,0,0
0,0,0,0
0,0,0,0
0,0,0,0
0,0,0,0
0,0,0,0
0,0,0,0
0,0,0,0
0,0,0,0
0,0,0,0
0,0,0,0
0,0,0,0
0,0,0,0
0,0,0,0
0,0,0,0
0,0,0,0
0,0,0,0
0,0,0,0
0,0,0,0
0,0,0,0
0,0,0,0
0,0,0,0
0,0,0,0
0,0,0,0
0,0,0,0
0,0,0,0
0,0,0,0
0,0,0,0
0,0,0,0
0,0,0,0
0,0,0,0
0,0,0,0
0,0,0,0
0,0,0,0
0,0,0,0
0,0,0,0
0,0,0,0
0,0,0,0
0,0,0,0
0,0,0,0
0,0,0,0
0,0,0,0
0,0,0,0
0,0,0,0
0,0,0,0
0,0,0,0
0,0,0,0
0,0,0,0
0,0,0,0
0,0,0,0
0,0,0,0
0,0,0,0
0,0,0,0
0,0,0,0
0,0,0,0
0,0,0,0
0,0,0,0
0,0,0,0
0,0,0,0
0,0,0,0
0,0,0,0
0,0,0,0
0,0,0,0
0,0,0,0
0,0,0,0
0,0,0,0
0,0,0,0
0,0,0,0
0,0,0,0
0,0,0,0
0,0,0,0
0,0,0,0
0,0,0,0
0,0,0,0
0,0,0,0
0,0,0,0
0,0,0,0
0,0,0,0
0,0,0,0
0,0,0,0
0,0,0,0
0,0,0,0
0,0,0,0
0,0,0,0
0,0,0,0
0,0,0,0
0,0,0,0
0,0,0,0
0,0,0,0
0,0,0,0
0,0,0,0
0,0,0,0
0,0,0,0
0,0,0,0
0,0,0,0
0,0,0,0
0,0,0,0
0,0,0,0
0,0,0,0
0,0,0,0
0,0,0,0
0,0,0,0
0,0,0,0
0,0,0,0
0,0,0,0
0,0,0,0
0,0,0,0
0,0,0,0
0,0,0,0
0,0,0,0
0,0,0,0
0,0,0,0
0,0,0,0
0,0,0,0
0,0,0,0
0,0,0,0
0,0,0,0
0,0,0,0
0,0,0,0
0,0,0,0
0,0,0,0
0,0,0,0
0,0,0,0
0,0,0,0
0,0,0,0
0,0,0,0
0,0,0,0
0,0,0,0
0,0,0,0
0,0,0,0
0,0,0,0
0,0,0,0
0,0,0,0
0,0,0,0
0,0,0,0
0,0,0,0
0,0,0,0
0,0,0,0
0,0,0,0
0,0,0,0
0,0,0,0
0,0,0,0
0,0,0,0
0,0,0,0
0,0,0,0
0,0,0,0
0,0,0,0
0,0,0,0
0,0,0,0
0,0,0,0
0,0,0,0
0,0,0,0
0,0,0,0
0,0,0,0
0,0,0,0
0,0,0,0
0,0,0,0
0,0,0,0
0,0,0,0
0,0,0,0
0,0,0,0
0,0,0,0
0,0,0,0
0,0,0,0
0,0,0,0
0,0,0,0
0,0,0,0
0,0,0,0
0,0,0,0
0,0,0,0
0,0,0,0
0,0,0,0
0,0,0,0
0,0,0,0
0,0,0,0
0,0,0,0
0,0,0,0
0,0,0,0
0,0,0,0
0,0,0,0
0,0,0,0
0,0,0,0
0,0,0,0
0,0,0,0
0,0,0,0
0,0,0,0
0,0,0,0
0,0,0,0
0,0,0,0
0,0,0,0
0,0,0,0
0,0,0,0
0,0,0,0
0,0,0,0
0,0,0,0
0,0,0,0
0,0,0,0
0,0,0,0
0,0,0,0
0,0,0,0
0,0,0,0
0,0,0,0
0,0,0,0
0,0,0,0
0,0,0,0
0,0,0,0
0,0,0,0
0,0,0,0
0,0,0,0
0,0,0,0
0,0,0,0
0,0,0,0
0,0,0,0
0,0,0,0
0,0,0,0
0,0,0,0
0,0,0,0
0,0,0,0
0,0,0,0
0,0,0,0
0,0,0,0
0,0,0,0
0,0,0,0
0,0,0,0
0,0,0,0
0,0,0,0
0,0,0,0
0,0,0,0
0,0,0,0
0,0,0,0
0,0,0,0
0,0,0,0
0,0,0,0
0,0,0,0
0,0,0,0
0,0,0,0
0,0,0,0
0,0,0,0
0,0,0,0
0,0,0,0
0,0,0,0
0,0,0,0
0,0,0,0
0,0,0,0
0,0,0,0
0,0,0,0
0,0,0,0
0,0,0,0
0,0,0,0
0,0,0,0
0,0,0,0
0,0,0,0
0,0,0,0
0,0,0,0
0,0,0,0
0,0,0,0
0,0,0,0
0,0,0,0
0,0,0,0
0,0,0,0
0,0,0,0
0,0,0,0
0,0,0,0
0,0,0,0
0,0,0,0
0,0,0,0
0,0,0,0
0,0,0,0
0,0,0,0
0,0,0,0
0,0,0,0
0,0,0,0
0,0,0,0
0,0,0,0
0,0,0,0
0,0,0,0
0,0,0,0
0,0,0,0
0,0,0,0
0,0,0,0
0,0,0,0
0,0,0,0
0,0,0,0
0,0,0,0
0,0,0,0
0,0,0,0
0,0,0,0
0,0,0,0
0,0,0,0
0,0,0,0
0,0,0,0
0,0,0,0
0,0,0,0
0,0,0,0
0,0,0,0
0,0,0,0
0,0,0,0
0,0,0,0
0,0,0,0
0,0,0,0
0,0,0,0
0,0,0,0
0,0,0,0
0,0,0,0
0,0,0,0
0,0,0,0
0,0,0,0
0,0,0,0
0,0,0,0
0,0,0,0
0,0,0,0
0,0,0,0
0,0,0,0
0,0,0,0
0,0,0,0
0,0,0,0
0,0,0,0
0,0,0,0
0,0,0,0
0,0,0,0
0,0,0,0
0,0,0,0
0,0,0,0
0,0,0,0
0,0,0,0
0,0,0,0
0,0,0,0
0,0,0,0
0,0,0,0
0,0,0,0
0,0,0,0
0,0,0,0
0,0,0,0
0,0,0,0
0,0,0,0
0,0,0,0
0,0,0,0
0,0,0,0
0,0,0,0
0,0,0,0
0,0,0,0
0,0,0,0
0,0,0,0
0,0,0,0
0,0,0,0
0,0,0,0
0,0,0,0
0,0,0,0
0,0,0,0
0,0,0,0
0,0,0,0
0,0,0,0
0,0,0,0
0,0,0,0
0,0,0,0
0,0,0,0
0,0,0,0
0,0,0,0
0,0,0,0
0,0,0,0
0,0,0,0
0,0,0,0
0,0,0,0
0,0,0,0
0,0,0,0
0,0,0,0
0,0,0,0
0,0,0,0
0,0,0,0
0,0,0,0
0,0,0,0
0,0,0,0
0,0,0,0
0,0,0,0
0,0,0,0
0,0,0,0
0,0,0,0
0,0,0,0
0,0,0,0
0,0,0,0
0,0,0,0
0,0,0,0
0,0,0,0
0,0,0,0
0,0,0,0
0,0,0,0
0,0,0,0
0,0,0,0
0,0,0,0
0,0,0,0
0,0,0,0
0,0,0,0
0,0,0,0
0,0,0,0
0,0,0,0
0,0,0,0
0,0,0,0
0,0,0,0
0,0,0,0
0,0,0,0
0,0,0,0
0,0,0,0
0,0,0,0
0,0,0,0
0,0,0,0
0,0,0,0
0,0,0,0
0,0,0,0
0,0,0,0
0,0,0,0
0,0,0,0
0,0,0,0
0,0,0,0
0,0,0,0
0,0,0,0
0,0,0,0
0,0,0,0
0,0,0,0
0,0,0,0
0,0,0,0
0,0,0,0
0,0,0,0
0,0,0,0
0,0,0,0
0,0,0,0
0,0,0,0
0,0,0,0
0,0,0,0
0,0,0,0
0,0,0,0
0,0,0,0
0,0,0,0
0,0,0,0
0,0,0,0
0,0,0,0
0,0,0,0
0,0,0,0
0,0,0,0
0,0,0,0
0,0,0,0
0,0,0,0
0,0,0,0
0,0,0,0
0,0,0,0
0,0,0,0
0,0,0,0
0,0,0,0
0,0,0,0
0,0,0,0
0,0,0,0
0,0,0,0
0,0,0,0
0,0,0,0
0,0,0,0
0,0,0,0
0,0,0,0
0,0,0,0
0,0,0,0
0,0,0,0
0,0,0,0
0,0,0,0
0,0,0,0
0,0,0,0
0,0,0,0
0,0,0,0
0,0,0,0
0,0,0,0
0,0,0,0
0,0,0,0
0,0,0,0
0,0,0,0
0,0,0,0
0,0,0,0
0,0,0,0
0,0,0,0
0,0,0,0
0,0,0,0
0,0,0,0
0,0,0,0
0,0,0,0
0,0,0,0
0,0,0,0
0,0,0,0
0,0,0,0
0,0,0,0
0,0,0,0
0,0,0,0
0,0,0,0
0,0,0,0
0,0,0,0
0,0,0,0
0,0,0,0
0,0,0,0
0,0,0,0
0,0,0,0
0,0,0,0
0,0,0,0
0,0,0,0
0,0,0,0
0,0,0,0
0,0,0,0
0,0,0,0
0,0,0,0
0,0,0,0
0,0,0,0
0,0,0,0
0,0,0,0
0,0,0,0
0,0,0,0
0,0,0,0
0,0,0,0
0,0,0,0
0,0,0,0
0,0,0,0
0,0,0,0
0,0,0,0
0,0,0,0
0,0,0,0
0,0,0,0
0,0,0,0
0,0,0,0
0,0,0,0
0,0,0,0
0,0,0,0
0,0,0,0
0,0,0,0
0,0,0,0
0,0,0,0
0,0,0,0
0,0,0,0
0,0,0,0
0,0,0,0
0,0,0,0
0,0,0,0
0,0,0,0
0,0,0,0
0,0,0,0
0,0,0,0
0,0,0,0
0,0,0,0
0,0,0,0
0,0,0,0
0,0,0,0
0,0,0,0
0,0,0,0
0,0,0,0
0,0,0,0
0,0,0,0
0,0,0,0
0,0,0,0
0,0,0,0
0,0,0,0
0,0,0,0
0,0,0,0
0,0,0,0
0,0,0,0
0,0,0,0
0,0,0,0
0,0,0,0
0,0,0,0
0,0,0,0
0,0,0,0
0,0,0,0
0,0,0,0
0,0,0,0
0,0,0,0
0,0,0,0
0,0,0,0
0,0,0,0
0,0,0,0
0,0,0,0
0,0,0,0
0,0,0,0
0,0,0,0
0,0,0,0
0,0,0,0
0,0,0,0
0,0,0,0
0,0,0,0
0,0,0,0
0,0,0,0
0,0,0,0
0,0,0,0
0,0,0,0
0,0,0,0
0,0,0,0
0,0,0,0
0,0,0,0
0,0,0,0
0,0,0,0
0,0,0,0
0,0,0,0
0,0,0,0
0,0,0,0
0,0,0,0
0,0,0,0
0,0,0,0
0,0,0,0
0,0,0,0
0,0,0,0
0,0,0,0
0,0,0,0
0,0,0,0
0,0,0,0
0,0,0,0
0,0,0,0
0,0,0,0
0,0,0,0
0,0,0,0
0,0,0,0
0,0,0,0
0,0,0,0
0,0,0,0
0,0,0,0
0,0,0,0
0,0,0,0
0,0,0,0
0,0,0,0
0,0,0,0
0,0,0,0
0,0,0,0
0,0,0,0
0,0,0,0
0,0,0,0
0,0,0,0
0,0,0,0
0,0,0,0
0,0,0,0
0,0,0,0
0,0,0,0
0,0,0,0
0,0,0,0
0,0,0,0
0,0,0,0
0,0,0,0
0,0,0,0
0,0,0,0
0,0,0,0
0,0,0,0
0,0,0,0
0,0,0,0
0,0,0,0
0,0,0,0
0,0,0,0
0,0,0,0
0,0,0,0
0,0,0,0
0,0,0,0
0,0,0,0
0,0,0,0
0,0,0,0
0,0,0,0
0,0,0,0
0,0,0,0
0,0,0,0
0,0,0,0
0,0,0,0
0,0,0,0
0,0,0,0
0,0,0,0
0,0,0,0
0,0,0,0
0,0,0,0
0,0,0,0
0,0,0,0
0,0,0,0
0,0,0,0
0,0,0,0
0,0,0,0
0,0,0,0
0,0,0,0
0,0,0,0
0,0,0,0
0,0,0,0
0,0,0,0
0,0,0,0
0,0,0,0
0,0,0,0
0,0,0,0
0,0,0,0
0,0,0,0
0,0,0,0
0,0,0,0
0,0,0,0
0,0,0,0
0,0,0,0
0,0,0,0
0,0,0,0
0,0,0,0
0,0,0,0
0,0,0,0
0,0,0,0
0,0,0,0
0,0,0,0
0,0,0,0
0,0,0,0
0,0,0,0
0,0,0,0
0,0,0,0
0,0,0,0
0,0,0,0
0,0,0,0
0,0,0,0
0,0,0,0
0,0,0,0
0,0,0,0
0,0,0,0
0,0,0,0
0,0,0,0
0,0,0,0
0,0,0,0
0,0,0,0
0,0,0,0
0,0,0,0
0,0,0,0
0,0,0,0
0,0,0,0
0,0,0,0
0,0,0,0
0,0,0,0
0,0,0,0
0,0,0,0
0,0,0,0
0,0,0,0
0,0,0,0
0,0,0,0
0,0,0,0
0,0,0,0
0,0,0,0
0,0,0,0
0,0,0,0
0,0,0,0
0,0,0,0
0,0,0,0
0,0,0,0
0,0,0,0
0,0,0,0
0,0,0,0
0,0,0,0
0,0,0,0
0,0,0,0
0,0,0,0
0,0,0,0
0,0,0,0
0,0,0,0
0,0,0,0
0,0,0,0
0,0,0,0
0,0,0,0
0,0,0,0
0,0,0,0
0,0,0,0
0,0,0,0
0,0,0,0
0,0,0,0
0,0,0,0
0,0,0,0
0,0,0,0
0,0,0,0
0,0,0,0
0,0,0,0
0,0,0,0
0,0,0,0
0,0,0,0
0,0,0,0
0,0,0,0
0,0,0,0
0,0,0,0
0,0,0,0
0,0,0,0
0,0,0,0
0,0,0,0
0,0,0,0
0,0,0,0
0,0,0,0
0,0,0,0
0,0,0,0
0,0,0,0
0,0,0,0
0,0,0,0
0,0,0,0
0,0,0,0
0,0,0,0
0,0,0,0
0,0,0,0
0,0,0,0
0,0,0,0
0,0,0,0
0,0,0,0
0,0,0,0
0,0,0,0
0,0,0,0
0,0,0,0
0,0,0,0
0,0,0,0
0,0,0,0
0,0,0,0
0,0,0,0
0,0,0,0
0,0,0,0
0,0,0,0
0,0,0,0
0,0,0,0
0,0,0,0
0,0,0,0
0,0,0,0
0,0,0,0
0,0,0,0
0,0,0,0
0,0,0,0
0,0,0,0
0,0,0,0
0,0,0,0
0,0,0,0
0,0,0,0
0,0,0,0
0,0,0,0
0,0,0,0
0,0,0,0
0,0,0,0
0,0,0,0
0,0,0,0
0,0,0,0
0,0,0,0
0,0,0,0
0,0,0,0
0,0,0,0
0,0,0,0
0,0,0,0
0,0,0,0
0,0,0,0
0,0,0,0
0,0,0,0
0,0,0,0
0,0,0,0
0,0,0,0
0,0,0,0
0,0,0,0
0,0,0,0
0,0,0,0
0,0,0,0
0,0,0,0
0,0,0,0
0,0,0,0
0,0,0,0
0,0,0,0
0,0,0,0
0,0,0,0
0,0,0,0
0,0,0,0
0,0,0,0
0,0,0,0
0,0,0,0
0,0,0,0
0,0,0,0
0,0,0,0
0,0,0,0
0,0,0,0
0,0,0,0
0,0,0,0
0,0,0,0
0,0,0,0
0,0,0,0
0,0,0,0
0,0,0,0
0,0,0,0
0,0,0,0
0,0,0,0
0,0,0,0
0,0,0,0
0,0,0,0
0,0,0,0
0,0,0,0
0,0,0,0
0,0,0,0
0,0,0,0
0,0,0,0
0,0,0,0
0,0,0,0
0,0,0,0
0,0,0,0
0,0,0,0
0,0,0,0
0,0,0,0
0,0,0,0
0,0,0,0
0,0,0,0
0,0,0,0
0,0,0,0
0,0,0,0
0,0,0,0
0,0,0,0
0,0,0,0
0,0,0,0
0,0,0,0
0,0,0,0
0,0,0,0
0,0,0,0
0,0,0,0
0,0,0,0
0,0,0,0
0,0,0,0
0,0,0,0
0,0,0,0
0,0,0,0
0,0,0,0
0,0,0,0
0,0,0,0
0,0,0,0
0,0,0,0
0,0,0,0
0,0,0,0
0,0,0,0
0,0,0,0
0,0,0,0
0,0,0,0
0,0,0,0
0,0,0,0
0,0,0,0
0,0,0,0
0,0,0,0
0,0,0,0
0,0,0,0
0,0,0,0
0,0,0,0
0,0,0,0
0,0,0,0
0,0,0,0
0,0,0,0
0,0,0,0
0,0,0,0
0,0,0,0
0,0,0,0
0,0,0,0
0,0,0,0
0,0,0,0
0,0,0,0
0,0,0,0
0,0,0,0
0,0,0,0
0,0,0,0
0,0,0,0
0,0,0,0
0,0,0,0
0,0,0,0
0,0,0,0
0,0,0,0
0,0,0,0
0,0,0,0
0,0,0,0
0,0,0,0
0,0,0,0
0,0,0,0
0,0,0,0
0,0,0,0
0,0,0,0
0,0,0,0
0,0,0,0
0,0,0,0
0,0,0,0
0,0,0,0
0,0,0,0
0,0,0,0
0,0,0,0
0,0,0,0
0,0,0,0
0,0,0,0
0,0,0,0
0,0,0,0
0,0,0,0
0,0,0,0
0,0,0,0
0,0,0,0
0,0,0,0
0,0,0,0
0,0,0,0
0,0,0,0
0,0,0,0
0,0,0,0
0,0,0,0
0,0,0,0
0,0,0,0
0,0,0,0
0,0,0,0
0,0,0,0
0,0,0,0
0,0,0,0
0,0,0,0
0,0,0,0
0,0,0,0
0,0,0,0
0,0,0,0
0,0,0,0
0,0,0,0
0,0,0,0
0,0,0,0
0,0,0,0
0,0,0,0
0,0,0,0
0,0,0,0
0,0,0,0
0,0,0,0
0,0,0,0
0,0,0,0
0,0,0,0
0,0,0,0
0,0,0,0
0,0,0,0
0,0,0,0
0,0,0,0
0,0,0,0
0,0,0,0
0,0,0,0
0,0,0,0
0,0,0,0
0,0,0,0
0,0,0,0
0,0,0,0
0,0,0,0
0,0,0,0
0,0,0,0
0,0,0,0
0,0,0,0
0,0,0,0
0,0,0,0
0,0,0,0
0,0,0,0
0,0,0,0
0,0,0,0
0,0,0,0
0,0,0,0
0,0,0,0
0,0,0,0
0,0,0,0
0,0,0,0
0,0,0,0
0,0,0,0
0,0,0,0
0,0,0,0
0,0,0,0
0,0,0,0
0,0,0,0
0,0,0,0
0,0,0,0
0,0,0,0
0,0,0,0
0,0,0,0
0,0,0,0
0,0,0,0
0,0,0,0
0,0,0,0
0,0,0,0
0,0,0,0
0,0,0,0
0,0,0,0
0,0,0,0
0,0,0,0
0,0,0,0
0,0,0,0
0,0,0,0
0,0,0,0
0,0,0,0
0,0,0,0
0,0,0,0
0,0,0,0
0,0,0,0
0,0,0,0
0,0,0,0
0,0,0,0
0,0,0,0
0,0,0,0
0,0,0,0
0,0,0,0
0,0,0,0
0,0,0,0
0,0,0,0
0,0,0,0
0,0,0,0
0,0,0,0
0,0,0,0
0,0,0,0
0,0,0,0
0,0,0,0
0,0,0,0
0,0,0,0
0,0,0,0
0,0,0,0
0,0,0,0
0,0,0,0
0,0,0,0
0,0,0,0
0,0,0,0
0,0,0,0
0,0,0,0
0,0,0,0
0,0,0,0
0,0,0,0
0,0,0,0
0,0,0,0
0,0,0,0
0,0,0,0
0,0,0,0
0,0,0,0
0,0,0,0
0,0,0,0
0,0,0,0
0,0,0,0
0,0,0,0
0,0,0,0
0,0,0,0
0,0,0,0
0,0,0,0
0,0,0,0
0,0,0,0
0,0,0,0
0,0,0,0
0,0,0,0
0,0,0,0
0,0,0,0
0,0,0,0
0,0,0,0
0,0,0,0
0,0,0,0
0,0,0,0
0,0,0,0
0,0,0,0
0,0,0,0
0,0,0,0
0,0,0,0
0,0,0,0
0,0,0,0
0,0,0,0
0,0,0,0
0,0,0,0
0,0,0,0
0,0,0,0
0,0,0,0
0,0,0,0
0,0,0,0
0,0,0,0
0,0,0,0
0,0,0,0
0,0,0,0
0,0,0,0
0,0,0,0
0,0,0,0
0,0,0,0
0,0,0,0
0,0,0,0
0,0,0,0
0,0,0,0
0,0,0,0
0,0,0,0
0,0,0,0
0,0,0,0
0,0,0,0
0,0,0,0
0,0,0,0
0,0,0,0
0,0,0,0
0,0,0,0
0,0,0,0
0,0,0,0
0,0,0,0
0,0,0,0
0,0,0,0
0,0,0,0
0,0,0,0
0,0,0,0
0,0,0,0
0,0,0,0
0,0,0,0
0,0,0,0
0,0,0,0
0,0,0,0
0,0,0,0
0,0,0,0
0,0,0,0
0,0,0,0
0,0,0,0
0,0,0,0
0,0,0,0
0,0,0,0
0,0,0,0
0,0,0,0
0,0,0,0
0,0,0,0
0,0,0,0
0,0,0,0
0,0,0,0
0,0,0,0
0,0,0,0
0,0,0,0
0,0,0,0
0,0,0,0
0,0,0,0
0,0,0,0
0,0,0,0
0,0,0,0
0,0,0,0
0,0,0,0
0,0,0,0
0,0,0,0
0,0,0,0
0,0,0,0
0,0,0,0
0,0,0,0
0,0,0,0
0,0,0,0
0,0,0,0
0,0,0,0
0,0,0,0
0,0,0,0
0,0,0,0
0,0,0,0
0,0,0,0
0,0,0,0
0,0,0,0
0,0,0,0
0,0,0,0
0,0,0,0
0,0,0,0
0,0,0,0
0,0,0,0
0,0,0,0
0,0,0,0
0,0,0,0
0,0,0,0
0,0,0,0
0,0,0,0
0,0,0,0
0,0,0,0
0,0,0,0
0,0,0,0
0,0,0,0
0,0,0,0
0,0,0,0
0,0,0,0
0,0,0,0
0,0,0,0
0,0,0,0
0,0,0,0
0,0,0,0
0,0,0,0
0,0,0,0
0,0,0,0
0,0,0,0
0,0,0,0
0,0,0,0
0,0,0,0
0,0,0,0
0,0,0,0
0,0,0,0
0,0,0,0
0,0,0,0
0,0,0,0
0,0,0,0
0,0,0,0
0,0,0,0
0,0,0,0
0,0,0,0
0,0,0,0
0,0,0,0
0,0,0,0
0,0,0,0
0,0,0,0
0,0,0,0
0,0,0,0
0,0,0,0
0,0,0,0
0,0,0,0
0,0,0,0
0,0,0,0
0,0,0,0
0,0,0,0
0,0,0,0
0,0,0,0
0,0,0,0
0,0,0,0
0,0,0,0
0,0,0,0
0,0,0,0
0,0,0,0
0,0,0,0
0,0,0,0
0,0,0,0
0,0,0,0
0,0,0,0
0,0,0,0
0,0,0,0
0,0,0,0
0,0,0,0
0,0,0,0
0,0,0,0
0,0,0,0
0,0,0,0
0,0,0,0
0,0,0,0
0,0,0,0
0,0,0,0
0,0,0,0
0,0,0,0
0,0,0,0
0,0,0,0
0,0,0,0
0,0,0,0
0,0,0,0
0,0,0,0
0,0,0,0
0,0,0,0
0,0,0,0
0,0,0,0
0,0,0,0
0,0,0,0
0,0,0,0
0,0,0,0
0,0,0,0
0,0,0,0
0,0,0,0
0,0,0,0
0,0,0,0
0,0,0,0
0,0,0,0
0,0,0,0
0,0,0,0
0,0,0,0
0,0,0,0
0,0,0,0
0,0,0,0
0,0,0,0
0,0,0,0
0,0,0,0
0,0,0,0
0,0,0,0
0,0,0,0
0,0,0,0
0,0,0,0
0,0,0,0
0,0,0,0
0,0,0,0
0,0,0,0
0,0,0,0
0,0,0,0
0,0,0,0
0,0,0,0
0,0,0,0
0,0,0,0
0,0,0,0
0,0,0,0
0,0,0,0
0,0,0,0
0,0,0,0
0,0,0,0
0,0,0,0
0,0,0,0
0,0,0,0
0,0,0,0
0,0,0,0
0,0,0,0
0,0,0,0
0,0,0,0
0,0,0,0
0,0,0,0
0,0,0,0
0,0,0,0
0,0,0,0
0,0,0,0
0,0,0,0
0,0,0,0
0,0,0,0
0,0,0,0
0,0,0,0
0,0,0,0
0,0,0,0
0,0,0,0
0,0,0,0
0,0,0,0
0,0,0,0
0,0,0,0
0,0,0,0
0,0,0,0
0,0,0,0
0,0,0,0
0,0,0,0
0,0,0,0
0,0,0,0
0,0,0,0
0,0,0,0
0,0,0,0
0,0,0,0
0,0,0,0
0,0,0,0
0,0,0,0
0,0,0,0
0,0,0,0
0,0,0,0
0,0,0,0
0,0,0,0
0,0,0,0
0,0,0,0
0,0,0,0
0,0,0,0
0,0,0,0
0,0,0,0
0,0,0,0
0,0,0,0
0,0,0,0
0,0,0,0
0,0,0,0
0,0,0,0
0,0,0,0
0,0,0,0
0,0,0,0
0,0,0,0
0,0,0,0
0,0,0,0
0,0,0,0
0,0,0,0
0,0,0,0
0,0,0,0
0,0,0,0
0,0,0,0
0,0,0,0
0,0,0,0
0,0,0,0
0,0,0,0
0,0,0,0
0,0,0,0
0,0,0,0
0,0,0,0
0,0,0,0
0,0,0,0
0,0,0,0
0,0,0,0
0,0,0,0
0,0,0,0
0,0,0,0
0,0,0,0
0,0,0,0
0,0,0,0
0,0,0,0
0,0,0,0
0,0,0,0
0,0,0,0
0,0,0,0
0,0,0,0
0,0,0,0
0,0,0,0
0,0,0,0
0,0,0,0
0,0,0,0
0,0,0,0
0,0,0,0
0,0,0,0
0,0,0,0
0,0,0,0
0,0,0,0
0,0,0,0
0,0,0,0
0,0,0,0
0,0,0,0
0,0,0,0
0,0,0,0
0,0,0,0
0,0,0,0
0,0,0,0
0,0,0,0
0,0,0,0
0,0,0,0
0,0,0,0
0,0,0,0
0,0,0,0
0,0,0,0
0,0,0,0
0,0,0,0
0,0,0,0
0,0,0,0
0,0,0,0
0,0,0,0
0,0,0,0
0,0,0,0
0,0,0,0
0,0,0,0
0,0,0,0
0,0,0,0
0,0,0,0
0,0,0,0
0,0,0,0
0,0,0,0
0,0,0,0
0,0,0,0
0,0,0,0
0,0,0,0
0,0,0,0
0,0,0,0
0,0,0,0
0,0,0,0
0,0,0,0
0,0,0,0
0,0,0,0
0,0,0,0
0,0,0,0
0,0,0,0
0,0,0,0
0,0,0,0
0,0,0,0
0,0,0,0
0,0,0,0
0,0,0,0
0,0,0,0
0,0,0,0
0,0,0,0
0,0,0,0
0,0,0,0
0,0,0,0
0,0,0,0
0,0,0,0
0,0,0,0
0,0,0,0
0,0,0,0
0,0,0,0
0,0,0,0
0,0,0,0
0,0,0,0
0,0,0,0
0,0,0,0
0,0,0,0
0,0,0,0
0,0,0,0
0,0,0,0
0,0,0,0
0,0,0,0
0,0,0,0
0,0,0,0
0,0,0,0
0,0,0,0
0,0,0,0
0,0,0,0
0,0,0,0
0,0,0,0
0,0,0,0
0,0,0,0
0,0,0,0
0,0,0,0
0,0,0,0
0,0,0,0
0,0,0,0
0,0,0,0
0,0,0,0
0,0,0,0
0,0,0,0
0,0,0,0
0,0,0,0
0,0,0,0
0,0,0,0
0,0,0,0
0,0,0,0
0,0,0,0
0,0,0,0
0,0,0,0
0,0,0,0
0,0,0,0
0,0,0,0
0,0,0,0
0,0,0,0
0,0,0,0
0,0,0,0
0,0,0,0
0,0,0,0
0,0,0,0
0,0,0,0
0,0,0,0
0,0,0,0
0,0,0,0
0,0,0,0
0,0,0,0
0,0,0,0
0,0,0,0
0,0,0,0
0,0,0,0
0,0,0,0
0,0,0,0
0,0,0,0
0,0,0,0
0,0,0,0
0,0,0,0
0,0,0,0
0,0,0,0
0,0,0,0
0,0,0,0
0,0,0,0
0,0,0,0
0,0,0,0
0,0,0,0
0,0,0,0
0,0,0,0
0,0,0,0
0,0,0,0
0,0,0,0
0,0,0,0
0,0,0,0
0,0,0,0
0,0,0,0
0,0,0,0
0,0,0,0
0,0,0,0
0,0,0,0
0,0,0,0
0,0,0,0
0,0,0,0
0,0,0,0
0,0,0,0
0,0,0,0
0,0,0,0
0,0,0,0
0,0,0,0
0,0,0,0
0,0,0,0
0,0,0,0
0,0,0,0
0,0,0,0
0,0,0,0
0,0,0,0
0,0,0,0
0,0,0,0
0,0,0,0
0,0,0,0
0,0,0,0
0,0,0,0
0,0,0,0
0,0,0,0
0,0,0,0
0,0,0,0
0,0,0,0
0,0,0,0
0,0,0,0
0,0,0,0
0,0,0,0
0,0,0,0
0,0,0,0
0,0,0,0
0,0,0,0
0,0,0,0
0,0,0,0
0,0,0,0
0,0,0,0
0,0,0,0
0,0,0,0
0,0,0,0
0,0,0,0
0,0,0,0
0,0,0,0
0,0,0,0
0,0,0,0
0,0,0,0
0,0,0,0
0,0,0,0
0,0,0,0
0,0,0,0
0,0,0,0
0,0,0,0
0,0,0,0
0,0,0,0
0,0,0,0
0,0,0,0
0,0,0,0
0,0,0,0
0,0,0,0
0,0,0,0
0,0,0,0
0,0,0,0
0,0,0,0
0,0,0,0
0,0,0,0
0,0,0,0
0,0,0,0
0,0,0,0
0,0,0,0
0,0,0,0
0,0,0,0
0,0,0,0
0,0,0,0
0,0,0,0
0,0,0,0
0,0,0,0
0,0,0,0
0,0,0,0
0,0,0,0
0,0,0,0
0,0,0,0
0,0,0,0
0,0,0,0
0,0,0,0
0,0,0,0
0,0,0,0
0,0,0,0
0,0,0,0
0,0,0,0
0,0,0,0
0,0,0,0
0,0,0,0
0,0,0,0
0,0,0,0
0,0,0,0
0,0,0,0
0,0,0,0
0,0,0,0
0,0,0,0
0,0,0,0
0,0,0,0
0,0,0,0
0,0,0,0
0,0,0,0
0,0,0,0
0,0,0,0
0,0,0,0
0,0,0,0
0,0,0,0
0,0,0,0
0,0,0,0
0,0,0,0
0,0,0,0
0,0,0,0
0,0,0,0
0,0,0,0
0,0,0,0
0,0,0,0
0,0,0,0
0,0,0,0
0,0,0,0
0,0,0,0
0,0,0,0
0,0,0,0
0,0,0,0
0,0,0,0
0,0,0,0
0,0,0,0
0,0,0,0
0,0,0,0
0,0,0,0
0,0,0,0
0,0,0,0
0,0,0,0
0,0,0,0
0,0,0,0
0,0,0,0
0,0,0,0
0,0,0,0
0,0,0,0
0,0,0,0
0,0,0,0
0,0,0,0
0,0,0,0
0,0,0,0
0,0,0,0
0,0,0,0
0,0,0,0
0,0,0,0
0,0,0,0
0,0,0,0
0,0,0,0
0,0,0,0
0,0,0,0
0,0,0,0
0,0,0,0
0,0,0,0
0,0,0,0
0,0,0,0
0,0,0,0
0,0,0,0
0,0,0,0
0,0,0,0
0,0,0,0
0,0,0,0
0,0,0,0
0,0,0,0
0,0,0,0
0,0,0,0
0,0,0,0
0,0,0,0
0,0,0,0
0,0,0,0
0,0,0,0
0,0,0,0
0,0,0,0
0,0,0,0
0,0,0,0
0,0,0,0
0,0,0,0
0,0,0,0
0,0,0,0
0,0,0,0
0,0,0,0
0,0,0,0
0,0,0,0
0,0,0,0
0,0,0,0
0,0,0,0
0,0,0,0
0,0,0,0
0,0,0,0
0,0,0,0
0,0,0,0
0,0,0,0
0,0,0,0
0,0,0,0
0,0,0,0
0,0,0,0
0,0,0,0
0,0,0,0
0,0,0,0
0,0,0,0
0,0,0,0
0,0,0,0
0,0,0,0
0,0,0,0
0,0,0,0
0,0,0,0
0,0,0,0
0,0,0,0
0,0,0,0
0,0,0,0
0,0,0,0
0,0,0,0
0,0,0,0
0,0,0,0
0,0,0,0
0,0,0,0
0,0,0,0
0,0,0,0
0,0,0,0
0,0,0,0
0,0,0,0
0,0,0,0
0,0,0,0
0,0,0,0
0,0,0,0
0,0,0,0
0,0,0,0
0,0,0,0
0,0,0,0
0,0,0,0
0,0,0,0
0,0,0,0
0,0,0,0
0,0,0,0
0,0,0,0
0,0,0,0
0,0,0,0
0,0,0,0
0,0,0,0
0,0,0,0
0,0,0,0
0,0,0,0
0,0,0,0
0,0,0,0
0,0,0,0
0,0,0,0
0,0,0,0
0,0,0,0
0,0,0,0
0,0,0,0
0,0,0,0
0,0,0,0
0,0,0,0
0,0,0,0
0,0,0,0
0,0,0,0
0,0,0,0
0,0,0,0
0,0,0,0
0,0,0,0
0,0,0,0
0,0,0,0
0,0,0,0
0,0,0,0
0,0,0,0
0,0,0,0
0,0,0,0
0,0,0,0
0,0,0,0
0,0,0,0
0,0,0,0
0,0,0,0
0,0,0,0
0,0,0,0
0,0,0,0
0,0,0,0
0,0,0,0
0,0,0,0
0,0,0,0
0,0,0,0
0,0,0,0
0,0,0,0
0,0,0,0
0,0,0,0
0,0,0,0
0,0,0,0
0,0,0,0
0,0,0,0
0,0,0,0
0,0,0,0
0,0,0,0
0,0,0,0
0,0,0,0
0,0,0,0
0,0,0,0
0,0,0,0
0,0,0,0
0,0,0,0
0,0,0,0
0,0,0,0
0,0,0,0
0,0,0,0
0,0,0,0
0,0,0,0
0,0,0,0
0,0,0,0
0,0,0,0
0,0,0,0
0,0,0,0
0,0,0,0
0,0,0,0
0,0,0,0
0,0,0,0
0,0,0,0
0,0,0,0
0,0,0,0
0,0,0,0
0,0,0,0
0,0,0,0
0,0,0,0
0,0,0,0
0,0,0,0
0,0,0,0
0,0,0,0
0,0,0,0
0,0,0,0
0,0,0,0
0,0,0,0
0,0,0,0
0,0,0,0
0,0,0,0
0,0,0,0
0,0,0,0
0,0,0,0
0,0,0,0
0,0,0,0
0,0,0,0
0,0,0,0
0,0,0,0
0,0,0,0
0,0,0,0
0,0,0,0
0,0,0,0
0,0,0,0
0,0,0,0
0,0,0,0
0,0,0,0
0,0,0,0
0,0,0,0
0,0,0,0
0,0,0,0
0,0,0,0
0,0,0,0
0,0,0,0
0,0,0,0
0,0,0,0
0,0,0,0
0,0,0,0
0,0,0,0
0,0,0,0
0,0,0,0
0,0,0,0
0,0,0,0
0,0,0,0
0,0,0,0
0,0,0,0
0,0,0,0
0,0,0,0
0,0,0,0
0,0,0,0
0,0,0,0
0,0,0,0
0,0,0,0
0,0,0,0
0,0,0,0
0,0,0,0
0,0,0,0
0,0,0,0
0,0,0,0
0,0,0,0
0,0,0,0
0,0,0,0
0,0,0,0
0,0,0,0
0,0,0,0
0,0,0,0
0,0,0,0
0,0,0,0
0,0,0,0
0,0,0,0
0,0,0,0
0,0,0,0
0,0,0,0
0,0,0,0
0,0,0,0
0,0,0,0
0,0,0,0
0,0,0,0
0,0,0,0
0,0,0,0
0,0,0,0
0,0,0,0
0,0,0,0
0,0,0,0
0,0,0,0
0,0,0,0
0,0,0,0
0,0,0,0
0,0,0,0
0,0,0,0
0,0,0,0
0,0,0,0
0,0,0,0
0,0,0,0
0,0,0,0
0,0,0,0
0,0,0,0
0,0,0,0
0,0,0,0
0,0,0,0
0,0,0,0
0,0,0,0
0,0,0,0
0,0,0,0
0,0,0,0
0,0,0,0
0,0,0,0
0,0,0,0
0,0,0,0
0,0,0,0
0,0,0,0
0,0,0,0
0,0,0,0
0,0,0,0
0,0,0,0
0,0,0,0
0,0,0,0
0,0,0,0
0,0,0,0
0,0,0,0
0,0,0,0
0,0,0,0
0,0,0,0
0,0,0,0
0,0,0,0
0,0,0,0
0,0,0,0
0,0,0,0
0,0,0,0
0,0,0,0
0,0,0,0
0,0,0,0
0,0,0,0
0,0,0,0
0,0,0,0
0,0,0,0
0,0,0,0
0,0,0,0
0,0,0,0
0,0,0,0
0,0,0,0
0,0,0,0
0,0,0,0
0,0,0,0
0,0,0,0
0,0,0,0
0,0,0,0
0,0,0,0
0,0,0,0
0,0,0,0
0,0,0,0
0,0,0,0
0,0,0,0
0,0,0,0
0,0,0,0
0,0,0,0
0,0,0,0
0,0,0,0
0,0,0,0
0,0,0,0
0,0,0,0
0,0,0,0
0,0,0,0
0,0,0,0
0,0,0,0
0,0,0,0
0,0,0,0
0,0,0,0
0,0,0,0
0,0,0,0
0,0,0,0
0,0,0,0
0,0,0,0
0,0,0,0
0,0,0,0
0,0,0,0
0,0,0,0
0,0,0,0
0,0,0,0
0,0,0,0
0,0,0,0
0,0,0,0
0,0,0,0
0,0,0,0
0,0,0,0
0,0,0,0
0,0,0,0
0,0,0,0
0,0,0,0
0,0,0,0
0,0,0,0
0,0,0,0
0,0,0,0
0,0,0,0
0,0,0,0
0,0,0,0
0,0,0,0
0,0,0,0
0,0,0,0
0,0,0,0
0,0,0,0
0,0,0,0
0,0,0,0
0,0,0,0
0,0,0,0
0,0,0,0
0,0,0,0
0,0,0,0
0,0,0,0
0,0,0,0
0,0,0,0
0,0,0,0
0,0,0,0
0,0,0,0
0,0,0,0
0,0,0,0
0,0,0,0
0,0,0,0
0,0,0,0
0,0,0,0
0,0,0,0
0,0,0,0
0,0,0,0
0,0,0,0
0,0,0,0
0,0,0,0
0,0,0,0
0,0,0,0
0,0,0,0
0,0,0,0
0,0,0,0
0,0,0,0
0,0,0,0
0,0,0,0
0,0,0,0
0,0,0,0
0,0,0,0
0,0,0,0
0,0,0,0
0,0,0,0
0,0,0,0
0,0,0,0
0,0,0,0
0,0,0,0
0,0,0,0
0,0,0,0
0,0,0,0
0,0,0,0
0,0,0,0
0,0,0,0
0,0,0,0
0,0,0,0
0,0,0,0
0,0,0,0
0,0,0,0
0,0,0,0
0,0,0,0
0,0,0,0
0,0,0,0
0,0,0,0
0,0,0,0
0,0,0,0
0,0,0,0
0,0,0,0
0,0,0,0
0,0,0,0
0,0,0,0
0,0,0,0
0,0,0,0
0,0,0,0
0,0,0,0
0,0,0,0
0,0,0,0
0,0,0,0
0,0,0,0
0,0,0,0
0,0,0,0
0,0,0,0
0,0,0,0
0,0,0,0
0,0,0,0
0,0,0,0
0,0,0,0
0,0,0,0
0,0,0,0
0,0,0,0
0,0,0,0
0,0,0,0
0,0,0,0
0,0,0,0
0,0,0,0
0,0,0,0
0,0,0,0
0,0,0,0
0,0,0,0
0,0,0,0
0,0,0,0
0,0,0,0
0,0,0,0
0,0,0,0
0,0,0,0
0,0,0,0
0,0,0,0
0,0,0,0
0,0,0,0
0,0,0,0
0,0,0,0
0,0,0,0
0,0,0,0
0,0,0,0
0,0,0,0
0,0,0,0
0,0,0,0
0,0,0,0
0,0,0,0
0,0,0,0
0,0,0,0
0,0,0,0
0,0,0,0
0,0,0,0
0,0,0,0
0,0,0,0
0,0,0,0
0,0,0,0
0,0,0,0
0,0,0,0
0,0,0,0
0,0,0,0
0,0,0,0
0,0,0,0
0,0,0,0
0,0,0,0
0,0,0,0
0,0,0,0
0,0,0,0
0,0,0,0
0,0,0,0
0,0,0,0
0,0,0,0
0,0,0,0
0,0,0,0
0,0,0,0
0,0,0,0
0,0,0,0
0,0,0,0
0,0,0,0
0,0,0,0
0,0,0,0
0,0,0,0
0,0,0,0
0,0,0,0
0,0,0,0
0,0,0,0
0,0,0,0
0,0,0,0
0,0,0,0
0,0,0,0
0,0,0,0
0,0,0,0
0,0,0,0
0,0,0,0
0,0,0,0
0,0,0,0
0,0,0,0
0,0,0,0
0,0,0,0
0,0,0,0
0,0,0,0
0,0,0,0
0,0,0,0
0,0,0,0
0,0,0,0
0,0,0,0
0,0,0,0
0,0,0,0
0,0,0,0
0,0,0,0
0,0,0,0
0,0,0,0
0,0,0,0
0,0,0,0
0,0,0,0
0,0,0,0
0,0,0,0
0,0,0,0
0,0,0,0
0,0,0,0
0,0,0,0
0,0,0,0
0,0,0,0
0,0,0,0
0,0,0,0
0,0,0,0
0,0,0,0
0,0,0,0
0,0,0,0
0,0,0,0
0,0,0,0
0,0,0,0
0,0,0,0
0,0,0,0
0,0,0,0
0,0,0,0
0,0,0,0
0,0,0,0
0,0,0,0
0,0,0,0
0,0,0,0
0,0,0,0
0,0,0,0
0,0,0,0
0,0,0,0
0,0,0,0
0,0,0,0
0,0,0,0
0,0,0,0
0,0,0,0
0,0,0,0
0,0,0,0
0,0,0,0
0,0,0,0
0,0,0,0
0,0,0,0
0,0,0,0
0,0,0,0
0,0,0,0
0,0,0,0
0,0,0,0
0,0,0,0
0,0,0,0
0,0,0,0
0,0,0,0
0,0,0,0
0,0,0,0
0,0,0,0
0,0,0,0
0,0,0,0
0,0,0,0
0,0,0,0
0,0,0,0
0,0,0,0
0,0,0,0
0,0,0,0
0,0,0,0
0,0,0,0
0,0,0,0
0,0,0,0
0,0,0,0
0,0,0,0
0,0,0,0
0,0,0,0
0,0,0,0
0,0,0,0
0,0,0,0
0,0,0,0
0,0,0,0
0,0,0,0
0,0,0,0
0,0,0,0
0,0,0,0
0,0,0,0
0,0,0,0
0,0,0,0
0,0,0,0
0,0,0,0
0,0,0,0
0,0,0,0
0,0,0,0
0,0,0,0
0,0,0,0
0,0,0,0
0,0,0,0
0,0,0,0
0,0,0,0
0,0,0,0
0,0,0,0
0,0,0,0
0,0,0,0
0,0,0,0
0,0,0,0
0,0,0,0
0,0,0,0
0,0,0,0
0,0,0,0
0,0,0,0
0,0,0,0
0,0,0,0
0,0,0,0
0,0,0,0
0,0,0,0
0,0,0,0
0,0,0,0
0,0,0,0
0,0,0,0
0,0,0,0
0,0,0,0
0,0,0,0
0,0,0,0
0,0,0,0
0,0,0,0
0,0,0,0
0,0,0,0
0,0,0,0
0,0,0,0
0,0,0,0
0,0,0,0
0,0,0,0
0,0,0,0
0,0,0,0
0,0,0,0
0,0,0,0
0,0,0,0
0,0,0,0
0,0,0,0
0,0,0,0
0,0,0,0
0,0,0,0
0,0,0,0
0,0,0,0
0,0,0,0
0,0,0,0
0,0,0,0
0,0,0,0
0,0,0,0
0,0,0,0
0,0,0,0
0,0,0,0
0,0,0,0
0,0,0,0
0,0,0,0
0,0,0,0
0,0,0,0
0,0,0,0
0,0,0,0
0,0,0,0
0,0,0,0
0,0,0,0
0,0,0,0
0,0,0,0
0,0,0,0
0,0,0,0
0,0,0,0
0,0,0,0
0,0,0,0
0,0,0,0
0,0,0,0
0,0,0,0
0,0,0,0
0,0,0,0
0,0,0,0
0,0,0,0
0,0,0,0
0,0,0,0
0,0,0,0
0,0,0,0
0,0,0,0
0,0,0,0
0,0,0,0
0,0,0,0
0,0,0,0
0,0,0,0
0,0,0,0
0,0,0,0
0,0,0,0
0,0,0,0
0,0,0,0
0,0,0,0
0,0,0,0
0,0,0,0
0,0,0,0
0,0,0,0
0,0,0,0
0,0,0,0
0,0,0,0
0,0,0,0
0,0,0,0
0,0,0,0
0,0,0,0
0,0,0,0
0,0,0,0
0,0,0,0
0,0,0,0
0,0,0,0
0,0,0,0
0,0,0,0
0,0,0,0
0,0,0,0
0,0,0,0
0,0,0,0
0,0,0,0
0,0,0,0
0,0,0,0
0,0,0,0
0,0,0,0
0,0,0,0
0,0,0,0
0,0,0,0
0,0,0,0
0,0,0,0
0,0,0,0
0,0,0,0
0,0,0,0
0,0,0,0
0,0,0,0
0,0,0,0
0,0,0,0
0,0,0,0
0,0,0,0
0,0,0,0
0,0,0,0
0,0,0,0
0,0,0,0
0,0,0,0
0,0,0,0
0,0,0,0
0,0,0,0
0,0,0,0
0,0,0,0
0,0,0,0
0,0,0,0
0,0,0,0
0,0,0,0
0,0,0,0
0,0,0,0
0,0,0,0
0,0,0,0
0,0,0,0
0,0,0,0
0,0,0,0
0,0,0,0
0,0,0,0
0,0,0,0
0,0,0,0
0,0,0,0
0,0,0,0
0,0,0,0
0,0,0,0
0,0,0,0
0,0,0,0
0,0,0,0
0,0,0,0
0,0,0,0
0,0,0,0
0,0,0,0
0,0,0,0
0,0,0,0
0,0,0,0
0,0,0,0
0,0,0,0
0,0,0,0
0,0,0,0
0,0,0,0
0,0,0,0
0,0,0,0
0,0,0,0
0,0,0,0
0,0,0,0
0,0,0,0
0,0,0,0
0,0,0,0
0,0,0,0
0,0,0,0
0,0,0,0
0,0,0,0
0,0,0,0
0,0,0,0
0,0,0,0
0,0,0,0
0,0,0,0
0,0,0,0
0,0,0,0
0,0,0,0
0,0,0,0
0,0,0,0
0,0,0,0
0,0,0,0
0,0,0,0
0,0,0,0
0,0,0,0
0,0,0,0
0,0,0,0
0,0,0,0
0,0,0,0
0,0,0,0
0,0,0,0
0,0,0,0
0,0,0,0
0,0,0,0
0,0,0,0
0,0,0,0
0,0,0,0
0,0,0,0
0,0,0,0
0,0,0,0
0,0,0,0
0,0,0,0
0,0,0,0
0,0,0,0
0,0,0,0
0,0,0,0
0,0,0,0
0,0,0,0
0,0,0,0
0,0,0,0
0,0,0,0
0,0,0,0
0,0,0,0
0,0,0,0
0,0,0,0
0,0,0,0
0,0,0,0
0,0,0,0
0,0,0,0
0,0,0,0
0,0,0,0
0,0,0,0
0,0,0,0
0,0,0,0
0,0,0,0
0,0,0,0
0,0,0,0
0,0,0,0
0,0,0,0
0,0,0,0
0,0,0,0
0,0,0,0
0,0,0,0
0,0,0,0
0,0,0,0
0,0,0,0
0,0,0,0
0,0,0,0
0,0,0,0
0,0,0,0
0,0,0,0
0,0,0,0
0,0,0,0
0,0,0,0
0,0,0,0
0,0,0,0
0,0,0,0
0,0,0,0
0,0,0,0
0,0,0,0
0,0,0,0
0,0,0,0
0,0,0,0
0,0,0,0
0,0,0,0
0,0,0,0
0,0,0,0
0,0,0,0
0,0,0,0
0,0,0,0
0,0,0,0
0,0,0,0
0,0,0,0
0,0,0,0
0,0,0,0
0,0,0,0
0,0,0,0
0,0,0,0
0,0,0,0
0,0,0,0
0,0,0,0
0,0,0,0
0,0,0,0
0,0,0,0
0,0,0,0
0,0,0,0
0,0,0,0
0,0,0,0
0,0,0,0
0,0,0,0
0,0,0,0
0,0,0,0
0,0,0,0
0,0,0,0
0,0,0,0
0,0,0,0
0,0,0,0
0,0,0,0
0,0,0,0
0,0,0,0
0,0,0,0
0,0,0,0
0,0,0,0
0,0,0,0
0,0,0,0
0,0,0,0
0,0,0,0
0,0,0,0
0,0,0,0
0,0,0,0
0,0,0,0
0,0,0,0
0,0,0,0
0,0,0,0
0,0,0,0
0,0,0,0
0,0,0,0
0,0,0,0
0,0,0,0
0,0,0,0
0,0,0,0
0,0,0,0
0,0,0,0
0,0,0,0
0,0,0,0
0,0,0,0
0,0,0,0
0,0,0,0
0,0,0,0
0,0,0,0
0,0,0,0
0,0,0,0
0,0,0,0
0,0,0,0
0,0,0,0
0,0,0,0
0,0,0,0
0,0,0,0
0,0,0,0
0,0,0,0
0,0,0,0
0,0,0,0
0,0,0,0
0,0,0,0
0,0,0,0
0,0,0,0
0,0,0,0
0,0,0,0
0,0,0,0
0,0,0,0
0,0,0,0
0,0,0,0
0,0,0,0
0,0,0,0
0,0,0,0
0,0,0,0
0,0,0,0
0,0,0,0
0,0,0,0
0,0,0,0
0,0,0,0
0,0,0,0
0,0,0,0
0,0,0,0
0,0,0,0
0,0,0,0
0,0,0,0
0,0,0,0
0,0,0,0
0,0,0,0
0,0,0,0
0,0,0,0
0,0,0,0
0,0,0,0
0,0,0,0
0,0,0,0
0,0,0,0
0,0,0,0
0,0,0,0
0,0,0,0
0,0,0,0
0,0,0,0
0,0,0,0
0,0,0,0
0,0,0,0
0,0,0,0
0,0,0,0
0,0,0,0
0,0,0,0
0,0,0,0
0,0,0,0
0,0,0,0
0,0,0,0
0,0,0,0
0,0,0,0
0,0,0,0
0,0,0,0
0,0,0,0
0,0,0,0
0,0,0,0
0,0,0,0
0,0,0,0
0,0,0,0
0,0,0,0
0,0,0,0
0,0,0,0
0,0,0,0
0,0,0,0
0,0,0,0
0,0,0,0
0,0,0,0
0,0,0,0
0,0,0,0
0,0,0,0
0,0,0,0
0,0,0,0
0,0,0,0
0,0,0,0
0,0,0,0
0,0,0,0
0,0,0,0
0,0,0,0
0,0,0,0
0,0,0,0
0,0,0,0
0,0,0,0
0,0,0,0
0,0,0,0
0,0,0,0
0,0,0,0
0,0,0,0
0,0,0,0
0,0,0,0
0,0,0,0
0,0,0,0
0,0,0,0
0,0,0,0
0,0,0,0
0,0,0,0
0,0,0,0
0,0,0,0
0,0,0,0
0,0,0,0
0,0,0,0
0,0,0,0
0,0,0,0
0,0,0,0
0,0,0,0
0,0,0,0
0,0,0,0
0,0,0,0
0,0,0,0
0,0,0,0
0,0,0,0
0,0,0,0
0,0,0,0
0,0,0,0
0,0,0,0
0,0,0,0
0,0,0,0
0,0,0,0
0,0,0,0
0,0,0,0
0,0,0,0
0,0,0,0
0,0,0,0
0,0,0,0
0,0,0,0
0,0,0,0
0,0,0,0
0,0,0,0
0,0,0,0
0,0,0,0
0,0,0,0
0,0,0,0
0,0,0,0
0,0,0,0
0,0,0,0
0,0,0,0
0,0,0,0
0,0,0,0
0,0,0,0
0,0,0,0
0,0,0,0
0,0,0,0
0,0,0,0
0,0,0,0
0,0,0,0
0,0,0,0
0,0,0,0
0,0,0,0
0,0,0,0
0,0,0,0
0,0,0,0
0,0,0,0
0,0,0,0
0,0,0,0
0,0,0,0
0,0,0,0
0,0,0,0
0,0,0,0
0,0,0,0
0,0,0,0
0,0,0,0
0,0,0,0
0,0,0,0
0,0,0,0
0,0,0,0
0,0,0,0
0,0,0,0
0,0,0,0
0,0,0,0
0,0,0,0
0,0,0,0
0,0,0,0
0,0,0,0
0,0,0,0
0,0,0,0
0,0,0,0
0,0,0,0
0,0,0,0
0,0,0,0
0,0,0,0
0,0,0,0
0,0,0,0
0,0,0,0
0,0,0,0
0,0,0,0
0,0,0,0
0,0,0,0
0,0,0,0
0,0,0,0
0,0,0,0
0,0,0,0
0,0,0,0
0,0,0,0
0,0,0,0
0,0,0,0
0,0,0,0
0,0,0,0
0,0,0,0
0,0,0,0
0,0,0,0
0,0,0,0
0,0,0,0
0,0,0,0
0,0,0,0
0,0,0,0
0,0,0,0
0,0,0,0
0,0,0,0
0,0,0,0
0,0,0,0
0,0,0,0
0,0,0,0
0,0,0,0
0,0,0,0
0,0,0,0
0,0,0,0
0,0,0,0
0,0,0,0
0,0,0,0
0,0,0,0
0,0,0,0
0,0,0,0
0,0,0,0
0,0,0,0
0,0,0,0
0,0,0,0
0,0,0,0
0,0,0,0
0,0,0,0
0,0,0,0
0,0,0,0
0,0,0,0
0,0,0,0
0,0,0,0
0,0,0,0
0,0,0,0
0,0,0,0
0,0,0,0
0,0,0,0
0,0,0,0
0,0,0,0
0,0,0,0
0,0,0,0
0,0,0,0
0,0,0,0
0,0,0,0
0,0,0,0
0,0,0,0
0,0,0,0
0,0,0,0
0,0,0,0
0,0,0,0
0,0,0,0
0,0,0,0
0,0,0,0
0,0,0,0
0,0,0,0
0,0,0,0
0,0,0,0
0,0,0,0
0,0,0,0
0,0,0,0
0,0,0,0
0,0,0,0
0,0,0,0
0,0,0,0
0,0,0,0
0,0,0,0
0,0,0,0
0,0,0,0
0,0,0,0
0,0,0,0
0,0,0,0
0,0,0,0
0,0,0,0
0,0,0,0
0,0,0,0
0,0,0,0
0,0,0,0
0,0,0,0
0,0,0,0
0,0,0,0
0,0,0,0
0,0,0,0
0,0,0,0
0,0,0,0
0,0,0,0
0,0,0,0
0,0,0,0
0,0,0,0
0,0,0,0
0,0,0,0
0,0,0,0
0,0,0,0
0,0,0,0
0,0,0,0
0,0,0,0
0,0,0,0
0,0,0,0
0,0,0,0
0,0,0,0
0,0,0,0
0,0,0,0
0,0,0,0
0,0,0,0
0,0,0,0
0,0,0,0
0,0,0,0
0,0,0,0
0,0,0,0
0,0,0,0
0,0,0,0
0,0,0,0
0,0,0,0
0,0,0,0
0,0,0,0
0,0,0,0
0,0,0,0
0,0,0,0
0,0,0,0
0,0,0,0
0,0,0,0
0,0,0,0
0,0,0,0
0,0,0,0
0,0,0,0
0,0,0,0
0,0,0,0
0,0,0,0
0,0,0,0
0,0,0,0
0,0,0,0
0,0,0,0
0,0,0,0
0,0,0,0
0,0,0,0
0,0,0,0
0,0,0,0
0,0,0,0
0,0,0,0
0,0,0,0
0,0,0,0
0,0,0,0
0,0,0,0
0,0,0,0
0,0,0,0
0,0,0,0
0,0,0,0
0,0,0,0
0,0,0,0
0,0,0,0
0,0,0,0
0,0,0,0
0,0,0,0
0,0,0,0
0,0,0,0
0,0,0,0
0,0,0,0
0,0,0,0
0,0,0,0
0,0,0,0
0,0,0,0
0,0,0,0
0,0,0,0
0,0,0,0
0,0,0,0
0,0,0,0
0,0,0,0
0,0,0,0
0,0,0,0
0,0,0,0
0,0,0,0
0,0,0,0
0,0,0,0
0,0,0,0
0,0,0,0
0,0,0,0
0,0,0,0
0,0,0,0
0,0,0,0
0,0,0,0
0,0,0,0
0,0,0,0
0,0,0,0
0,0,0,0
0,0,0,0
0,0,0,0
0,0,0,0
0,0,0,0
0,0,0,0
0,0,0,0
0,0,0,0
0,0,0,0
0,0,0,0
0,0,0,0
0,0,0,0
0,0,0,0
0,0,0,0
0,0,0,0
0,0,0,0
0,0,0,0
0,0,0,0
0,0,0,0
0,0,0,0
0,0,0,0
0,0,0,0
0,0,0,0
0,0,0,0
0,0,0,0
0,0,0,0
0,0,0,0
0,0,0,0
0,0,0,0
0,0,0,0
0,0,0,0
0,0,0,0
0,0,0,0
0,0,0,0
0,0,0,0
0,0,0,0
0,0,0,0
0,0,0,0
0,0,0,0
0,0,0,0
0,0,0,0
0,0,0,0
0,0,0,0
0,0,0,0
0,0,0,0
0,0,0,0
0,0,0,0
0,0,0,0
0,0,0,0
0,0,0,0
0,0,0,0
0,0,0,0
0,0,0,0
0,0,0,0
0,0,0,0
0,0,0,0
0,0,0,0
0,0,0,0
0,0,0,0
0,0,0,0
0,0,0,0
0,0,0,0
0,0,0,0
0,0,0,0
0,0,0,0
0,0,0,0
0,0,0,0
0,0,0,0
0,0,0,0
0,0,0,0
0,0,0,0
0,0,0,0
0,0,0,0
0,0,0,0
0,0,0,0
0,0,0,0
0,0,0,0
0,0,0,0
0,0,0,0
0,0,0,0
0,0,0,0
0,0,0,0
0,0,0,0
0,0,0,0
0,0,0,0
0,0,0,0
0,0,0,0
0,0,0,0
0,0,0,0
0,0,0,0
0,0,0,0
0,0,0,0
0,0,0,0
0,0,0,0
0,0,0,0
0,0,0,0
0,0,0,0
0,0,0,0
0,0,0,0
0,0,0,0
0,0,0,0
0,0,0,0
0,0,0,0
0,0,0,0
0,0,0,0
0,0,0,0
0,0,0,0
0,0,0,0
0,0,0,0
0,0,0,0
0,0,0,0
0,0,0,0
0,0,0,0
0,0,0,0
0,0,0,0
0,0,0,0
0,0,0,0
0,0,0,0
0,0,0,0
0,0,0,0
0,0,0,0
0,0,0,0
0,0,0,0
0,0,0,0
0,0,0,0
0,0,0,0
0,0,0,0
0,0,0,0
0,0,0,0
0,0,0,0
0,0,0,0
0,0,0,0
0,0,0,0
0,0,0,0
0,0,0,0
0,0,0,0
0,0,0,0
0,0,0,0
0,0,0,0
0,0,0,0
0,0,0,0
0,0,0,0
0,0,0,0
0,0,0,0
0,0,0,0
0,0,0,0
0,0,0,0
0,0,0,0
0,0,0,0
0,0,0,0
0,0,0,0
0,0,0,0
0,0,0,0
0,0,0,0
0,0,0,0
0,0,0,0
0,0,0,0
0,0,0,0
0,0,0,0
0,0,0,0
0,0,0,0
0,0,0,0
0,0,0,0
0,0,0,0
0,0,0,0
0,0,0,0
0,0,0,0
0,0,0,0
0,0,0,0
0,0,0,0
0,0,0,0
0,0,0,0
0,0,0,0
0,0,0,0
0,0,0,0
0,0,0,0
0,0,0,0
0,0,0,0
0,0,0,0
0,0,0,0
0,0,0,0
0,0,0,0
0,0,0,0
0,0,0,0
0,0,0,0
0,0,0,0
0,0,0,0
0,0,0,0
0,0,0,0
0,0,0,0
0,0,0,0
0,0,0,0
0,0,0,0
0,0,0,0
0,0,0,0
0,0,0,0
0,0,0,0
0,0,0,0
0,0,0,0
0,0,0,0
0,0,0,0
0,0,0,0
0,0,0,0
0,0,0,0
0,0,0,0
0,0,0,0
0,0,0,0
0,0,0,0
0,0,0,0
0,0,0,0
0,0,0,0
0,0,0,0
0,0,0,0
0,0,0,0
0,0,0,0
0,0,0,0
0,0,0,0
0,0,0,0
0,0,0,0
0,0,0,0
0,0,0,0
0,0,0,0
0,0,0,0
0,0,0,0
0,0,0,0
0,0,0,0
0,0,0,0
0,0,0,0
0,0,0,0
0,0,0,0
0,0,0,0
0,0,0,0
0,0,0,0
0,0,0,0
0,0,0,0
0,0,0,0
0,0,0,0
0,0,0,0
0,0,0,0
0,0,0,0
0,0,0,0
0,0,0,0
0,0,0,0
0,0,0,0
0,0,0,0
0,0,0,0
0,0,0,0
0,0,0,0
0,0,0,0
0,0,0,0
0,0,0,0
0,0,0,0
0,0,0,0
0,0,0,0
0,0,0,0
0,0,0,0
0,0,0,0
0,0,0,0
0,0,0,0
0,0,0,0
0,0,0,0
0,0,0,0
0,0,0,0
0,0,0,0
0,0,0,0
0,0,0,0
0,0,0,0
0,0,0,0
0,0,0,0
0,0,0,0
0,0,0,0
0,0,0,0
0,0,0,0
0,0,0,0
0,0,0,0
0,0,0,0
0,0,0,0
0,0,0,0
0,0,0,0
0,0,0,0
0,0,0,0
0,0,0,0
0,0,0,0
0,0,0,0
0,0,0,0
0,0,0,0
0,0,0,0
0,0,0,0
0,0,0,0
0,0,0,0
0,0,0,0
0,0,0,0
0,0,0,0
0,0,0,0
0,0,0,0
0,0,0,0
0,0,0,0
0,0,0,0
0,0,0,0
0,0,0,0
0,0,0,0
0,0,0,0
0,0,0,0
0,0,0,0
0,0,0,0
0,0,0,0
0,0,0,0
0,0,0,0
0,0,0,0
0,0,0,0
0,0,0,0
0,0,0,0
0,0,0,0
0,0,0,0
0,0,0,0
0,0,0,0
0,0,0,0
0,0,0,0
0,0,0,0
0,0,0,0
0,0,0,0
0,0,0,0
0,0,0,0
0,0,0,0
0,0,0,0
0,0,0,0
0,0,0,0
0,0,0,0
0,0,0,0
0,0,0,0
0,0,0,0
0,0,0,0
0,0,0,0
0,0,0,0
0,0,0,0
0,0,0,0
0,0,0,0
0,0,0,0
0,0,0,0
0,0,0,0
0,0,0,0
0,0,0,0
0,0,0,0
0,0,0,0
0,0,0,0
0,0,0,0
0,0,0,0
0,0,0,0
0,0,0,0
0,0,0,0
0,0,0,0
0,0,0,0
0,0,0,0
0,0,0,0
0,0,0,0
0,0,0,0
0,0,0,0
0,0,0,0
0,0,0,0
0,0,0,0
0,0,0,0
0,0,0,0
0,0,0,0
0,0,0,0
0,0,0,0
0,0,0,0
0,0,0,0
0,0,0,0
0,0,0,0
0,0,0,0
0,0,0,0
0,0,0,0
0,0,0,0
0,0,0,0
0,0,0,0
0,0,0,0
0,0,0,0
0,0,0,0
0,0,0,0
0,0,0,0
0,0,0,0
0,0,0,0
0,0,0,0
0,0,0,0
0,0,0,0
0,0,0,0
0,0,0,0
0,0,0,0
0,0,0,0
0,0,0,0
0,0,0,0
0,0,0,0
0,0,0,0
0,0,0,0
0,0,0,0
0,0,0,0
0,0,0,0
0,0,0,0
0,0,0,0
0,0,0,0
0,0,0,0
0,0,0,0
0,0,0,0
0,0,0,0
0,0,0,0
0,0,0,0
0,0,0,0
0,0,0,0
0,0,0,0
0,0,0,0
0,0,0,0
0,0,0,0
0,0,0,0
0,0,0,0
0,0,0,0
0,0,0,0
0,0,0,0
0,0,0,0
0,0,0,0
0,0,0,0
0,0,0,0
0,0,0,0
0,0,0,0
0,0,0,0
0,0,0,0
0,0,0,0
0,0,0,0
0,0,0,0
0,0,0,0
0,0,0,0
0,0,0,0
0,0,0,0
0,0,0,0
0,0,0,0
0,0,0,0
0,0,0,0
0,0,0,0
0,0,0,0
0,0,0,0
0,0,0,0
0,0,0,0
0,0,0,0
0,0,0,0
0,0,0,0
0,0,0,0
0,0,0,0
0,0,0,0
0,0,0,0
0,0,0,0
0,0,0,0
0,0,0,0
0,0,0,0
0,0,0,0
0,0,0,0
0,0,0,0
0,0,0,0
0,0,0,0
0,0,0,0
0,0,0,0
0,0,0,0
0,0,0,0
0,0,0,0
0,0,0,0
0,0,0,0
0,0,0,0
0,0,0,0
0,0,0,0
0,0,0,0
0,0,0,0
0,0,0,0
0,0,0,0
0,0,0,0
0,0,0,0
0,0,0,0
0,0,0,0
0,0,0,0
0,0,0,0
0,0,0,0
0,0,0,0
0,0,0,0
0,0,0,0
0,0,0,0
0,0,0,0
0,0,0,0
0,0,0,0
0,0,0,0
0,0,0,0
0,0,0,0
0,0,0,0
0,0,0,0
0,0,0,0
0,0,0,0
0,0,0,0
0,0,0,0
0,0,0,0
0,0,0,0
0,0,0,0
0,0,0,0
0,0,0,0
0,0,0,0
0,0,0,0
0,0,0,0
0,0,0,0
0,0,0,0
0,0,0,0
0,0,0,0
0,0,0,0
0,0,0,0
0,0,0,0
0,0,0,0
0,0,0,0
0,0,0,0
0,0,0,0
0,0,0,0
0,0,0,0
0,0,0,0
0,0,0,0
0,0,0,0
0,0,0,0
0,0,0,0
0,0,0,0
0,0,0,0
0,0,0,0
0,0,0,0
0,0,0,0
0,0,0,0
0,0,0,0
0,0,0,0
0,0,0,0
0,0,0,0
0,0,0,0
0,0,0,0
0,0,0,0
0,0,0,0
0,0,0,0
0,0,0,0
0,0,0,0
0,0,0,0
0,0,0,0
0,0,0,0
0,0,0,0
0,0,0,0
0,0,0,0
0,0,0,0
0,0,0,0
0,0,0,0
0,0,0,0
0,0,0,0
0,0,0,0
0,0,0,0
0,0,0,0
0,0,0,0
0,0,0,0
0,0,0,0
0,0,0,0
0,0,0,0
0,0,0,0
0,0,0,0
0,0,0,0
0,0,0,0
0,0,0,0
0,0,0,0
0,0,0,0
0,0,0,0
0,0,0,0
0,0,0,0
0,0,0,0
0,0,0,0
0,0,0,0
0,0,0,0
0,0,0,0
0,0,0,0
0,0,0,0
0,0,0,0
0,0,0,0
0,0,0,0
0,0,0,0
0,0,0,0
0,0,0,0
0,0,0,0
0,0,0,0
0,0,0,0
0,0,0,0
0,0,0,0
0,0,0,0
0,0,0,0
0,0,0,0
0,0,0,0
0,0,0,0
0,0,0,0
0,0,0,0
0,0,0,0
0,0,0,0
0,0,0,0
0,0,0,0
0,0,0,0
0,0,0,0
0,0,0,0
0,0,0,0
0,0,0,0
0,0,0,0
0,0,0,0
0,0,0,0
0,0,0,0
0,0,0,0
0,0,0,0
0,0,0,0
0,0,0,0
0,0,0,0
0,0,0,0
0,0,0,0
0,0,0,0
0,0,0,0
0,0,0,0
0,0,0,0
0,0,0,0
0,0,0,0
0,0,0,0
0,0,0,0
0,0,0,0
0,0,0,0
0,0,0,0
0,0,0,0
0,0,0,0
0,0,0,0
0,0,0,0
0,0,0,0
0,0,0,0
0,0,0,0
0,0,0,0
0,0,0,0
0,0,0,0
0,0,0,0
0,0,0,0
0,0,0,0
0,0,0,0
0,0,0,0
0,0,0,0
0,0,0,0
0,0,0,0
0,0,0,0
0,0,0,0
0,0,0,0
0,0,0,0
0,0,0,0
0,0,0,0
0,0,0,0
0,0,0,0
0,0,0,0
0,0,0,0
0,0,0,0
0,0,0,0
0,0,0,0
0,0,0,0
0,0,0,0
0,0,0,0
0,0,0,0
0,0,0,0
0,0,0,0
0,0,0,0
0,0,0,0
0,0,0,0
0,0,0,0
0,0,0,0
0,0,0,0
0,0,0,0
0,0,0,0
0,0,0,0
0,0,0,0
0,0,0,0
0,0,0,0
0,0,0,0
0,0,0,0
0,0,0,0
0,0,0,0
0,0,0,0
0,0,0,0
0,0,0,0
0,0,0,0
0,0,0,0
0,0,0,0
0,0,0,0
0,0,0,0
0,0,0,0
0,0,0,0
0,0,0,0
0,0,0,0
0,0,0,0
0,0,0,0
0,0,0,0
0,0,0,0
0,0,0,0
0,0,0,0
0,0,0,0
0,0,0,0
0,0,0,0
0,0,0,0
0,0,0,0
0,0,0,0
0,0,0,0
0,0,0,0
0,0,0,0
0,0,0,0
0,0,0,0
0,0,0,0
0,0,0,0
0,0,0,0
0,0,0,0
0,0,0,0
0,0,0,0
0,0,0,0
0,0,0,0
0,0,0,0
0,0,0,0
0,0,0,0
0,0,0,0
0,0,0,0
0,0,0,0
0,0,0,0
0,0,0,0
0,0,0,0
0,0,0,0
0,0,0,0
0,0,0,0
0,0,0,0
0,0,0,0
0,0,0,0
0,0,0,0
0,0,0,0
0,0,0,0
0,0,0,0
0,0,0,0
0,0,0,0
0,0,0,0
0,0,0,0
0,0,0,0
0,0,0,0
0,0,0,0
0,0,0,0
0,0,0,0
0,0,0,0
0,0,0,0
0,0,0,0
0,0,0,0
0,0,0,0
0,0,0,0
0,0,0,0
0,0,0,0
0,0,0,0
0,0,0,0
0,0,0,0
0,0,0,0
0,0,0,0
0,0,0,0
0,0,0,0
0,0,0,0
0,0,0,0
0,0,0,0
0,0,0,0
0,0,0,0
0,0,0,0
0,0,0,0
0,0,0,0
0,0,0,0
0,0,0,0
0,0,0,0
0,0,0,0
0,0,0,0
0,0,0,0
0,0,0,0
0,0,0,0
0,0,0,0
0,0,0,0
0,0,0,0
0,0,0,0
0,0,0,0
0,0,0,0
0,0,0,0
0,0,0,0
0,0,0,0
0,0,0,0
0,0,0,0
0,0,0,0
0,0,0,0
0,0,0,0
0,0,0,0
0,0,0,0
0,0,0,0
0,0,0,0
0,0,0,0
0,0,0,0
0,0,0,0
0,0,0,0
0,0,0,0
0,0,0,0
0,0,0,0
0,0,0,0
0,0,0,0
0,0,0,0
0,0,0,0
0,0,0,0
0,0,0,0
0,0,0,0
0,0,0,0
0,0,0,0
0,0,0,0
0,0,0,0
0,0,0,0
0,0,0,0
0,0,0,0
0,0,0,0
0,0,0,0
0,0,0,0
0,0,0,0
0,0,0,0
0,0,0,0
0,0,0,0
0,0,0,0
0,0,0,0
0,0,0,0
0,0,0,0
0,0,0,0
0,0,0,0
0,0,0,0
0,0,0,0
0,0,0,0
0,0,0,0
0,0,0,0
0,0,0,0
0,0,0,0
0,0,0,0
0,0,0,0
0,0,0,0
0,0,0,0
0,0,0,0
0,0,0,0
0,0,0,0
0,0,0,0
0,0,0,0
0,0,0,0
0,0,0,0
0,0,0,0
0,0,0,0
0,0,0,0
0,0,0,0
0,0,0,0
0,0,0,0
0,0,0,0
0,0,0,0
0,0,0,0
0,0,0,0
0,0,0,0
0,0,0,0
0,0,0,0
0,0,0,0
0,0,0,0
0,0,0,0
0,0,0,0
0,0,0,0
0,0,0,0
0,0,0,0
0,0,0,0
0,0,0,0
0,0,0,0
0,0,0,0
0,0,0,0
0,0,0,0
0,0,0,0
0,0,0,0
0,0,0,0
0,0,0,0
0,0,0,0
0,0,0,0
0,0,0,0
0,0,0,0
0,0,0,0
0,0,0,0
0,0,0,0
0,0,0,0
0,0,0,0
0,0,0,0
0,0,0,0
0,0,0,0
0,0,0,0
0,0,0,0
0,0,0,0
0,0,0,0
0,0,0,0
0,0,0,0
0,0,0,0
0,0,0,0
0,0,0,0
0,0,0,0
0,0,0,0
0,0,0,0
0,0,0,0
0,0,0,0
0,0,0,0
0,0,0,0
0,0,0,0
0,0,0,0
0,0,0,0
0,0,0,0
0,0,0,0
0,0,0,0
0,0,0,0
0,0,0,0
0,0,0,0
0,0,0,0
0,0,0,0
0,0,0,0
0,0,0,0
0,0,0,0
0,0,0,0
0,0,0,0
0,0,0,0
0,0,0,0
0,0,0,0
0,0,0,0
0,0,0,0
0,0,0,0
0,0,0,0
0,0,0,0
0,0,0,0
0,0,0,0
0,0,0,0
0,0,0,0
0,0,0,0
0,0,0,0
0,0,0,0
0,0,0,0
0,0,0,0
0,0,0,0
0,0,0,0
0,0,0,0
0,0,0,0
0,0,0,0
0,0,0,0
0,0,0,0
0,0,0,0
0,0,0,0
0,0,0,0
0,0,0,0
0,0,0,0
0,0,0,0
0,0,0,0
0,0,0,0
0,0,0,0
0,0,0,0
0,0,0,0
0,0,0,0
0,0,0,0
0,0,0,0
0,0,0,0
0,0,0,0
0,0,0,0
0,0,0,0
0,0,0,0
0,0,0,0
0,0,0,0
0,0,0,0
0,0,0,0
0,0,0,0
0,0,0,0
0,0,0,0
0,0,0,0
0,0,0,0
0,0,0,0
0,0,0,0
0,0,0,0
0,0,0,0
0,0,0,0
0,0,0,0
0,0,0,0
0,0,0,0
0,0,0,0
0,0,0,0
0,0,0,0
0,0,0,0
0,0,0,0
0,0,0,0
0,0,0,0
0,0,0,0
0,0,0,0
0,0,0,0
0,0,0,0
0,0,0,0
0,0,0,0
0,0,0,0
0,0,0,0
0,0,0,0
0,0,0,0
0,0,0,0
0,0,0,0
0,0,0,0
0,0,0,0
0,0,0,0
0,0,0,0
0,0,0,0
0,0,0,0
0,0,0,0
0,0,0,0
0,0,0,0
0,0,0,0
0,0,0,0
0,0,0,0
0,0,0,0
0,0,0,0
0,0,0,0
0,0,0,0
0,0,0,0
0,0,0,0
0,0,0,0
0,0,0,0
0,0,0,0
0,0,0,0
0,0,0,0
0,0,0,0
0,0,0,0
0,0,0,0
0,0,0,0
0,0,0,0
0,0,0,0
0,0,0,0
0,0,0,0
0,0,0,0
0,0,0,0
0,0,0,0
0,0,0,0
0,0,0,0
0,0,0,0
0,0,0,0
0,0,0,0
0,0,0,0
0,0,0,0
0,0,0,0
0,0,0,0
0,0,0,0
0,0,0,0
0,0,0,0
0,0,0,0
0,0,0,0
0,0,0,0
0,0,0,0
0,0,0,0
0,0,0,0
0,0,0,0
0,0,0,0
0,0,0,0
0,0,0,0
0,0,0,0
0,0,0,0
0,0,0,0
0,0,0,0
0,0,0,0
0,0,0,0
0,0,0,0
0,0,0,0
0,0,0,0
0,0,0,0
0,0,0,0
0,0,0,0
0,0,0,0
0,0,0,0
0,0,0,0
0,0,0,0
0,0,0,0
0,0,0,0
0,0,0,0
0,0,0,0
0,0,0,0
0,0,0,0
0,0,0,0
0,0,0,0
0,0,0,0
0,0,0,0
0,0,0,0
0,0,0,0
0,0,0,0
0,0,0,0
0,0,0,0
0,0,0,0
0,0,0,0
0,0,0,0
0,0,0,0
0,0,0,0
0,0,0,0
0,0,0,0
0,0,0,0
0,0,0,0
0,0,0,0
0,0,0,0
0,0,0,0
0,0,0,0
0,0,0,0
0,0,0,0
0,0,0,0
0,0,0,0
0,0,0,0
0,0,0,0
0,0,0,0
0,0,0,0
0,0,0,0
0,0,0,0
0,0,0,0
0,0,0,0
0,0,0,0
0,0,0,0
0,0,0,0
0,0,0,0
0,0,0,0
0,0,0,0
0,0,0,0
0,0,0,0
0,0,0,0
0,0,0,0
0,0,0,0
0,0,0,0
0,0,0,0
0,0,0,0
0,0,0,0
0,0,0,0
0,0,0,0
0,0,0,0
0,0,0,0
0,0,0,0
0,0,0,0
0,0,0,0
0,0,0,0
0,0,0,0
0,0,0,0
0,0,0,0
0,0,0,0
0,0,0,0
0,0,0,0
0,0,0,0
0,0,0,0
0,0,0,0
0,0,0,0
0,0,0,0
0,0,0,0
0,0,0,0
0,0,0,0
0,0,0,0
0,0,0,0
0,0,0,0
0,0,0,0
0,0,0,0
0,0,0,0
0,0,0,0
0,0,0,0
0,0,0,0
0,0,0,0
0,0,0,0
0,0,0,0
0,0,0,0
0,0,0,0
0,0,0,0
0,0,0,0
0,0,0,0
0,0,0,0
0,0,0,0
0,0,0,0
0,0,0,0
0,0,0,0
0,0,0,0
0,0,0,0
0,0,0,0
0,0,0,0
0,0,0,0
0,0,0,0
0,0,0,0
0,0,0,0
0,0,0,0
0,0,0,0
0,0,0,0
0,0,0,0
0,0,0,0
0,0,0,0
0,0,0,0
0,0,0,0
0,0,0,0
0,0,0,0
0,0,0,0
0,0,0,0
0,0,0,0
0,0,0,0
0,0,0,0
0,0,0,0
0,0,0,0
0,0,0,0
0,0,0,0
0,0,0,0
0,0,0,0
0,0,0,0
0,0,0,0
0,0,0,0
0,0,0,0
0,0,0,0
0,0,0,0
0,0,0,0
0,0,0,0
0,0,0,0
0,0,0,0
0,0,0,0
0,0,0,0
0,0,0,0
0,0,0,0
0,0,0,0
0,0,0,0
0,0,0,0
0,0,0,0
0,0,0,0
0,0,0,0
0,0,0,0
0,0,0,0
0,0,0,0
0,0,0,0
0,0,0,0
0,0,0,0
0,0,0,0
0,0,0,0
0,0,0,0
0,0,0,0
0,0,0,0
0,0,0,0
0,0,0,0
0,0,0,0
0,0,0,0
0,0,0,0
0,0,0,0
0,0,0,0
0,0,0,0
0,0,0,0
0,0,0,0
0,0,0,0
0,0,0,0
0,0,0,0
0,0,0,0
0,0,0,0
0,0,0,0
0,0,0,0
0,0,0,0
0,0,0,0
0,0,0,0
0,0,0,0
0,0,0,0
0,0,0,0
0,0,0,0
0,0,0,0
0,0,0,0
0,0,0,0
0,0,0,0
0,0,0,0
0,0,0,0
0,0,0,0
0,0,0,0
0,0,0,0
0,0,0,0
0,0,0,0
0,0,0,0
0,0,0,0
0,0,0,0
0,0,0,0
0,0,0,0
0,0,0,0
0,0,0,0
0,0,0,0
0,0,0,0
0,0,0,0
0,0,0,0
0,0,0,0
0,0,0,0
0,0,0,0
0,0,0,0
0,0,0,0
0,0,0,0
0,0,0,0
0,0,0,0
0,0,0,0
0,0,0,0
0,0,0,0
0,0,0,0
0,0,0,0
0,0,0,0
0,0,0,0
0,0,0,0
0,0,0,0
0,0,0,0
0,0,0,0
0,0,0,0
0,0,0,0
0,0,0,0
0,0,0,0
0,0,0,0
0,0,0,0
0,0,0,0
0,0,0,0
0,0,0,0
0,0,0,0
0,0,0,0
0,0,0,0
0,0,0,0
0,0,0,0
0,0,0,0
0,0,0,0
0,0,0,0
0,0,0,0
0,0,0,0
0,0,0,0
0,0,0,0
0,0,0,0
0,0,0,0
0,0,0,0
0,0,0,0
0,0,0,0
0,0,0,0
0,0,0,0
0,0,0,0
0,0,0,0
0,0,0,0
0,0,0,0
0,0,0,0
0,0,0,0
0,0,0,0
0,0,0,0
0,0,0,0
0,0,0,0
0,0,0,0
0,0,0,0
0,0,0,0
0,0,0,0
0,0,0,0
0,0,0,0
0,0,0,0
0,0,0,0
0,0,0,0
0,0,0,0
0,0,0,0
0,0,0,0
0,0,0,0
0,0,0,0
0,0,0,0
0,0,0,0
0,0,0,0
0,0,0,0
0,0,0,0
0,0,0,0
0,0,0,0
0,0,0,0
0,0,0,0
0,0,0,0
0,0,0,0
0,0,0,0
0,0,0,0
0,0,0,0
0,0,0,0
0,0,0,0
0,0,0,0
0,0,0,0
0,0,0,0
0,0,0,0
0,0,0,0
0,0,0,0
0,0,0,0
0,0,0,0
0,0,0,0
0,0,0,0
0,0,0,0
0,0,0,0
0,0,0,0
0,0,0,0
0,0,0,0
0,0,0,0
0,0,0,0
0,0,0,0
0,0,0,0
0,0,0,0
0,0,0,0
0,0,0,0
0,0,0,0
0,0,0,0
0,0,0,0
0,0,0,0
0,0,0,0
0,0,0,0
0,0,0,0
0,0,0,0
0,0,0,0
0,0,0,0
0,0,0,0
0,0,0,0
0,0,0,0
0,0,0,0
0,0,0,0
0,0,0,0
0,0,0,0
0,0,0,0
0,0,0,0
0,0,0,0
0,0,0,0
0,0,0,0
0,0,0,0
0,0,0,0
0,0,0,0
0,0,0,0
0,0,0,0
0,0,0,0
0,0,0,0
0,0,0,0
0,0,0,0
0,0,0,0
0,0,0,0
0,0,0,0
0,0,0,0
0,0,0,0
0,0,0,0
0,0,0,0
0,0,0,0
0,0,0,0
0,0,0,0
0,0,0,0
0,0,0,0
0,0,0,0
0,0,0,0
0,0,0,0
0,0,0,0
0,0,0,0
0,0,0,0
0,0,0,0
0,0,0,0
0,0,0,0
0,0,0,0
0,0,0,0
0,0,0,0
0,0,0,0
0,0,0,0
0,0,0,0
0,0,0,0
0,0,0,0
0,0,0,0
0,0,0,0
0,0,0,0
0,0,0,0
0,0,0,0
0,0,0,0
0,0,0,0
0,0,0,0
0,0,0,0
0,0,0,0
0,0,0,0
0,0,0,0
0,0,0,0
0,0,0,0
0,0,0,0
0,0,0,0
0,0,0,0
0,0,0,0
0,0,0,0
0,0,0,0
0,0,0,0
0,0,0,0
0,0,0,0
0,0,0,0
0,0,0,0
0,0,0,0
0,0,0,0
0,0,0,0
0,0,0,0
0,0,0,0
0,0,0,0
0,0,0,0
0,0,0,0
0,0,0,0
0,0,0,0
0,0,0,0
0,0,0,0
0,0,0,0
0,0,0,0
0,0,0,0
0,0,0,0
0,0,0,0
0,0,0,0
0,0,0,0
0,0,0,0
0,0,0,0
0,0,0,0
0,0,0,0
0,0,0,0
0,0,0,0
0,0,0,0
0,0,0,0
0,0,0,0
0,0,0,0
0,0,0,0
0,0,0,0
0,0,0,0
0,0,0,0
0,0,0,0
0,0,0,0
0,0,0,0
0,0,0,0
0,0,0,0
0,0,0,0
0,0,0,0
0,0,0,0
0,0,0,0
0,0,0,0
0,0,0,0
0,0,0,0
0,0,0,0
0,0,0,0
0,0,0,0
0,0,0,0
0,0,0,0
0,0,0,0
0,0,0,0
0,0,0,0
0,0,0,0
0,0,0,0
0,0,0,0
0,0,0,0
0,0,0,0
0,0,0,0
0,0,0,0
0,0,0,0
0,0,0,0
0,0,0,0
0,0,0,0
0,0,0,0
0,0,0,0
0,0,0,0
0,0,0,0
0,0,0,0
0,0,0,0
0,0,0,0
0,0,0,0
0,0,0,0
0,0,0,0
0,0,0,0
0,0,0,0
0,0,0,0
0,0,0,0
0,0,0,0
0,0,0,0
0,0,0,0
0,0,0,0
0,0,0,0
0,0,0,0
0,0,0,0
0,0,0,0
0,0,0,0
0,0,0,0
0,0,0,0
0,0,0,0
0,0,0,0
0,0,0,0
0,0,0,0
0,0,0,0
0,0,0,0
0,0,0,0
0,0,0,0
0,0,0,0
0,0,0,0
0,0,0,0
0,0,0,0
0,0,0,0
0,0,0,0
0,0,0,0
0,0,0,0
0,0,0,0
0,0,0,0
0,0,0,0
0,0,0,0
0,0,0,0
0,0,0,0
0,0,0,0
0,0,0,0
0,0,0,0
0,0,0,0
0,0,0,0
0,0,0,0
0,0,0,0
0,0,0,0
0,0,0,0
0,0,0,0
0,0,0,0
0,0,0,0
0,0,0,0
0,0,0,0
0,0,0,0
0,0,0,0
0,0,0,0
0,0,0,0
0,0,0,0
0,0,0,0
0,0,0,0
0,0,0,0
0,0,0,0
0,0,0,0
0,0,0,0
0,0,0,0
0,0,0,0
0,0,0,0
0,0,0,0
0,0,0,0
0,0,0,0
0,0,0,0
0,0,0,0
0,0,0,0
0,0,0,0
0,0,0,0
0,0,0,0
0,0,0,0
0,0,0,0
0,0,0,0
0,0,0,0
0,0,0,0
0,0,0,0
0,0,0,0
0,0,0,0
0,0,0,0
0,0,0,0
0,0,0,0
0,0,0,0
0,0,0,0
0,0,0,0
0,0,0,0
0,0,0,0
0,0,0,0
0,0,0,0
0,0,0,0
0,0,0,0
0,0,0,0
0,0,0,0
0,0,0,0
0,0,0,0
0,0,0,0
0,0,0,0
0,0,0,0
0,0,0,0
0,0,0,0
0,0,0,0
0,0,0,0
0,0,0,0
0,0,0,0
0,0,0,0
0,0,0,0
0,0,0,0
0,0,0,0
0,0,0,0
0,0,0,0
0,0,0,0
0,0,0,0
0,0,0,0
0,0,0,0
0,0,0,0
0,0,0,0
0,0,0,0
0,0,0,0
0,0,0,0
0,0,0,0
0,0,0,0
0,0,0,0
0,0,0,0
0,0,0,0
0,0,0,0
0,0,0,0
0,0,0,0
0,0,0,0
0,0,0,0
0,0,0,0
0,0,0,0
0,0,0,0
0,0,0,0
0,0,0,0
0,0,0,0
0,0,0,0
0,0,0,0
0,0,0,0
0,0,0,0
0,0,0,0
0,0,0,0
0,0,0,0
0,0,0,0
0,0,0,0
0,0,0,0
0,0,0,0
0,0,0,0
0,0,0,0
0,0,0,0
0,0,0,0
0,0,0,0
0,0,0,0
0,0,0,0
0,0,0,0
0,0,0,0
0,0,0,0
0,0,0,0
0,0,0,0
0,0,0,0
0,0,0,0
0,0,0,0
0,0,0,0
0,0,0,0
0,0,0,0
0,0,0,0
0,0,0,0
0,0,0,0
0,0,0,0
0,0,0,0
0,0,0,0
0,0,0,0
0,0,0,0
0,0,0,0
0,0,0,0
0,0,0,0
0,0,0,0
0,0,0,0
0,0,0,0
0,0,0,0
0,0,0,0
0,0,0,0
0,0,0,0
0,0,0,0
0,0,0,0
0,0,0,0
0,0,0,0
0,0,0,0
0,0,0,0
0,0,0,0
0,0,0,0
0,0,0,0
0,0,0,0
0,0,0,0
0,0,0,0
0,0,0,0
0,0,0,0
0,0,0,0
0,0,0,0
0,0,0,0
0,0,0,0
0,0,0,0
0,0,0,0
0,0,0,0
0,0,0,0
0,0,0,0
0,0,0,0
0,0,0,0
0,0,0,0
0,0,0,0
0,0,0,0
0,0,0,0
0,0,0,0
0,0,0,0
0,0,0,0
0,0,0,0
0,0,0,0
0,0,0,0
0,0,0,0
0,0,0,0
0,0,0,0
0,0,0,0
0,0,0,0
0,0,0,0
0,0,0,0
0,0,0,0
0,0,0,0
0,0,0,0
0,0,0,0
0,0,0,0
0,0,0,0
0,0,0,0
0,0,0,0
0,0,0,0
0,0,0,0
0,0,0,0
0,0,0,0
0,0,0,0
0,0,0,0
0,0,0,0
0,0,0,0
0,0,0,0
0,0,0,0
0,0,0,0
0,0,0,0
0,0,0,0
0,0,0,0
0,0,0,0
0,0,0,0
0,0,0,0
0,0,0,0
0,0,0,0
0,0,0,0
0,0,0,0
0,0,0,0
0,0,0,0
0,0,0,0
0,0,0,0
0,0,0,0
0,0,0,0
0,0,0,0
0,0,0,0
0,0,0,0
0,0,0,0
0,0,0,0
0,0,0,0
0,0,0,0
0,0,0,0
0,0,0,0
0,0,0,0
0,0,0,0
0,0,0,0
0,0,0,0
0,0,0,0
0,0,0,0
0,0,0,0
0,0,0,0
0,0,0,0
0,0,0,0
0,0,0,0
0,0,0,0
0,0,0,0
0,0,0,0
0,0,0,0
0,0,0,0
0,0,0,0
0,0,0,0
0,0,0,0
0,0,0,0
0,0,0,0
0,0,0,0
0,0,0,0
0,0,0,0
0,0,0,0
0,0,0,0
0,0,0,0
0,0,0,0
0,0,0,0
0,0,0,0
0,0,0,0
0,0,0,0
0,0,0,0
0,0,0,0
0,0,0,0
0,0,0,0
0,0,0,0
0,0,0,0
0,0,0,0
0,0,0,0
0,0,0,0
0,0,0,0
0,0,0,0
0,0,0,0
0,0,0,0
0,0,0,0
0,0,0,0
0,0,0,0
0,0,0,0
0,0,0,0
0,0,0,0
0,0,0,0
0,0,0,0
0,0,0,0
0,0,0,0
0,0,0,0
0,0,0,0
0,0,0,0
0,0,0,0
0,0,0,0
0,0,0,0
0,0,0,0
0,0,0,0
0,0,0,0
0,0,0,0
0,0,0,0
0,0,0,0
0,0,0,0
0,0,0,0
0,0,0,0
0,0,0,0
0,0,0,0
0,0,0,0
0,0,0,0
0,0,0,0
0,0,0,0
0,0,0,0
0,0,0,0
0,0,0,0
0,0,0,0
0,0,0,0
0,0,0,0
0,0,0,0
0,0,0,0
0,0,0,0
0,0,0,0
0,0,0,0
0,0,0,0
0,0,0,0
0,0,0,0
0,0,0,0
0,0,0,0
0,0,0,0
0,0,0,0
0,0,0,0
0,0,0,0
0,0,0,0
0,0,0,0
0,0,0,0
0,0,0,0
0,0,0,0
0,0,0,0
0,0,0,0
0,0,0,0
0,0,0,0
0,0,0,0
0,0,0,0
0,0,0,0
0,0,0,0
0,0,0,0
0,0,0,0
0,0,0,0
0,0,0,0
0,0,0,0
0,0,0,0
0,0,0,0
0,0,0,0
0,0,0,0
0,0,0,0
0,0,0,0
0,0,0,0
0,0,0,0
0,0,0,0
0,0,0,0
0,0,0,0
0,0,0,0
0,0,0,0
0,0,0,0
0,0,0,0
0,0,0,0
0,0,0,0
0,0,0,0
0,0,0,0
0,0,0,0
0,0,0,0
0,0,0,0
0,0,0,0
0,0,0,0
0,0,0,0
0,0,0,0
0,0,0,0
0,0,0,0
0,0,0,0
0,0,0,0
0,0,0,0
0,0,0,0
0,0,0,0
0,0,0,0
0,0,0,0
0,0,0,0
0,0,0,0
0,0,0,0
0,0,0,0
0,0,0,0
0,0,0,0
0,0,0,0
0,0,0,0
0,0,0,0
0,0,0,0
0,0,0,0
0,0,0,0
0,0,0,0
0,0,0,0
0,0,0,0
0,0,0,0
0,0,0,0
0,0,0,0
0,0,0,0
0,0,0,0
0,0,0,0
0,0,0,0
0,0,0,0
0,0,0,0
0,0,0,0
0,0,0,0
0,0,0,0
0,0,0,0
0,0,0,0
0,0,0,0
0,0,0,0
0,0,0,0
0,0,0,0
0,0,0,0
0,0,0,0
0,0,0,0
0,0,0,0
0,0,0,0
0,0,0,0
0,0,0,0
0,0,0,0
0,0,0,0
0,0,0,0
0,0,0,0
0,0,0,0
0,0,0,0
0,0,0,0
0,0,0,0
0,0,0,0
0,0,0,0
0,0,0,0
0,0,0,0
0,0,0,0
0,0,0,0
0,0,0,0
0,0,0,0
0,0,0,0
0,0,0,0
0,0,0,0
0,0,0,0
0,0,0,0
0,0,0,0
0,0,0,0
0,0,0,0
0,0,0,0
0,0,0,0
0,0,0,0
0,0,0,0
0,0,0,0
0,0,0,0
0,0,0,0
0,0,0,0
0,0,0,0
0,0,0,0
0,0,0,0
0,0,0,0
0,0,0,0
0,0,0,0
0,0,0,0
0,0,0,0
0,0,0,0
0,0,0,0
0,0,0,0
0,0,0,0
0,0,0,0
0,0,0,0
0,0,0,0
0,0,0,0
0,0,0,0
0,0,0,0
0,0,0,0
0,0,0,0
0,0,0,0
0,0,0,0
0,0,0,0
0,0,0,0
0,0,0,0
0,0,0,0
0,0,0,0
0,0,0,0
0,0,0,0
0,0,0,0
0,0,0,0
0,0,0,0
0,0,0,0
0,0,0,0
0,0,0,0
0,0,0,0
0,0,0,0
0,0,0,0
0,0,0,0
0,0,0,0
0,0,0,0
0,0,0,0
0,0,0,0
0,0,0,0
0,0,0,0
0,0,0,0
0,0,0,0
0,0,0,0
0,0,0,0
0,0,0,0
0,0,0,0
0,0,0,0
0,0,0,0
0,0,0,0
0,0,0,0
0,0,0,0
0,0,0,0
0,0,0,0
0,0,0,0
0,0,0,0
0,0,0,0
0,0,0,0
0,0,0,0
0,0,0,0
0,0,0,0
0,0,0,0
0,0,0,0
0,0,0,0
0,0,0,0
0,0,0,0
0,0,0,0
0,0,0,0
0,0,0,0
0,0,0,0
0,0,0,0
0,0,0,0
0,0,0,0
0,0,0,0
0,0,0,0
0,0,0,0
0,0,0,0
0,0,0,0
0,0,0,0
0,0,0,0
0,0,0,0
0,0,0,0
0,0,0,0
0,0,0,0
0,0,0,0
0,0,0,0
0,0,0,0
0,0,0,0
0,0,0,0
0,0,0,0
0,0,0,0
0,0,0,0
0,0,0,0
0,0,0,0
0,0,0,0
0,0,0,0
0,0,0,0
0,0,0,0
0,0,0,0
0,0,0,0
0,0,0,0
0,0,0,0
0,0,0,0
0,0,0,0
0,0,0,0
0,0,0,0
0,0,0,0
0,0,0,0
0,0,0,0
0,0,0,0
0,0,0,0
0,0,0,0
0,0,0,0
0,0,0,0
0,0,0,0
0,0,0,0
0,0,0,0
0,0,0,0
0,0,0,0
0,0,0,0
0,0,0,0
0,0,0,0
0,0,0,0
0,0,0,0
0,0,0,0
0,0,0,0
0,0,0,0
0,0,0,0
0,0,0,0
0,0,0,0
0,0,0,0
0,0,0,0
0,0,0,0
0,0,0,0
0,0,0,0
0,0,0,0
0,0,0,0
0,0,0,0
0,0,0,0
0,0,0,0
0,0,0,0
0,0,0,0
0,0,0,0
0,0,0,0
0,0,0,0
0,0,0,0
0,0,0,0
0,0,0,0
0,0,0,0
0,0,0,0
0,0,0,0
0,0,0,0
0,0,0,0
0,0,0,0
0,0,0,0
0,0,0,0
0,0,0,0
0,0,0,0
0,0,0,0
0,0,0,0
0,0,0,0
0,0,0,0
0,0,0,0
0,0,0,0
0,0,0,0
0,0,0,0
0,0,0,0
0,0,0,0
0,0,0,0
0,0,0,0
0,0,0,0
0,0,0,0
0,0,0,0
0,0,0,0
0,0,0,0
0,0,0,0
0,0,0,0
0,0,0,0
0,0,0,0
0,0,0,0
0,0,0,0
0,0,0,0
0,0,0,0
0,0,0,0
0,0,0,0
0,0,0,0
0,0,0,0
0,0,0,0
0,0,0,0
0,0,0,0
0,0,0,0
0,0,0,0
0,0,0,0
0,0,0,0
0,0,0,0
0,0,0,0
0,0,0,0
0,0,0,0
0,0,0,0
0,0,0,0
0,0,0,0
0,0,0,0
0,0,0,0
0,0,0,0
0,0,0,0
0,0,0,0
0,0,0,0
0,0,0,0
0,0,0,0
0,0,0,0
0,0,0,0
0,0,0,0
0,0,0,0
0,0,0,0
0,0,0,0
0,0,0,0
0,0,0,0
0,0,0,0
0,0,0,0
0,0,0,0
0,0,0,0
0,0,0,0
0,0,0,0
0,0,0,0
0,0,0,0
0,0,0,0
0,0,0,0
0,0,0,0
0,0,0,0
0,0,0,0
0,0,0,0
0,0,0,0
0,0,0,0
0,0,0,0
0,0,0,0
0,0,0,0
0,0,0,0
0,0,0,0
0,0,0,0
0,0,0,0
0,0,0,0
0,0,0,0
0,0,0,0
0,0,0,0
0,0,0,0
0,0,0,0
0,0,0,0
0,0,0,0
0,0,0,0
0,0,0,0
0,0,0,0
0,0,0,0
0,0,0,0
0,0,0,0
0,0,0,0
0,0,0,0
0,0,0,0
0,0,0,0
0,0,0,0
0,0,0,0
0,0,0,0
0,0,0,0
0,0,0,0
0,0,0,0
0,0,0,0
0,0,0,0
0,0,0,0
0,0,0,0
0,0,0,0
0,0,0,0
0,0,0,0
0,0,0,0
0,0,0,0
0,0,0,0
0,0,0,0
0,0,0,0
0,0,0,0
0,0,0,0
0,0,0,0
0,0,0,0
0,0,0,0
0,0,0,0
0,0,0,0
0,0,0,0
0,0,0,0
0,0,0,0
0,0,0,0
0,0,0,0
0,0,0,0
0,0,0,0
0,0,0,0
0,0,0,0
0,0,0,0
0,0,0,0
0,0,0,0
0,0,0,0
0,0,0,0
0,0,0,0
0,0,0,0
0,0,0,0
0,0,0,0
0,0,0,0
0,0,0,0
0,0,0,0
0,0,0,0
0,0,0,0
0,0,0,0
0,0,0,0
0,0,0,0
0,0,0,0
0,0,0,0
0,0,0,0
0,0,0,0
0,0,0,0
0,0,0,0
0,0,0,0
0,0,0,0
0,0,0,0
0,0,0,0
0,0,0,0
0,0,0,0
0,0,0,0
0,0,0,0
0,0,0,0
0,0,0,0
0,0,0,0
0,0,0,0
0,0,0,0
0,0,0,0
0,0,0,0
0,0,0,0
0,0,0,0
0,0,0,0
0,0,0,0
0,0,0,0
0,0,0,0
0,0,0,0
0,0,0,0
0,0,0,0
0,0,0,0
0,0,0,0
0,0,0,0
0,0,0,0
0,0,0,0
0,0,0,0
0,0,0,0
0,0,0,0
0,0,0,0
0,0,0,0
0,0,0,0
0,0,0,0
0,0,0,0
0,0,0,0
0,0,0,0
0,0,0,0
0,0,0,0
0,0,0,0
0,0,0,0
0,0,0,0
0,0,0,0
0,0,0,0
0,0,0,0
0,0,0,0
0,0,0,0
0,0,0,0
0,0,0,0
0,0,0,0
0,0,0,0
0,0,0,0
0,0,0,0
0,0,0,0
0,0,0,0
0,0,0,0
0,0,0,0
0,0,0,0
0,0,0,0
0,0,0,0
0,0,0,0
0,0,0,0
0,0,0,0
0,0,0,0
0,0,0,0
0,0,0,0
0,0,0,0
0,0,0,0
0,0,0,0
0,0,0,0
0,0,0,0
0,0,0,0
0,0,0,0
0,0,0,0
0,0,0,0
0,0,0,0
0,0,0,0
0,0,0,0
0,0,0,0
0,0,0,0
0,0,0,0
0,0,0,0
0,0,0,0
0,0,0,0
0,0,0,0
0,0,0,0
0,0,0,0
0,0,0,0
0,0,0,0
0,0,0,0
0,0,0,0
0,0,0,0
0,0,0,0
0,0,0,0
0,0,0,0
0,0,0,0
0,0,0,0
0,0,0,0
0,0,0,0
0,0,0,0
0,0,0,0
0,0,0,0
0,0,0,0
0,0,0,0
0,0,0,0
0,0,0,0
0,0,0,0
0,0,0,0
0,0,0,0
0,0,0,0
0,0,0,0
0,0,0,0
0,0,0,0
0,0,0,0
0,0,0,0
0,0,0,0
0,0,0,0
0,0,0,0
0,0,0,0
0,0,0,0
0,0,0,0
0,0,0,0
0,0,0,0
0,0,0,0
0,0,0,0
0,0,0,0
0,0,0,0
0,0,0,0
0,0,0,0
0,0,0,0
0,0,0,0
0,0,0,0
0,0,0,0
0,0,0,0
0,0,0,0
0,0,0,0
0,0,0,0
0,0,0,0
0,0,0,0
0,0,0,0
0,0,0,0
0,0,0,0
0,0,0,0
0,0,0,0
0,0,0,0
0,0,0,0
0,0,0,0
0,0,0,0
0,0,0,0
0,0,0,0
0,0,0,0
0,0,0,0
0,0,0,0
0,0,0,0
0,0,0,0
0,0,0,0
0,0,0,0
0,0,0,0
0,0,0,0
0,0,0,0
0,0,0,0
0,0,0,0
0,0,0,0
0,0,0,0
0,0,0,0
0,0,0,0
0,0,0,0
0,0,0,0
0,0,0,0
0,0,0,0
0,0,0,0
0,0,0,0
0,0,0,0
0,0,0,0
0,0,0,0
0,0,0,0
0,0,0,0
0,0,0,0
0,0,0,0
0,0,0,0
0,0,0,0
0,0,0,0
0,0,0,0
0,0,0,0
0,0,0,0
0,0,0,0
0,0,0,0
0,0,0,0
0,0,0,0
0,0,0,0
0,0,0,0
0,0,0,0
0,0,0,0
0,0,0,0
0,0,0,0
0,0,0,0
0,0,0,0
0,0,0,0
0,0,0,0
0,0,0,0
0,0,0,0
0,0,0,0
0,0,0,0
0,0,0,0
0,0,0,0
0,0,0,0
0,0,0,0
0,0,0,0
0,0,0,0
0,0,0,0
0,0,0,0
0,0,0,0
0,0,0,0
0,0,0,0
0,0,0,0
0,0,0,0
0,0,0,0
0,0,0,0
0,0,0,0
0,0,0,0
0,0,0,0
0,0,0,0
0,0,0,0
0,0,0,0
0,0,0,0
0,0,0,0
0,0,0,0
0,0,0,0
0,0,0,0
0,0,0,0
0,0,0,0
0,0,0,0
0,0,0,0
0,0,0,0
0,0,0,0
0,0,0,0
0,0,0,0
0,0,0,0
0,0,0,0
0,0,0,0
0,0,0,0
0,0,0,0
0,0,0,0
0,0,0,0
0,0,0,0
0,0,0,0
0,0,0,0
0,0,0,0
0,0,0,0
0,0,0,0
0,0,0,0
0,0,0,0
0,0,0,0
0,0,0,0
0,0,0,0
0,0,0,0
0,0,0,0
0,0,0,0
0,0,0,0
0,0,0,0
0,0,0,0
0,0,0,0
0,0,0,0
0,0,0,0
0,0,0,0
0,0,0,0
0,0,0,0
0,0,0,0
0,0,0,0
0,0,0,0
0,0,0,0
0,0,0,0
0,0,0,0
0,0,0,0
0,0,0,0
0,0,0,0
0,0,0,0
0,0,0,0
0,0,0,0
0,0,0,0
0,0,0,0
0,0,0,0
0,0,0,0
0,0,0,0
0,0,0,0
0,0,0,0
0,0,0,0
0,0,0,0
0,0,0,0
0,0,0,0
0,0,0,0
0,0,0,0
0,0,0,0
0,0,0,0
0,0,0,0
0,0,0,0
0,0,0,0
0,0,0,0
0,0,0,0
0,0,0,0
0,0,0,0
0,0,0,0
0,0,0,0
0,0,0,0
0,0,0,0
0,0,0,0
0,0,0,0
0,0,0,0
0,0,0,0
0,0,0,0
0,0,0,0
0,0,0,0
0,0,0,0
0,0,0,0
0,0,0,0
0,0,0,0
0,0,0,0
0,0,0,0
0,0,0,0
0,0,0,0
0,0,0,0
0,0,0,0
0,0,0,0
0,0,0,0
0,0,0,0
0,0,0,0
0,0,0,0
0,0,0,0
0,0,0,0
0,0,0,0
0,0,0,0
0,0,0,0
0,0,0,0
0,0,0,0
0,0,0,0
0,0,0,0
0,0,0,0
0,0,0,0
0,0,0,0
0,0,0,0
0,0,0,0
0,0,0,0
0,0,0,0
0,0,0,0
0,0,0,0
0,0,0,0
0,0,0,0
0,0,0,0
0,0,0,0
0,0,0,0
0,0,0,0
0,0,0,0
0,0,0,0
0,0,0,0
0,0,0,0
0,0,0,0
0,0,0,0
0,0,0,0
0,0,0,0
0,0,0,0
0,0,0,0
0,0,0,0
0,0,0,0
0,0,0,0
0,0,0,0
0,0,0,0
0,0,0,0
0,0,0,0
0,0,0,0
0,0,0,0
0,0,0,0
0,0,0,0
0,0,0,0
0,0,0,0
0,0,0,0
0,0,0,0
0,0,0,0
0,0,0,0
0,0,0,0
0,0,0,0
0,0,0,0
0,0,0,0
0,0,0,0
0,0,0,0
0,0,0,0
0,0,0,0
0,0,0,0
0,0,0,0
0,0,0,0
0,0,0,0
0,0,0,0
0,0,0,0
0,0,0,0
0,0,0,0
0,0,0,0
0,0,0,0
0,0,0,0
0,0,0,0
0,0,0,0
0,0,0,0
0,0,0,0
0,0,0,0
0,0,0,0
0,0,0,0
0,0,0,0
0,0,0,0
0,0,0,0
0,0,0,0
0,0,0,0
0,0,0,0
0,0,0,0
0,0,0,0
0,0,0,0
0,0,0,0
0,0,0,0
0,0,0,0
0,0,0,0
0,0,0,0
0,0,0,0
0,0,0,0
0,0,0,0
0,0,0,0
0,0,0,0
0,0,0,0
0,0,0,0
0,0,0,0
0,0,0,0
0,0,0,0
0,0,0,0
0,0,0,0
0,0,0,0
0,0,0,0
0,0,0,0
0,0,0,0
0,0,0,0
0,0,0,0
0,0,0,0
0,0,0,0
0,0,0,0
0,0,0,0
0,0,0,0
0,0,0,0
0,0,0,0
0,0,0,0
0,0,0,0
0,0,0,0
0,0,0,0
0,0,0,0
0,0,0,0
0,0,0,0
0,0,0,0
0,0,0,0
0,0,0,0
0,0,0,0
0,0,0,0
0,0,0,0
0,0,0,0
0,0,0,0
0,0,0,0
0,0,0,0
0,0,0,0
0,0,0,0
0,0,0,0
0,0,0,0
0,0,0,0
0,0,0,0
0,0,0,0
0,0,0,0
0,0,0,0
0,0,0,0
0,0,0,0
0,0,0,0
0,0,0,0
0,0,0,0
0,0,0,0
0,0,0,0
0,0,0,0
0,0,0,0
0,0,0,0
0,0,0,0
0,0,0,0
0,0,0,0
0,0,0,0
0,0,0,0
0,0,0,0
0,0,0,0
0,0,0,0
0,0,0,0
0,0,0,0
0,0,0,0
0,0,0,0
0,0,0,0
0,0,0,0
0,0,0,0
0,0,0,0
0,0,0,0
0,0,0,0
0,0,0,0
0,0,0,0
0,0,0,0
0,0,0,0
0,0,0,0
0,0,0,0
0,0,0,0
0,0,0,0
0,0,0,0
0,0,0,0
0,0,0,0
0,0,0,0
0,0,0,0
0,0,0,0
0,0,0,0
0,0,0,0
0,0,0,0
0,0,0,0
0,0,0,0
0,0,0,0
0,0,0,0
0,0,0,0
0,0,0,0
0,0,0,0
0,0,0,0
0,0,0,0
0,0,0,0
0,0,0,0
0,0,0,0
0,0,0,0
0,0,0,0
0,0,0,0
0,0,0,0
0,0,0,0
0,0,0,0
0,0,0,0
0,0,0,0
0,0,0,0
0,0,0,0
0,0,0,0
0,0,0,0
0,0,0,0
0,0,0,0
0,0,0,0
0,0,0,0
0,0,0,0
0,0,0,0
0,0,0,0
0,0,0,0
0,0,0,0
0,0,0,0
0,0,0,0
0,0,0,0
0,0,0,0
0,0,0,0
0,0,0,0
0,0,0,0
0,0,0,0
0,0,0,0
0,0,0,0
0,0,0,0
0,0,0,0
0,0,0,0
0,0,0,0
0,0,0,0
0,0,0,0
0,0,0,0
0,0,0,0
0,0,0,0
0,0,0,0
0,0,0,0
0,0,0,0
0,0,0,0
0,0,0,0
0,0,0,0
0,0,0,0
0,0,0,0
0,0,0,0
0,0,0,0
0,0,0,0
0,0,0,0
0,0,0,0
0,0,0,0
0,0,0,0
0,0,0,0
0,0,0,0
0,0,0,0
0,0,0,0
0,0,0,0
0,0,0,0
0,0,0,0
0,0,0,0
0,0,0,0
0,0,0,0
0,0,0,0
0,0,0,0
0,0,0,0
0,0,0,0
0,0,0,0
0,0,0,0
0,0,0,0
0,0,0,0
0,0,0,0
0,0,0,0
0,0,0,0
0,0,0,0
0,0,0,0
0,0,0,0
0,0,0,0
0,0,0,0
0,0,0,0
0,0,0,0
0,0,0,0
0,0,0,0
0,0,0,0
0,0,0,0
0,0,0,0
0,0,0,0
0,0,0,0
0,0,0,0
0,0,0,0
0,0,0,0
0,0,0,0
0,0,0,0
0,0,0,0
0,0,0,0
0,0,0,0
0,0,0,0
0,0,0,0
0,0,0,0
0,0,0,0
0,0,0,0
0,0,0,0
0,0,0,0
0,0,0,0
0,0,0,0
0,0,0,0
0,0,0,0
0,0,0,0
0,0,0,0
0,0,0,0
0,0,0,0
0,0,0,0
0,0,0,0
0,0,0,0
0,0,0,0
0,0,0,0
0,0,0,0
0,0,0,0
0,0,0,0
0,0,0,0
0,0,0,0
0,0,0,0
0,0,0,0
0,0,0,0
0,0,0,0
0,0,0,0
0,0,0,0
0,0,0,0
0,0,0,0
0,0,0,0
0,0,0,0
0,0,0,0
0,0,0,0
0,0,0,0
0,0,0,0
0,0,0,0
0,0,0,0
0,0,0,0
0,0,0,0
0,0,0,0
0,0,0,0
0,0,0,0
0,0,0,0
0,0,0,0
0,0,0,0
0,0,0,0
0,0,0,0
0,0,0,0
0,0,0,0
0,0,0,0
0,0,0,0
0,0,0,0
0,0,0,0
0,0,0,0
0,0,0,0
0,0,0,0
0,0,0,0
0,0,0,0
0,0,0,0
0,0,0,0
0,0,0,0
0,0,0,0
0,0,0,0
0,0,0,0
0,0,0,0
0,0,0,0
0,0,0,0
0,0,0,0
0,0,0,0
0,0,0,0
0,0,0,0
0,0,0,0
0,0,0,0
0,0,0,0
0,0,0,0
0,0,0,0
0,0,0,0
0,0,0,0
0,0,0,0
0,0,0,0
0,0,0,0
0,0,0,0
0,0,0,0
0,0,0,0
0,0,0,0
0,0,0,0
0,0,0,0
0,0,0,0
0,0,0,0
0,0,0,0
0,0,0,0
0,0,0,0
0,0,0,0
0,0,0,0
0,0,0,0
0,0,0,0
0,0,0,0
0,0,0,0
0,0,0,0
0,0,0,0
0,0,0,0
0,0,0,0
0,0,0,0
0,0,0,0
0,0,0,0
0,0,0,0
0,0,0,0
0,0,0,0
0,0,0,0
0,0,0,0
0,0,0,0
0,0,0,0
0,0,0,0
0,0,0,0
0,0,0,0
0,0,0,0
0,0,0,0
0,0,0,0
0,0,0,0
0,0,0,0
0,0,0,0
0,0,0,0
0,0,0,0
0,0,0,0
0,0,0,0
0,0,0,0
0,0,0,0
0,0,0,0
0,0,0,0
0,0,0,0
0,0,0,0
0,0,0,0
0,0,0,0
0,0,0,0
0,0,0,0
0,0,0,0
0,0,0,0
0,0,0,0
0,0,0,0
0,0,0,0
0,0,0,0
0,0,0,0
0,0,0,0
0,0,0,0
0,0,0,0
0,0,0,0
0,0,0,0
0,0,0,0
0,0,0,0
0,0,0,0
0,0,0,0
0,0,0,0
0,0,0,0
0,0,0,0
0,0,0,0
0,0,0,0
0,0,0,0
0,0,0,0
0,0,0,0
0,0,0,0
0,0,0,0
0,0,0,0
0,0,0,0
0,0,0,0
0,0,0,0
0,0,0,0
0,0,0,0
0,0,0,0
0,0,0,0
0,0,0,0
0,0,0,0
0,0,0,0
0,0,0,0
0,0,0,0
0,0,0,0
0,0,0,0
0,0,0,0
0,0,0,0
0,0,0,0
0,0,0,0
0,0,0,0
0,0,0,0
0,0,0,0
0,0,0,0
0,0,0,0
0,0,0,0
0,0,0,0
0,0,0,0
0,0,0,0
0,0,0,0
0,0,0,0
0,0,0,0
0,0,0,0
0,0,0,0
0,0,0,0
0,0,0,0
0,0,0,0
0,0,0,0
0,0,0,0
0,0,0,0
0,0,0,0
0,0,0,0
0,0,0,0
0,0,0,0
0,0,0,0
0,0,0,0
0,0,0,0
0,0,0,0
0,0,0,0
0,0,0,0
0,0,0,0
0,0,0,0
0,0,0,0
0,0,0,0
0,0,0,0
0,0,0,0
0,0,0,0
0,0,0,0
0,0,0,0
0,0,0,0
0,0,0,0
0,0,0,0
0,0,0,0
0,0,0,0
0,0,0,0
0,0,0,0
0,0,0,0
0,0,0,0
0,0,0,0
0,0,0,0
0,0,0,0
0,0,0,0
0,0,0,0
0,0,0,0
0,0,0,0
0,0,0,0
0,0,0,0
0,0,0,0
0,0,0,0
0,0,0,0
0,0,0,0
0,0,0,0
0,0,0,0
0,0,0,0
0,0,0,0
0,0,0,0
0,0,0,0
0,0,0,0
0,0,0,0
0,0,0,0
0,0,0,0
0,0,0,0
0,0,0,0
0,0,0,0
0,0,0,0
0,0,0,0
0,0,0,0
0,0,0,0
0,0,0,0
0,0,0,0
0,0,0,0
0,0,0,0
0,0,0,0
0,0,0,0
0,0,0,0
0,0,0,0
0,0,0,0
0,0,0,0
0,0,0,0
0,0,0,0
0,0,0,0
0,0,0,0
0,0,0,0
0,0,0,0
0,0,0,0
0,0,0,0
0,0,0,0
0,0,0,0
0,0,0,0
0,0,0,0
0,0,0,0
0,0,0,0
0,0,0,0
0,0,0,0
0,0,0,0
0,0,0,0
0,0,0,0
0,0,0,0
0,0,0,0
0,0,0,0
0,0,0,0
0,0,0,0
0,0,0,0
0,0,0,0
0,0,0,0
0,0,0,0
0,0,0,0
0,0,0,0
0,0,0,0
0,0,0,0
0,0,0,0
0,0,0,0
0,0,0,0
0,0,0,0
0,0,0,0
0,0,0,0
0,0,0,0
0,0,0,0
0,0,0,0
0,0,0,0
0,0,0,0
0,0,0,0
0,0,0,0
0,0,0,0
0,0,0,0
0,0,0,0
0,0,0,0
0,0,0,0
0,0,0,0
0,0,0,0
0,0,0,0
0,0,0,0
0,0,0,0
0,0,0,0
0,0,0,0
0,0,0,0
0,0,0,0
0,0,0,0
0,0,0,0
0,0,0,0
0,0,0,0
0,0,0,0
0,0,0,0
0,0,0,0
0,0,0,0
0,0,0,0
0,0,0,0
0,0,0,0
0,0,0,0
0,0,0,0
0,0,0,0
0,0,0,0
0,0,0,0
0,0,0,0
0,0,0,0
0,0,0,0
0,0,0,0
0,0,0,0
0,0,0,0
0,0,0,0
0,0,0,0
0,0,0,0
0,0,0,0
0,0,0,0
0,0,0,0
0,0,0,0
0,0,0,0
0,0,0,0
0,0,0,0
0,0,0,0
0,0,0,0
0,0,0,0
0,0,0,0
0,0,0,0
0,0,0,0
0,0,0,0
0,0,0,0
0,0,0,0
0,0,0,0
0,0,0,0
0,0,0,0
0,0,0,0
0,0,0,0
0,0,0,0
0,0,0,0
0,0,0,0
0,0,0,0
0,0,0,0
0,0,0,0
0,0,0,0
0,0,0,0
0,0,0,0
0,0,0,0
0,0,0,0
0,0,0,0
0,0,0,0
0,0,0,0
0,0,0,0
0,0,0,0
0,0,0,0
0,0,0,0
0,0,0,0
0,0,0,0
0,0,0,0
0,0,0,0
0,0,0,0
0,0,0,0
0,0,0,0
0,0,0,0
0,0,0,0
0,0,0,0
0,0,0,0
0,0,0,0
0,0,0,0
0,0,0,0
0,0,0,0
0,0,0,0
0,0,0,0
0,0,0,0
0,0,0,0
0,0,0,0
0,0,0,0
0,0,0,0
0,0,0,0
0,0,0,0
0,0,0,0
0,0,0,0
0,0,0,0
0,0,0,0
0,0,0,0
0,0,0,0
0,0,0,0
0,0,0,0
0,0,0,0
0,0,0,0
0,0,0,0
0,0,0,0
0,0,0,0
0,0,0,0
0,0,0,0
0,0,0,0
0,0,0,0
0,0,0,0
0,0,0,0
0,0,0,0
0,0,0,0
0,0,0,0
0,0,0,0
0,0,0,0
0,0,0,0
0,0,0,0
0,0,0,0
0,0,0,0
0,0,0,0
0,0,0,0
0,0,0,0
0,0,0,0
0,0,0,0
0,0,0,0
0,0,0,0
0,0,0,0
0,0,0,0
0,0,0,0
0,0,0,0
0,0,0,0
0,0,0,0
0,0,0,0
0,0,0,0
0,0,0,0
0,0,0,0
0,0,0,0
0,0,0,0
0,0,0,0
0,0,0,0
0,0,0,0
0,0,0,0
0,0,0,0
0,0,0,0
0,0,0,0
0,0,0,0
0,0,0,0
0,0,0,0
0,0,0,0
0,0,0,0
0,0,0,0
0,0,0,0
0,0,0,0
0,0,0,0
0,0,0,0
0,0,0,0
0,0,0,0
0,0,0,0
0,0,0,0
0,0,0,0
0,0,0,0
0,0,0,0
0,0,0,0
0,0,0,0
0,0,0,0
0,0,0,0
0,0,0,0
0,0,0,0
0,0,0,0
0,0,0,0
0,0,0,0
0,0,0,0
0,0,0,0
0,0,0,0
0,0,0,0
0,0,0,0
0,0,0,0
0,0,0,0
0,0,0,0
0,0,0,0
0,0,0,0
0,0,0,0
0,0,0,0
0,0,0,0
0,0,0,0
0,0,0,0
0,0,0,0
0,0,0,0
0,0,0,0
0,0,0,0
0,0,0,0
0,0,0,0
0,0,0,0
0,0,0,0
0,0,0,0
0,0,0,0
0,0,0,0
0,0,0,0
0,0,0,0
0,0,0,0
0,0,0,0
0,0,0,0
0,0,0,0
0,0,0,0
0,0,0,0
0,0,0,0
0,0,0,0
0,0,0,0
0,0,0,0
0,0,0,0
0,0,0,0
0,0,0,0
0,0,0,0
0,0,0,0
0,0,0,0
0,0,0,0
0,0,0,0
0,0,0,0
0,0,0,0
0,0,0,0
0,0,0,0
0,0,0,0
0,0,0,0
0,0,0,0
0,0,0,0
0,0,0,0
0,0,0,0
0,0,0,0
0,0,0,0
0,0,0,0
0,0,0,0
0,0,0,0
0,0,0,0
0,0,0,0
0,0,0,0
0,0,0,0
0,0,0,0
0,0,0,0
0,0,0,0
0,0,0,0
0,0,0,0
0,0,0,0
0,0,0,0
0,0,0,0
0,0,0,0
0,0,0,0
0,0,0,0
0,0,0,0
0,0,0,0
0,0,0,0
0,0,0,0
0,0,0,0
0,0,0,0
0,0,0,0
0,0,0,0
0,0,0,0
0,0,0,0
0,0,0,0
0,0,0,0
0,0,0,0
0,0,0,0
0,0,0,0
0,0,0,0
0,0,0,0
0,0,0,0
0,0,0,0
0,0,0,0
0,0,0,0
0,0,0,0
0,0,0,0
0,0,0,0
0,0,0,0
0,0,0,0
0,0,0,0
0,0,0,0
0,0,0,0
0,0,0,0
0,0,0,0
0,0,0,0
0,0,0,0
0,0,0,0
0,0,0,0
0,0,0,0
0,0,0,0
0,0,0,0
0,0,0,0
0,0,0,0
0,0,0,0
0,0,0,0
0,0,0,0
0,0,0,0
0,0,0,0
0,0,0,0
0,0,0,0
0,0,0,0
0,0,0,0
0,0,0,0
0,0,0,0
0,0,0,0
0,0,0,0
0,0,0,0
0,0,0,0
0,0,0,0
0,0,0,0
0,0,0,0
0,0,0,0
0,0,0,0
0,0,0,0
0,0,0,0
0,0,0,0
0,0,0,0
0,0,0,0
0,0,0,0
0,0,0,0
0,0,0,0
0,0,0,0
0,0,0,0
0,0,0,0
0,0,0,0
0,0,0,0
0,0,0,0
0,0,0,0
0,0,0,0
0,0,0,0
0,0,0,0
0,0,0,0
0,0,0,0
0,0,0,0
0,0,0,0
0,0,0,0
0,0,0,0
0,0,0,0
0,0,0,0
0,0,0,0
0,0,0,0
0,0,0,0
0,0,0,0
0,0,0,0
0,0,0,0
0,0,0,0
0,0,0,0
0,0,0,0
0,0,0,0
0,0,0,0
0,0,0,0
0,0,0,0
0,0,0,0
0,0,0,0
0,0,0,0
0,0,0,0
0,0,0,0
0,0,0,0
0,0,0,0
0,0,0,0
0,0,0,0
0,0,0,0
0,0,0,0
0,0,0,0
0,0,0,0
0,0,0,0
0,0,0,0
0,0,0,0
0,0,0,0
0,0,0,0
0,0,0,0
0,0,0,0
0,0,0,0
0,0,0,0
0,0,0,0
0,0,0,0
0,0,0,0
0,0,0,0
0,0,0,0
0,0,0,0
0,0,0,0
0,0,0,0
0,0,0,0
0,0,0,0
0,0,0,0
0,0,0,0
0,0,0,0
0,0,0,0
0,0,0,0
0,0,0,0
0,0,0,0
0,0,0,0
0,0,0,0
0,0,0,0
0,0,0,0
0,0,0,0
0,0,0,0
0,0,0,0
0,0,0,0
0,0,0,0
0,0,0,0
0,0,0,0
0,0,0,0
0,0,0,0
0,0,0,0
0,0,0,0
0,0,0,0
0,0,0,0
0,0,0,0
0,0,0,0
0,0,0,0
0,0,0,0
0,0,0,0
0,0,0,0
0,0,0,0
0,0,0,0
0,0,0,0
0,0,0,0
0,0,0,0
0,0,0,0
0,0,0,0
0,0,0,0
0,0,0,0
0,0,0,0
0,0,0,0
0,0,0,0
0,0,0,0
0,0,0,0
0,0,0,0
0,0,0,0
0,0,0,0
0,0,0,0
0,0,0,0
0,0,0,0
0,0,0,0
0,0,0,0
0,0,0,0
0,0,0,0
0,0,0,0
0,0,0,0
0,0,0,0
0,0,0,0
0,0,0,0
0,0,0,0
0,0,0,0
0,0,0,0
0,0,0,0
0,0,0,0
0,0,0,0
0,0,0,0
0,0,0,0
0,0,0,0
0,0,0,0
0,0,0,0
0,0,0,0
0,0,0,0
0,0,0,0
0,0,0,0
0,0,0,0
0,0,0,0
0,0,0,0
0,0,0,0
0,0,0,0
0,0,0,0
0,0,0,0
0,0,0,0
0,0,0,0
0,0,0,0
0,0,0,0
0,0,0,0
0,0,0,0
0,0,0,0
0,0,0,0
0,0,0,0
0,0,0,0
0,0,0,0
0,0,0,0
0,0,0,0
0,0,0,0
0,0,0,0
0,0,0,0
0,0,0,0
0,0,0,0
0,0,0,0
0,0,0,0
0,0,0,0
0,0,0,0
0,0,0,0
0,0,0,0
0,0,0,0
0,0,0,0
0,0,0,0
0,0,0,0
0,0,0,0
0,0,0,0
0,0,0,0
0,0,0,0
0,0,0,0
0,0,0,0
0,0,0,0
0,0,0,0
0,0,0,0
0,0,0,0
0,0,0,0
0,0,0,0
0,0,0,0
0,0,0,0
0,0,0,0
0,0,0,0
0,0,0,0
0,0,0,0
0,0,0,0
0,0,0,0
0,0,0,0
0,0,0,0
0,0,0,0
0,0,0,0
0,0,0,0
0,0,0,0
0,0,0,0
0,0,0,0
0,0,0,0
0,0,0,0
0,0,0,0
0,0,0,0
0,0,0,0
0,0,0,0
0,0,0,0
0,0,0,0
0,0,0,0
0,0,0,0
0,0,0,0
0,0,0,0
0,0,0,0
0,0,0,0
0,0,0,0
0,0,0,0
0,0,0,0
0,0,0,0
0,0,0,0
0,0,0,0
0,0,0,0
0,0,0,0
0,0,0,0
0,0,0,0
0,0,0,0
0,0,0,0
0,0,0,0
0,0,0,0
0,0,0,0
0,0,0,0
0,0,0,0
0,0,0,0
0,0,0,0
0,0,0,0
0,0,0,0
0,0,0,0
0,0,0,0
0,0,0,0
0,0,0,0
0,0,0,0
0,0,0,0
0,0,0,0
0,0,0,0
0,0,0,0
0,0,0,0
0,0,0,0
0,0,0,0
0,0,0,0
0,0,0,0
0,0,0,0
0,0,0,0
0,0,0,0
0,0,0,0
0,0,0,0
0,0,0,0
0,0,0,0
0,0,0,0
0,0,0,0
0,0,0,0
0,0,0,0
0,0,0,0
0,0,0,0
0,0,0,0
0,0,0,0
0,0,0,0
0,0,0,0
0,0,0,0
0,0,0,0
0,0,0,0
0,0,0,0
0,0,0,0
0,0,0,0
0,0,0,0
0,0,0,0
0,0,0,0
0,0,0,0
0,0,0,0
0,0,0,0
0,0,0,0
0,0,0,0
0,0,0,0
0,0,0,0
0,0,0,0
0,0,0,0
0,0,0,0
0,0,0,0
0,0,0,0
0,0,0,0
0,0,0,0
0,0,0,0
0,0,0,0
0,0,0,0
0,0,0,0
0,0,0,0
0,0,0,0
0,0,0,0
0,0,0,0
0,0,0,0
0,0,0,0
0,0,0,0
0,0,0,0
0,0,0,0
0,0,0,0
0,0,0,0
0,0,0,0
0,0,0,0
0,0,0,0
0,0,0,0
0,0,0,0
0,0,0,0
0,0,0,0
0,0,0,0
0,0,0,0
0,0,0,0
0,0,0,0
0,0,0,0
0,0,0,0
0,0,0,0
0,0,0,0
0,0,0,0
0,0,0,0
0,0,0,0
0,0,0,0
0,0,0,0
0,0,0,0
0,0,0,0
0,0,0,0
0,0,0,0
0,0,0,0
0,0,0,0
0,0,0,0
0,0,0,0
0,0,0,0
0,0,0,0
0,0,0,0
0,0,0,0
0,0,0,0
0,0,0,0
0,0,0,0
0,0,0,0
0,0,0,0
0,0,0,0
0,0,0,0
0,0,0,0
0,0,0,0
0,0,0,0
0,0,0,0
0,0,0,0
0,0,0,0
0,0,0,0
0,0,0,0
0,0,0,0
0,0,0,0
0,0,0,0
0,0,0,0
0,0,0,0
0,0,0,0
0,0,0,0
0,0,0,0
0,0,0,0
0,0,0,0
0,0,0,0
0,0,0,0
0,0,0,0
0,0,0,0
0,0,0,0
0,0,0,0
0,0,0,0
0,0,0,0
0,0,0,0
0,0,0,0
0,0,0,0
0,0,0,0
0,0,0,0
0,0,0,0
0,0,0,0
0,0,0,0
0,0,0,0
0,0,0,0
0,0,0,0
0,0,0,0
0,0,0,0
0,0,0,0
0,0,0,0
0,0,0,0
0,0,0,0
0,0,0,0
0,0,0,0
0,0,0,0
0,0,0,0
0,0,0,0
0,0,0,0
0,0,0,0
0,0,0,0
0,0,0,0
0,0,0,0
0,0,0,0
0,0,0,0
0,0,0,0
0,0,0,0
0,0,0,0
0,0,0,0
0,0,0,0
0,0,0,0
0,0,0,0
0,0,0,0
0,0,0,0
0,0,0,0
0,0,0,0
0,0,0,0
0,0,0,0
0,0,0,0
0,0,0,0
0,0,0,0
0,0,0,0
0,0,0,0
0,0,0,0
0,0,0,0
0,0,0,0
0,0,0,0
0,0,0,0
0,0,0,0
0,0,0,0
0,0,0,0
0,0,0,0
0,0,0,0
0,0,0,0
0,0,0,0
0,0,0,0
0,0,0,0
0,0,0,0
0,0,0,0
0,0,0,0
0,0,0,0
0,0,0,0
0,0,0,0
0,0,0,0
0,0,0,0
0,0,0,0
0,0,0,0
0,0,0,0
0,0,0,0
0,0,0,0
0,0,0,0
0,0,0,0
0,0,0,0
0,0,0,0
0,0,0,0
0,0,0,0
0,0,0,0
0,0,0,0
0,0,0,0
0,0,0,0
0,0,0,0
0,0,0,0
0,0,0,0
0,0,0,0
0,0,0,0
0,0,0,0
0,0,0,0
0,0,0,0
0,0,0,0
0,0,0,0
0,0,0,0
0,0,0,0
0,0,0,0
0,0,0,0
0,0,0,0
0,0,0,0
0,0,0,0
0,0,0,0
0,0,0,0
0,0,0,0
0,0,0,0
0,0,0,0
0,0,0,0
0,0,0,0
0,0,0,0
0,0,0,0
0,0,0,0
0,0,0,0
0,0,0,0
0,0,0,0
0,0,0,0
0,0,0,0
0,0,0,0
0,0,0,0
0,0,0,0
0,0,0,0
0,0,0,0
0,0,0,0
0,0,0,0
0,0,0,0
0,0,0,0
0,0,0,0
0,0,0,0
0,0,0,0
0,0,0,0
0,0,0,0
0,0,0,0
0,0,0,0
0,0,0,0
0,0,0,0
0,0,0,0
0,0,0,0
0,0,0,0
0,0,0,0
0,0,0,0
0,0,0,0
0,0,0,0
0,0,0,0
0,0,0,0
0,0,0,0
0,0,0,0
0,0,0,0
0,0,0,0
0,0,0,0
0,0,0,0
0,0,0,0
0,0,0,0
0,0,0,0
0,0,0,0
0,0,0,0
0,0,0,0
0,0,0,0
0,0,0,0
0,0,0,0
0,0,0,0
0,0,0,0
0,0,0,0
0,0,0,0
0,0,0,0
0,0,0,0
0,0,0,0
0,0,0,0
0,0,0,0
0,0,0,0
0,0,0,0
0,0,0,0
0,0,0,0
0,0,0,0
0,0,0,0
0,0,0,0
0,0,0,0
0,0,0,0
0,0,0,0
0,0,0,0
0,0,0,0
0,0,0,0
0,0,0,0
0,0,0,0
0,0,0,0
0,0,0,0
0,0,0,0
0,0,0,0
0,0,0,0
0,0,0,0
0,0,0,0
0,0,0,0
0,0,0,0
0,0,0,0
0,0,0,0
0,0,0,0
0,0,0,0
0,0,0,0
0,0,0,0
0,0,0,0
0,0,0,0
0,0,0,0
0,0,0,0
0,0,0,0
0,0,0,0
0,0,0,0
0,0,0,0
0,0,0,0
0,0,0,0
0,0,0,0
0,0,0,0
0,0,0,0
0,0,0,0
0,0,0,0
0,0,0,0
0,0,0,0
0,0,0,0
0,0,0,0
0,0,0,0
0,0,0,0
0,0,0,0
0,0,0,0
0,0,0,0
0,0,0,0
0,0,0,0
0,0,0,0
0,0,0,0
0,0,0,0
0,0,0,0
0,0,0,0
0,0,0,0
0,0,0,0
0,0,0,0
0,0,0,0
0,0,0,0
0,0,0,0
0,0,0,0
0,0,0,0
0,0,0,0
0,0,0,0
0,0,0,0
0,0,0,0
0,0,0,0
0,0,0,0
0,0,0,0
0,0,0,0
0,0,0,0
0,0,0,0
0,0,0,0
0,0,0,0
0,0,0,0
0,0,0,0
0,0,0,0
0,0,0,0
0,0,0,0
0,0,0,0
0,0,0,0
0,0,0,0
0,0,0,0
0,0,0,0
0,0,0,0
0,0,0,0
0,0,0,0
0,0,0,0
0,0,0,0
0,0,0,0
0,0,0,0
0,0,0,0
0,0,0,0
0,0,0,0
0,0,0,0
0,0,0,0
0,0,0,0
0,0,0,0
0,0,0,0
0,0,0,0
0,0,0,0
0,0,0,0
0,0,0,0
0,0,0,0
0,0,0,0
0,0,0,0
0,0,0,0
0,0,0,0
0,0,0,0
0,0,0,0
0,0,0,0
0,0,0,0
0,0,0,0
0,0,0,0
0,0,0,0
0,0,0,0
0,0,0,0
0,0,0,0
0,0,0,0
0,0,0,0
0,0,0,0
0,0,0,0
0,0,0,0
0,0,0,0
0,0,0,0
0,0,0,0
0,0,0,0
0,0,0,0
0,0,0,0
0,0,0,0
0,0,0,0
0,0,0,0
0,0,0,0
0,0,0,0
0,0,0,0
0,0,0,0
0,0,0,0
0,0,0,0
0,0,0,0
0,0,0,0
0,0,0,0
0,0,0,0
0,0,0,0
0,0,0,0
0,0,0,0
0,0,0,0
0,0,0,0
0,0,0,0
0,0,0,0
0,0,0,0
0,0,0,0
0,0,0,0
0,0,0,0
0,0,0,0
0,0,0,0
0,0,0,0
0,0,0,0
0,0,0,0
0,0,0,0
0,0,0,0
0,0,0,0
0,0,0,0
0,0,0,0
0,0,0,0
0,0,0,0
0,0,0,0
0,0,0,0
0,0,0,0
0,0,0,0
0,0,0,0
0,0,0,0
0,0,0,0
0,0,0,0
0,0,0,0
0,0,0,0
0,0,0,0
0,0,0,0
0,0,0,0
0,0,0,0
0,0,0,0
0,0,0,0
0,0,0,0
0,0,0,0
0,0,0,0
0,0,0,0
0,0,0,0
0,0,0,0
0,0,0,0
0,0,0,0
0,0,0,0
0,0,0,0
0,0,0,0
0,0,0,0
0,0,0,0
0,0,0,0
0,0,0,0
0,0,0,0
0,0,0,0
0,0,0,0
0,0,0,0
0,0,0,0
0,0,0,0
0,0,0,0
0,0,0,0
0,0,0,0
0,0,0,0
0,0,0,0
0,0,0,0
0,0,0,0
0,0,0,0
0,0,0,0
0,0,0,0
0,0,0,0
0,0,0,0
0,0,0,0
0,0,0,0
0,0,0,0
0,0,0,0
0,0,0,0
0,0,0,0
0,0,0,0
0,0,0,0
0,0,0,0
0,0,0,0
0,0,0,0
0,0,0,0
0,0,0,0
0,0,0,0
0,0,0,0
0,0,0,0
0,0,0,0
0,0,0,0
0,0,0,0
0,0,0,0
0,0,0,0
0,0,0,0
0,0,0,0
0,0,0,0
0,0,0,0
0,0,0,0
0,0,0,0
0,0,0,0
0,0,0,0
0,0,0,0
0,0,0,0
0,0,0,0
0,0,0,0
0,0,0,0
0,0,0,0
0,0,0,0
0,0,0,0
0,0,0,0
0,0,0,0
0,0,0,0
0,0,0,0
0,0,0,0
0,0,0,0
0,0,0,0
0,0,0,0
0,0,0,0
0,0,0,0
0,0,0,0
0,0,0,0
0,0,0,0
0,0,0,0
0,0,0,0
0,0,0,0
0,0,0,0
0,0,0,0
0,0,0,0
0,0,0,0
0,0,0,0
0,0,0,0
0,0,0,0
0,0,0,0
0,0,0,0
0,0,0,0
0,0,0,0
0,0,0,0
0,0,0,0
0,0,0,0
0,0,0,0
0,0,0,0
0,0,0,0
0,0,0,0
0,0,0,0
0,0,0,0
0,0,0,0
0,0,0,0
0,0,0,0
0,0,0,0
0,0,0,0
0,0,0,0
0,0,0,0
0,0,0,0
0,0,0,0
0,0,0,0
0,0,0,0
0,0,0,0
0,0,0,0
0,0,0,0
0,0,0,0
0,0,0,0
0,0,0,0
0,0,0,0
0,0,0,0
0,0,0,0
0,0,0,0
0,0,0,0
0,0,0,0
0,0,0,0
0,0,0,0
0,0,0,0
0,0,0,0
0,0,0,0
0,0,0,0
0,0,0,0
0,0,0,0
0,0,0,0
0,0,0,0
0,0,0,0
0,0,0,0
0,0,0,0
0,0,0,0
0,0,0,0
0,0,0,0
0,0,0,0
0,0,0,0
0,0,0,0
0,0,0,0
0,0,0,0
0,0,0,0
0,0,0,0
0,0,0,0
0,0,0,0
0,0,0,0
0,0,0,0
0,0,0,0
0,0,0,0
0,0,0,0
0,0,0,0
0,0,0,0
0,0,0,0
0,0,0,0
0,0,0,0
0,0,0,0
0,0,0,0
0,0,0,0
0,0,0,0
0,0,0,0
0,0,0,0
0,0,0,0
0,0,0,0
0,0,0,0
0,0,0,0
0,0,0,0
0,0,0,0
0,0,0,0
0,0,0,0
0,0,0,0
0,0,0,0
0,0,0,0
0,0,0,0
0,0,0,0
0,0,0,0
0,0,0,0
0,0,0,0
0,0,0,0
0,0,0,0
0,0,0,0
0,0,0,0
0,0,0,0
0,0,0,0
0,0,0,0
0,0,0,0
0,0,0,0
0,0,0,0
0,0,0,0
0,0,0,0
0,0,0,0
0,0,0,0
0,0,0,0
0,0,0,0
0,0,0,0
0,0,0,0
0,0,0,0
0,0,0,0
0,0,0,0
0,0,0,0
0,0,0,0
0,0,0,0
0,0,0,0
0,0,0,0
0,0,0,0
0,0,0,0
0,0,0,0
0,0,0,0
0,0,0,0
0,0,0,0
0,0,0,0
0,0,0,0
0,0,0,0
0,0,0,0
0,0,0,0
0,0,0,0
0,0,0,0
0,0,0,0
0,0,0,0
0,0,0,0
0,0,0,0
0,0,0,0
0,0,0,0
0,0,0,0
0,0,0,0
0,0,0,0
0,0,0,0
0,0,0,0
0,0,0,0
0,0,0,0
0,0,0,0
0,0,0,0
0,0,0,0
0,0,0,0
0,0,0,0
0,0,0,0
0,0,0,0
0,0,0,0
0,0,0,0
0,0,0,0
0,0,0,0
0,0,0,0
0,0,0,0
0,0,0,0
0,0,0,0
0,0,0,0
0,0,0,0
0,0,0,0
0,0,0,0
0,0,0,0
0,0,0,0
0,0,0,0
0,0,0,0
0,0,0,0
0,0,0,0
0,0,0,0
0,0,0,0
0,0,0,0
0,0,0,0
0,0,0,0
0,0,0,0
0,0,0,0
0,0,0,0
0,0,0,0
0,0,0,0
0,0,0,0
0,0,0,0
0,0,0,0
0,0,0,0
0,0,0,0
0,0,0,0
0,0,0,0
0,0,0,0
0,0,0,0
0,0,0,0
0,0,0,0
0,0,0,0
0,0,0,0
0,0,0,0
0,0,0,0
0,0,0,0
0,0,0,0
0,0,0,0
0,0,0,0
0,0,0,0
0,0,0,0
0,0,0,0
0,0,0,0
0,0,0,0
0,0,0,0
0,0,0,0
0,0,0,0
0,0,0,0
0,0,0,0
0,0,0,0
0,0,0,0
0,0,0,0
0,0,0,0
0,0,0,0
0,0,0,0
0,0,0,0
0,0,0,0
0,0,0,0
0,0,0,0
0,0,0,0
0,0,0,0
0,0,0,0
0,0,0,0
0,0,0,0
0,0,0,0
0,0,0,0
0,0,0,0
0,0,0,0
0,0,0,0
0,0,0,0
0,0,0,0
0,0,0,0
0,0,0,0
0,0,0,0
0,0,0,0
0,0,0,0
0,0,0,0
0,0,0,0
0,0,0,0
0,0,0,0
0,0,0,0
0,0,0,0
0,0,0,0
0,0,0,0
0,0,0,0
0,0,0,0
0,0,0,0
0,0,0,0
0,0,0,0
0,0,0,0
0,0,0,0
0,0,0,0
0,0,0,0
0,0,0,0
0,0,0,0
0,0,0,0
0,0,0,0
0,0,0,0
0,0,0,0
0,0,0,0
0,0,0,0
0,0,0,0
0,0,0,0
0,0,0,0
0,0,0,0
0,0,0,0
0,0,0,0
0,0,0,0
0,0,0,0
0,0,0,0
0,0,0,0
0,0,0,0
0,0,0,0
0,0,0,0
0,0,0,0
0,0,0,0
0,0,0,0
0,0,0,0
0,0,0,0
0,0,0,0
0,0,0,0
0,0,0,0
0,0,0,0
0,0,0,0
0,0,0,0
0,0,0,0
0,0,0,0
0,0,0,0
0,0,0,0
0,0,0,0
0,0,0,0
0,0,0,0
0,0,0,0
0,0,0,0
0,0,0,0
0,0,0,0
0,0,0,0
0,0,0,0
0,0,0,0
0,0,0,0
0,0,0,0
0,0,0,0
0,0,0,0
0,0,0,0
0,0,0,0
0,0,0,0
0,0,0,0
0,0,0,0
0,0,0,0
0,0,0,0
0,0,0,0
0,0,0,0
0,0,0,0
0,0,0,0
0,0,0,0
0,0,0,0
0,0,0,0
0,0,0,0
0,0,0,0
0,0,0,0
0,0,0,0
0,0,0,0
0,0,0,0
0,0,0,0
0,0,0,0
0,0,0,0
0,0,0,0
0,0,0,0
0,0,0,0
0,0,0,0
0,0,0,0
0,0,0,0
0,0,0,0
0,0,0,0
0,0,0,0
0,0,0,0
0,0,0,0
0,0,0,0
0,0,0,0
0,0,0,0
0,0,0,0
0,0,0,0
0,0,0,0
0,0,0,0
0,0,0,0
0,0,0,0
0,0,0,0
0,0,0,0
0,0,0,0
0,0,0,0
0,0,0,0
0,0,0,0
0,0,0,0
0,0,0,0
0,0,0,0
0,0,0,0
0,0,0,0
0,0,0,0
0,0,0,0
0,0,0,0
0,0,0,0
0,0,0,0
0,0,0,0
0,0,0,0
0,0,0,0
0,0,0,0
0,0,0,0
0,0,0,0
0,0,0,0
0,0,0,0
0,0,0,0
0,0,0,0
0,0,0,0
0,0,0,0
0,0,0,0
0,0,0,0
0,0,0,0
0,0,0,0
0,0,0,0
0,0,0,0
0,0,0,0
0,0,0,0
0,0,0,0
0,0,0,0
0,0,0,0
0,0,0,0
0,0,0,0
0,0,0,0
0,0,0,0
0,0,0,0
0,0,0,0
0,0,0,0
0,0,0,0
0,0,0,0
0,0,0,0
0,0,0,0
0,0,0,0
0,0,0,0
0,0,0,0
0,0,0,0
0,0,0,0
0,0,0,0
0,0,0,0
0,0,0,0
0,0,0,0
0,0,0,0
0,0,0,0
0,0,0,0
0,0,0,0
0,0,0,0
0,0,0,0
0,0,0,0
0,0,0,0
0,0,0,0
0,0,0,0
0,0,0,0
0,0,0,0
0,0,0,0
0,0,0,0
0,0,0,0
0,0,0,0
0,0,0,0
0,0,0,0
0,0,0,0
0,0,0,0
0,0,0,0
0,0,0,0
0,0,0,0
0,0,0,0
0,0,0,0
0,0,0,0
0,0,0,0
0,0,0,0
0,0,0,0
0,0,0,0
0,0,0,0
0,0,0,0
0,0,0,0
0,0,0,0
0,0,0,0
0,0,0,0
0,0,0,0
0,0,0,0
0,0,0,0
0,0,0,0
0,0,0,0
0,0,0,0
0,0,0,0
0,0,0,0
0,0,0,0
0,0,0,0
0,0,0,0
0,0,0,0
0,0,0,0
0,0,0,0
0,0,0,0
0,0,0,0
0,0,0,0
0,0,0,0
0,0,0,0
0,0,0,0
0,0,0,0
0,0,0,0
0,0,0,0
0,0,0,0
0,0,0,0
0,0,0,0
0,0,0,0
0,0,0,0
0,0,0,0
0,0,0,0
0,0,0,0
0,0,0,0
0,0,0,0
0,0,0,0
0,0,0,0
0,0,0,0
0,0,0,0
0,0,0,0
0,0,0,0
0,0,0,0
0,0,0,0
0,0,0,0
0,0,0,0
0,0,0,0
0,0,0,0
0,0,0,0
0,0,0,0
0,0,0,0
0,0,0,0
0,0,0,0
0,0,0,0
0,0,0,0
0,0,0,0
0,0,0,0
0,0,0,0
0,0,0,0
0,0,0,0
0,0,0,0
0,0,0,0
0,0,0,0
0,0,0,0
0,0,0,0
0,0,0,0
0,0,0,0
0,0,0,0
0,0,0,0
0,0,0,0
0,0,0,0
0,0,0,0
0,0,0,0
0,0,0,0
0,0,0,0
0,0,0,0
0,0,0,0
0,0,0,0
0,0,0,0
0,0,0,0
0,0,0,0
0,0,0,0
0,0,0,0
0,0,0,0
0,0,0,0
0,0,0,0
0,0,0,0
0,0,0,0
0,0,0,0
0,0,0,0
0,0,0,0
0,0,0,0
0,0,0,0
0,0,0,0
0,0,0,0
0,0,0,0
0,0,0,0
0,0,0,0
0,0,0,0
0,0,0,0
0,0,0,0
0,0,0,0
0,0,0,0
0,0,0,0
0,0,0,0
0,0,0,0
0,0,0,0
0,0,0,0
0,0,0,0
0,0,0,0
0,0,0,0
0,0,0,0
0,0,0,0
0,0,0,0
0,0,0,0
0,0,0,0
0,0,0,0
0,0,0,0
0,0,0,0
0,0,0,0
0,0,0,0
0,0,0,0
0,0,0,0
0,0,0,0
0,0,0,0
0,0,0,0
0,0,0,0
0,0,0,0
0,0,0,0
0,0,0,0
0,0,0,0
0,0,0,0
0,0,0,0
0,0,0,0
0,0,0,0
0,0,0,0
0,0,0,0
0,0,0,0
0,0,0,0
0,0,0,0
0,0,0,0
0,0,0,0
0,0,0,0
0,0,0,0
0,0,0,0
0,0,0,0
0,0,0,0
0,0,0,0
0,0,0,0
0,0,0,0
0,0,0,0
0,0,0,0
0,0,0,0
0,0,0,0
0,0,0,0
0,0,0,0
0,0,0,0
0,0,0,0
0,0,0,0
0,0,0,0
0,0,0,0
0,0,0,0
0,0,0,0
0,0,0,0
0,0,0,0
0,0,0,0
0,0,0,0
0,0,0,0
0,0,0,0
0,0,0,0
0,0,0,0
0,0,0,0
0,0,0,0
0,0,0,0
0,0,0,0
0,0,0,0
0,0,0,0
0,0,0,0
0,0,0,0
0,0,0,0
0,0,0,0
0,0,0,0
0,0,0,0
0,0,0,0
0,0,0,0
0,0,0,0
0,0,0,0
0,0,0,0
0,0,0,0
0,0,0,0
0,0,0,0
0,0,0,0
0,0,0,0
0,0,0,0
0,0,0,0
0,0,0,0
0,0,0,0
0,0,0,0
0,0,0,0
0,0,0,0
0,0,0,0
0,0,0,0
0,0,0,0
0,0,0,0
0,0,0,0
0,0,0,0
0,0,0,0
0,0,0,0
0,0,0,0
0,0,0,0
0,0,0,0
0,0,0,0
0,0,0,0
0,0,0,0
0,0,0,0
0,0,0,0
0,0,0,0
0,0,0,0
0,0,0,0
0,0,0,0
0,0,0,0
0,0,0,0
0,0,0,0
0,0,0,0
0,0,0,0
0,0,0,0
0,0,0,0
0,0,0,0
0,0,0,0
0,0,0,0
0,0,0,0
0,0,0,0
0,0,0,0
0,0,0,0
0,0,0,0
0,0,0,0
0,0,0,0
0,0,0,0
0,0,0,0
0,0,0,0
0,0,0,0
0,0,0,0
0,0,0,0
0,0,0,0
0,0,0,0
0,0,0,0
0,0,0,0
0,0,0,0
0,0,0,0
0,0,0,0
0,0,0,0
0,0,0,0
0,0,0,0
0,0,0,0
0,0,0,0
0,0,0,0
0,0,0,0
0,0,0,0
0,0,0,0
0,0,0,0
0,0,0,0
0,0,0,0
0,0,0,0
0,0,0,0
0,0,0,0
0,0,0,0
0,0,0,0
0,0,0,0
0,0,0,0
0,0,0,0
0,0,0,0
0,0,0,0
0,0,0,0
0,0,0,0
0,0,0,0
0,0,0,0
0,0,0,0
0,0,0,0
0,0,0,0
0,0,0,0
0,0,0,0
0,0,0,0
0,0,0,0
0,0,0,0
0,0,0,0
0,0,0,0
0,0,0,0
0,0,0,0
0,0,0,0
0,0,0,0
0,0,0,0
0,0,0,0
0,0,0,0
0,0,0,0
0,0,0,0
0,0,0,0
0,0,0,0
0,0,0,0
0,0,0,0
0,0,0,0
0,0,0,0
0,0,0,0
0,0,0,0
0,0,0,0
0,0,0,0
0,0,0,0
0,0,0,0
0,0,0,0
0,0,0,0
0,0,0,0
0,0,0,0
0,0,0,0
0,0,0,0
0,0,0,0
0,0,0,0
0,0,0,0
0,0,0,0
0,0,0,0
0,0,0,0
0,0,0,0
0,0,0,0
0,0,0,0
0,0,0,0
0,0,0,0
0,0,0,0
0,0,0,0
0,0,0,0
0,0,0,0
0,0,0,0
0,0,0,0
0,0,0,0
0,0,0,0
0,0,0,0
0,0,0,0
0,0,0,0
0,0,0,0
0,0,0,0
0,0,0,0
0,0,0,0
0,0,0,0
0,0,0,0
0,0,0,0
0,0,0,0
0,0,0,0
0,0,0,0
0,0,0,0
0,0,0,0
0,0,0,0
0,0,0,0
0,0,0,0
0,0,0,0
0,0,0,0
0,0,0,0
0,0,0,0
0,0,0,0
0,0,0,0
0,0,0,0
0,0,0,0
0,0,0,0
0,0,0,0
0,0,0,0
0,0,0,0
0,0,0,0
0,0,0,0
0,0,0,0
0,0,0,0
0,0,0,0
0,0,0,0
0,0,0,0
0,0,0,0
0,0,0,0
0,0,0,0
0,0,0,0
0,0,0,0
0,0,0,0
0,0,0,0
0,0,0,0
0,0,0,0
0,0,0,0
0,0,0,0
0,0,0,0
0,0,0,0
0,0,0,0
0,0,0,0
0,0,0,0
0,0,0,0
0,0,0,0
0,0,0,0
0,0,0,0
0,0,0,0
0,0,0,0
0,0,0,0
0,0,0,0
0,0,0,0
0,0,0,0
0,0,0,0
0,0,0,0
0,0,0,0
0,0,0,0
0,0,0,0
0,0,0,0
0,0,0,0
0,0,0,0
0,0,0,0
0,0,0,0
0,0,0,0
0,0,0,0
0,0,0,0
0,0,0,0
0,0,0,0
0,0,0,0
0,0,0,0
0,0,0,0
0,0,0,0
0,0,0,0
0,0,0,0
0,0,0,0
0,0,0,0
0,0,0,0
0,0,0,0
0,0,0,0
0,0,0,0
0,0,0,0
0,0,0,0
0,0,0,0
0,0,0,0
0,0,0,0
0,0,0,0
0,0,0,0
0,0,0,0
0,0,0,0
0,0,0,0
0,0,0,0
0,0,0,0
0,0,0,0
0,0,0,0
0,0,0,0
0,0,0,0
0,0,0,0
0,0,0,0
0,0,0,0
0,0,0,0
0,0,0,0
0,0,0,0
0,0,0,0
0,0,0,0
0,0,0,0
0,0,0,0
0,0,0,0
0,0,0,0
0,0,0,0
0,0,0,0
0,0,0,0
0,0,0,0
0,0,0,0
0,0,0,0
0,0,0,0
0,0,0,0
0,0,0,0
0,0,0,0
0,0,0,0
0,0,0,0
0,0,0,0
0,0,0,0
0,0,0,0
0,0,0,0
0,0,0,0
0,0,0,0
0,0,0,0
0,0,0,0
0,0,0,0
0,0,0,0
0,0,0,0
0,0,0,0
0,0,0,0
0,0,0,0
0,0,0,0
0,0,0,0
0,0,0,0
0,0,0,0
0,0,0,0
0,0,0,0
0,0,0,0
0,0,0,0
0,0,0,0
0,0,0,0
0,0,0,0
0,0,0,0
0,0,0,0
0,0,0,0
0,0,0,0
0,0,0,0
0,0,0,0
0,0,0,0
0,0,0,0
0,0,0,0
0,0,0,0
0,0,0,0
0,0,0,0
0,0,0,0
0,0,0,0
0,0,0,0
0,0,0,0
0,0,0,0
0,0,0,0
0,0,0,0
0,0,0,0
0,0,0,0
0,0,0,0
0,0,0,0
0,0,0,0
0,0,0,0
0,0,0,0
0,0,0,0
0,0,0,0
0,0,0,0
0,0,0,0
0,0,0,0
0,0,0,0
0,0,0,0
0,0,0,0
0,0,0,0
0,0,0,0
0,0,0,0
0,0,0,0
0,0,0,0
0,0,0,0
0,0,0,0
0,0,0,0
0,0,0,0
0,0,0,0
0,0,0,0
0,0,0,0
0,0,0,0
0,0,0,0
0,0,0,0
0,0,0,0
0,0,0,0
0,0,0,0
0,0,0,0
0,0,0,0
0,0,0,0
0,0,0,0
0,0,0,0
0,0,0,0
0,0,0,0
0,0,0,0
0,0,0,0
0,0,0,0
0,0,0,0
0,0,0,0
0,0,0,0
0,0,0,0
0,0,0,0
0,0,0,0
0,0,0,0
0,0,0,0
0,0,0,0
0,0,0,0
0,0,0,0
0,0,0,0
0,0,0,0
0,0,0,0
0,0,0,0
0,0,0,0
0,0,0,0
0,0,0,0
0,0,0,0
0,0,0,0
0,0,0,0
0,0,0,0
0,0,0,0
0,0,0,0
0,0,0,0
0,0,0,0
0,0,0,0
0,0,0,0
0,0,0,0
0,0,0,0
0,0,0,0
0,0,0,0
0,0,0,0
0,0,0,0
0,0,0,0
0,0,0,0
0,0,0,0
0,0,0,0
0,0,0,0
0,0,0,0
0,0,0,0
0,0,0,0
0,0,0,0
0,0,0,0
0,0,0,0
0,0,0,0
0,0,0,0
0,0,0,0
0,0,0,0
0,0,0,0
0,0,0,0
0,0,0,0
0,0,0,0
0,0,0,0
0,0,0,0
0,0,0,0
0,0,0,0
0,0,0,0
0,0,0,0
0,0,0,0
0,0,0,0
0,0,0,0
0,0,0,0
0,0,0,0
0,0,0,0
0,0,0,0
0,0,0,0
0,0,0,0
0,0,0,0
0,0,0,0
0,0,0,0
0,0,0,0
0,0,0,0
0,0,0,0
0,0,0,0
0,0,0,0
0,0,0,0
0,0,0,0
0,0,0,0
0,0,0,0
0,0,0,0
0,0,0,0
0,0,0,0
0,0,0,0
0,0,0,0
0,0,0,0
0,0,0,0
0,0,0,0
0,0,0,0
0,0,0,0
0,0,0,0
0,0,0,0
0,0,0,0
0,0,0,0
0,0,0,0
0,0,0,0
0,0,0,0
0,0,0,0
0,0,0,0
0,0,0,0
0,0,0,0
0,0,0,0
0,0,0,0
0,0,0,0
0,0,0,0
0,0,0,0
0,0,0,0
0,0,0,0
0,0,0,0
0,0,0,0
0,0,0,0
0,0,0,0
0,0,0,0
0,0,0,0
0,0,0,0
0,0,0,0
0,0,0,0
0,0,0,0
0,0,0,0
0,0,0,0
0,0,0,0
0,0,0,0
0,0,0,0
0,0,0,0
0,0,0,0
0,0,0,0
0,0,0,0
0,0,0,0
0,0,0,0
0,0,0,0
0,0,0,0
0,0,0,0
0,0,0,0
0,0,0,0
0,0,0,0
0,0,0,0
0,0,0,0
0,0,0,0
0,0,0,0
0,0,0,0
0,0,0,0
0,0,0,0
0,0,0,0
0,0,0,0
0,0,0,0
0,0,0,0
0,0,0,0
0,0,0,0
0,0,0,0
0,0,0,0
0,0,0,0
0,0,0,0
0,0,0,0
0,0,0,0
0,0,0,0
0,0,0,0
0,0,0,0
0,0,0,0
0,0,0,0
0,0,0,0
0,0,0,0
0,0,0,0
0,0,0,0
0,0,0,0
0,0,0,0
0,0,0,0
0,0,0,0
0,0,0,0
0,0,0,0
0,0,0,0
0,0,0,0
0,0,0,0
0,0,0,0
0,0,0,0
0,0,0,0
0,0,0,0
0,0,0,0
0,0,0,0
0,0,0,0
0,0,0,0
0,0,0,0
0,0,0,0
0,0,0,0
0,0,0,0
0,0,0,0
0,0,0,0
0,0,0,0
0,0,0,0
0,0,0,0
0,0,0,0
0,0,0,0
0,0,0,0
0,0,0,0
0,0,0,0
0,0,0,0
0,0,0,0
0,0,0,0
0,0,0,0
0,0,0,0
0,0,0,0
0,0,0,0
0,0,0,0
0,0,0,0
0,0,0,0
0,0,0,0
0,0,0,0
0,0,0,0
0,0,0,0
0,0,0,0
0,0,0,0
0,0,0,0
0,0,0,0
0,0,0,0
0,0,0,0
0,0,0,0
0,0,0,0
0,0,0,0
0,0,0,0
0,0,0,0
0,0,0,0
0,0,0,0
0,0,0,0
0,0,0,0
0,0,0,0
0,0,0,0
0,0,0,0
0,0,0,0
0,0,0,0
0,0,0,0
0,0,0,0
0,0,0,0
0,0,0,0
0,0,0,0
0,0,0,0
0,0,0,0
0,0,0,0
0,0,0,0
0,0,0,0
0,0,0,0
0,0,0,0
0,0,0,0
0,0,0,0
0,0,0,0
0,0,0,0
0,0,0,0
0,0,0,0
0,0,0,0
0,0,0,0
0,0,0,0
0,0,0,0
0,0,0,0
0,0,0,0
0,0,0,0
0,0,0,0
0,0,0,0
0,0,0,0
0,0,0,0
0,0,0,0
0,0,0,0
0,0,0,0
0,0,0,0
0,0,0,0
0,0,0,0
0,0,0,0
0,0,0,0
0,0,0,0
0,0,0,0
0,0,0,0
0,0,0,0
0,0,0,0
0,0,0,0
0,0,0,0
0,0,0,0
0,0,0,0
0,0,0,0
0,0,0,0
0,0,0,0
0,0,0,0
0,0,0,0
0,0,0,0
0,0,0,0
0,0,0,0
0,0,0,0
0,0,0,0
0,0,0,0
0,0,0,0
0,0,0,0
0,0,0,0
0,0,0,0
0,0,0,0
0,0,0,0
0,0,0,0
0,0,0,0
0,0,0,0
0,0,0,0
0,0,0,0
0,0,0,0
0,0,0,0
0,0,0,0
0,0,0,0
0,0,0,0
0,0,0,0
0,0,0,0
0,0,0,0
0,0,0,0
0,0,0,0
0,0,0,0
0,0,0,0
0,0,0,0
0,0,0,0
0,0,0,0
0,0,0,0
0,0,0,0
0,0,0,0
0,0,0,0
0,0,0,0
0,0,0,0
0,0,0,0
0,0,0,0
0,0,0,0
0,0,0,0
0,0,0,0
0,0,0,0
0,0,0,0
0,0,0,0
0,0,0,0
0,0,0,0
0,0,0,0
0,0,0,0
0,0,0,0
0,0,0,0
0,0,0,0
0,0,0,0
0,0,0,0
0,0,0,0
0,0,0,0
0,0,0,0
0,0,0,0
0,0,0,0
0,0,0,0
0,0,0,0
0,0,0,0
0,0,0,0
0,0,0,0
0,0,0,0
0,0,0,0
0,0,0,0
0,0,0,0
0,0,0,0
0,0,0,0
0,0,0,0
0,0,0,0
0,0,0,0
0,0,0,0
0,0,0,0
0,0,0,0
0,0,0,0
0,0,0,0
0,0,0,0
0,0,0,0
0,0,0,0
0,0,0,0
0,0,0,0
0,0,0,0
0,0,0,0
0,0,0,0
0,0,0,0
0,0,0,0
0,0,0,0
0,0,0,0
0,0,0,0
0,0,0,0
0,0,0,0
0,0,0,0
0,0,0,0
0,0,0,0
0,0,0,0
0,0,0,0
0,0,0,0
0,0,0,0
0,0,0,0
0,0,0,0
0,0,0,0
0,0,0,0
0,0,0,0
0,0,0,0
0,0,0,0
0,0,0,0
0,0,0,0
0,0,0,0
0,0,0,0
0,0,0,0
0,0,0,0
0,0,0,0
0,0,0,0
0,0,0,0
0,0,0,0
0,0,0,0
0,0,0,0
0,0,0,0
0,0,0,0
0,0,0,0
0,0,0,0
0,0,0,0
0,0,0,0
0,0,0,0
0,0,0,0
0,0,0,0
0,0,0,0
0,0,0,0
0,0,0,0
0,0,0,0
0,0,0,0
0,0,0,0
0,0,0,0
0,0,0,0
0,0,0,0
0,0,0,0
0,0,0,0
0,0,0,0
0,0,0,0
0,0,0,0
0,0,0,0
0,0,0,0
0,0,0,0
0,0,0,0
0,0,0,0
0,0,0,0
0,0,0,0
0,0,0,0
0,0,0,0
0,0,0,0
0,0,0,0
0,0,0,0
0,0,0,0
0,0,0,0
0,0,0,0
0,0,0,0
0,0,0,0
0,0,0,0
0,0,0,0
0,0,0,0
0,0,0,0
0,0,0,0
0,0,0,0
0,0,0,0
0,0,0,0
0,0,0,0
0,0,0,0
0,0,0,0
0,0,0,0
0,0,0,0
0,0,0,0
0,0,0,0
0,0,0,0
0,0,0,0
0,0,0,0
0,0,0,0
0,0,0,0
0,0,0,0
0,0,0,0
0,0,0,0
0,0,0,0
0,0,0,0
0,0,0,0
0,0,0,0
0,0,0,0
0,0,0,0
0,0,0,0
0,0,0,0
0,0,0,0
0,0,0,0
0,0,0,0
0,0,0,0
0,0,0,0
0,0,0,0
0,0,0,0
0,0,0,0
0,0,0,0
0,0,0,0
0,0,0,0
0,0,0,0
0,0,0,0
0,0,0,0
0,0,0,0
0,0,0,0
0,0,0,0
0,0,0,0
0,0,0,0
0,0,0,0
0,0,0,0
0,0,0,0
0,0,0,0
0,0,0,0
0,0,0,0
0,0,0,0
0,0,0,0
0,0,0,0
0,0,0,0
0,0,0,0
0,0,0,0
0,0,0,0
0,0,0,0
0,0,0,0
0,0,0,0
0,0,0,0
0,0,0,0
0,0,0,0
0,0,0,0
0,0,0,0
0,0,0,0
0,0,0,0
0,0,0,0
0,0,0,0
0,0,0,0
0,0,0,0
0,0,0,0
0,0,0,0
0,0,0,0
0,0,0,0
0,0,0,0
0,0,0,0
0,0,0,0
0,0,0,0
0,0,0,0
0,0,0,0
0,0,0,0
0,0,0,0
0,0,0,0
0,0,0,0
0,0,0,0
0,0,0,0
0,0,0,0
0,0,0,0
0,0,0,0
0,0,0,0
0,0,0,0
0,0,0,0
0,0,0,0
0,0,0,0
0,0,0,0
0,0,0,0
0,0,0,0
0,0,0,0
0,0,0,0
0,0,0,0
0,0,0,0
0,0,0,0
0,0,0,0
0,0,0,0
0,0,0,0
0,0,0,0
0,0,0,0
0,0,0,0
0,0,0,0
0,0,0,0
0,0,0,0
0,0,0,0
0,0,0,0
0,0,0,0
0,0,0,0
0,0,0,0
0,0,0,0
0,0,0,0
0,0,0,0
0,0,0,0
0,0,0,0
0,0,0,0
0,0,0,0
0,0,0,0
0,0,0,0
0,0,0,0
0,0,0,0
0,0,0,0
0,0,0,0
0,0,0,0
0,0,0,0
0,0,0,0
0,0,0,0
0,0,0,0
0,0,0,0
0,0,0,0
0,0,0,0
0,0,0,0
0,0,0,0
0,0,0,0
0,0,0,0
0,0,0,0
0,0,0,0
0,0,0,0
0,0,0,0
0,0,0,0
0,0,0,0
0,0,0,0
0,0,0,0
0,0,0,0
0,0,0,0
0,0,0,0
0,0,0,0
0,0,0,0
0,0,0,0
0,0,0,0
0,0,0,0
0,0,0,0
0,0,0,0
0,0,0,0
0,0,0,0
0,0,0,0
0,0,0,0
0,0,0,0
0,0,0,0
0,0,0,0
0,0,0,0
0,0,0,0
0,0,0,0
0,0,0,0
0,0,0,0
0,0,0,0
0,0,0,0
0,0,0,0
0,0,0,0
0,0,0,0
0,0,0,0
0,0,0,0
0,0,0,0
0,0,0,0
0,0,0,0
0,0,0,0
0,0,0,0
0,0,0,0
0,0,0,0
0,0,0,0
0,0,0,0
0,0,0,0
0,0,0,0
0,0,0,0
0,0,0,0
0,0,0,0
0,0,0,0
0,0,0,0
0,0,0,0
0,0,0,0
0,0,0,0
0,0,0,0
0,0,0,0
0,0,0,0
0,0,0,0
0,0,0,0
0,0,0,0
0,0,0,0
0,0,0,0
0,0,0,0
0,0,0,0
0,0,0,0
0,0,0,0
0,0,0,0
0,0,0,0
0,0,0,0
0,0,0,0
0,0,0,0
0,0,0,0
0,0,0,0
0,0,0,0
0,0,0,0
0,0,0,0
0,0,0,0
0,0,0,0
0,0,0,0
0,0,0,0
0,0,0,0
0,0,0,0
0,0,0,0
0,0,0,0
0,0,0,0
0,0,0,0
0,0,0,0
0,0,0,0
0,0,0,0
0,0,0,0
0,0,0,0
0,0,0,0
0,0,0,0
0,0,0,0
0,0,0,0
0,0,0,0
0,0,0,0
0,0,0,0
0,0,0,0
0,0,0,0
0,0,0,0
0,0,0,0
0,0,0,0
0,0,0,0
0,0,0,0
0,0,0,0
0,0,0,0
0,0,0,0
0,0,0,0
0,0,0,0
0,0,0,0
0,0,0,0
0,0,0,0
0,0,0,0
0,0,0,0
0,0,0,0
0,0,0,0
0,0,0,0
0,0,0,0
0,0,0,0
0,0,0,0
0,0,0,0
0,0,0,0
0,0,0,0
0,0,0,0
0,0,0,0
0,0,0,0
0,0,0,0
0,0,0,0
0,0,0,0
0,0,0,0
0,0,0,0
0,0,0,0
0,0,0,0
0,0,0,0
0,0,0,0
0,0,0,0
0,0,0,0
0,0,0,0
0,0,0,0
0,0,0,0
0,0,0,0
0,0,0,0
0,0,0,0
0,0,0,0
0,0,0,0
0,0,0,0
0,0,0,0
0,0,0,0
0,0,0,0
0,0,0,0
0,0,0,0
0,0,0,0
0,0,0,0
0,0,0,0
0,0,0,0
0,0,0,0
0,0,0,0
0,0,0,0
0,0,0,0
0,0,0,0
0,0,0,0
0,0,0,0
0,0,0,0
0,0,0,0
0,0,0,0
0,0,0,0
0,0,0,0
0,0,0,0
0,0,0,0
0,0,0,0
0,0,0,0
0,0,0,0
0,0,0,0
0,0,0,0
0,0,0,0
0,0,0,0
0,0,0,0
0,0,0,0
0,0,0,0
0,0,0,0
0,0,0,0
0,0,0,0
0,0,0,0
0,0,0,0
0,0,0,0
0,0,0,0
0,0,0,0
0,0,0,0
0,0,0,0
0,0,0,0
0,0,0,0
0,0,0,0
0,0,0,0
0,0,0,0
0,0,0,0
0,0,0,0
0,0,0,0
0,0,0,0
0,0,0,0
0,0,0,0
0,0,0,0
0,0,0,0
0,0,0,0
0,0,0,0
0,0,0,0
0,0,0,0
0,0,0,0
0,0,0,0
0,0,0,0
0,0,0,0
0,0,0,0
0,0,0,0
0,0,0,0
0,0,0,0
0,0,0,0
0,0,0,0
0,0,0,0
0,0,0,0
0,0,0,0
0,0,0,0
0,0,0,0
0,0,0,0
0,0,0,0
0,0,0,0
0,0,0,0
0,0,0,0
0,0,0,0
0,0,0,0
0,0,0,0
0,0,0,0
0,0,0,0
0,0,0,0
0,0,0,0
0,0,0,0
0,0,0,0
0,0,0,0
0,0,0,0
0,0,0,0
0,0,0,0
0,0,0,0
0,0,0,0
0,0,0,0
0,0,0,0
0,0,0,0
0,0,0,0
0,0,0,0
0,0,0,0
0,0,0,0
0,0,0,0
0,0,0,0
0,0,0,0
0,0,0,0
0,0,0,0
0,0,0,0
0,0,0,0
0,0,0,0
0,0,0,0
0,0,0,0
0,0,0,0
0,0,0,0
0,0,0,0
0,0,0,0
0,0,0,0
0,0,0,0
0,0,0,0
0,0,0,0
0,0,0,0
0,0,0,0
0,0,0,0
0,0,0,0
0,0,0,0
0,0,0,0
0,0,0,0
0,0,0,0
0,0,0,0
0,0,0,0
0,0,0,0
0,0,0,0
0,0,0,0
0,0,0,0
0,0,0,0
0,0,0,0
0,0,0,0
0,0,0,0
0,0,0,0
0,0,0,0
0,0,0,0
0,0,0,0
0,0,0,0
0,0,0,0
0,0,0,0
0,0,0,0
0,0,0,0
0,0,0,0
0,0,0,0
0,0,0,0
0,0,0,0
0,0,0,0
0,0,0,0
0,0,0,0
0,0,0,0
0,0,0,0
0,0,0,0
0,0,0,0
0,0,0,0
0,0,0,0
0,0,0,0
0,0,0,0
0,0,0,0
0,0,0,0
0,0,0,0
0,0,0,0
0,0,0,0
0,0,0,0
0,0,0,0
0,0,0,0
0,0,0,0
0,0,0,0
0,0,0,0
0,0,0,0
0,0,0,0
0,0,0,0
0,0,0,0
0,0,0,0
0,0,0,0
0,0,0,0
0,0,0,0
0,0,0,0
0,0,0,0
0,0,0,0
0,0,0,0
0,0,0,0
0,0,0,0
0,0,0,0
0,0,0,0
0,0,0,0
0,0,0,0
0,0,0,0
0,0,0,0
0,0,0,0
0,0,0,0
0,0,0,0
0,0,0,0
0,0,0,0
0,0,0,0
0,0,0,0
0,0,0,0
0,0,0,0
0,0,0,0
0,0,0,0
0,0,0,0
0,0,0,0
0,0,0,0
0,0,0,0
0,0,0,0
0,0,0,0
0,0,0,0
0,0,0,0
0,0,0,0
0,0,0,0
0,0,0,0
0,0,0,0
0,0,0,0
0,0,0,0
0,0,0,0
0,0,0,0
0,0,0,0
0,0,0,0
0,0,0,0
0,0,0,0
0,0,0,0
0,0,0,0
0,0,0,0
0,0,0,0
0,0,0,0
0,0,0,0
0,0,0,0
0,0,0,0
0,0,0,0
0,0,0,0
0,0,0,0
0,0,0,0
0,0,0,0
0,0,0,0
0,0,0,0
0,0,0,0
0,0,0,0
0,0,0,0
0,0,0,0
0,0,0,0
0,0,0,0
0,0,0,0
0,0,0,0
0,0,0,0
0,0,0,0
0,0,0,0
0,0,0,0
0,0,0,0
0,0,0,0
0,0,0,0
0,0,0,0
0,0,0,0
0,0,0,0
0,0,0,0
0,0,0,0
0,0,0,0
0,0,0,0
0,0,0,0
0,0,0,0
0,0,0,0
0,0,0,0
0,0,0,0
0,0,0,0
0,0,0,0
0,0,0,0
0,0,0,0
0,0,0,0
0,0,0,0
0,0,0,0
0,0,0,0
0,0,0,0
0,0,0,0
0,0,0,0
0,0,0,0
0,0,0,0
0,0,0,0
0,0,0,0
0,0,0,0
0,0,0,0
0,0,0,0
0,0,0,0
0,0,0,0
0,0,0,0
0,0,0,0
0,0,0,0
0,0,0,0
0,0,0,0
0,0,0,0
0,0,0,0
0,0,0,0
0,0,0,0
0,0,0,0
0,0,0,0
0,0,0,0
0,0,0,0
0,0,0,0
0,0,0,0
0,0,0,0
0,0,0,0
0,0,0,0
0,0,0,0
0,0,0,0
0,0,0,0
0,0,0,0
0,0,0,0
0,0,0,0
0,0,0,0
0,0,0,0
0,0,0,0
0,0,0,0
0,0,0,0
0,0,0,0
0,0,0,0
0,0,0,0
0,0,0,0
0,0,0,0
0,0,0,0
0,0,0,0
0,0,0,0
0,0,0,0
0,0,0,0
0,0,0,0
0,0,0,0
0,0,0,0
0,0,0,0
0,0,0,0
0,0,0,0
0,0,0,0
0,0,0,0
0,0,0,0
0,0,0,0
0,0,0,0
0,0,0,0
0,0,0,0
0,0,0,0
0,0,0,0
0,0,0,0
0,0,0,0
0,0,0,0
0,0,0,0
0,0,0,0
0,0,0,0
0,0,0,0
0,0,0,0
0,0,0,0
0,0,0,0
0,0,0,0
0,0,0,0
0,0,0,0
0,0,0,0
0,0,0,0
0,0,0,0
0,0,0,0
0,0,0,0
0,0,0,0
0,0,0,0
0,0,0,0
0,0,0,0
0,0,0,0
0,0,0,0
0,0,0,0
0,0,0,0
0,0,0,0
0,0,0,0
0,0,0,0
0,0,0,0
0,0,0,0
0,0,0,0
0,0,0,0
0,0,0,0
0,0,0,0
0,0,0,0
0,0,0,0
0,0,0,0
0,0,0,0
0,0,0,0
0,0,0,0
0,0,0,0
0,0,0,0
0,0,0,0
0,0,0,0
0,0,0,0
0,0,0,0
0,0,0,0
0,0,0,0
0,0,0,0
0,0,0,0
0,0,0,0
0,0,0,0
0,0,0,0
0,0,0,0
0,0,0,0
0,0,0,0
0,0,0,0
0,0,0,0
0,0,0,0
0,0,0,0
0,0,0,0
0,0,0,0
0,0,0,0
0,0,0,0
0,0,0,0
0,0,0,0
0,0,0,0
0,0,0,0
0,0,0,0
0,0,0,0
0,0,0,0
0,0,0,0
0,0,0,0
0,0,0,0
0,0,0,0
0,0,0,0
0,0,0,0
0,0,0,0
0,0,0,0
0,0,0,0
0,0,0,0
0,0,0,0
0,0,0,0
0,0,0,0
0,0,0,0
0,0,0,0
0,0,0,0
0,0,0,0
0,0,0,0
0,0,0,0
0,0,0,0
0,0,0,0
0,0,0,0
0,0,0,0
0,0,0,0
0,0,0,0
0,0,0,0
0,0,0,0
0,0,0,0
0,0,0,0
0,0,0,0
0,0,0,0
0,0,0,0
0,0,0,0
0,0,0,0
0,0,0,0
0,0,0,0
0,0,0,0
0,0,0,0
0,0,0,0
0,0,0,0
0,0,0,0
0,0,0,0
0,0,0,0
0,0,0,0
0,0,0,0
0,0,0,0
0,0,0,0
0,0,0,0
0,0,0,0
0,0,0,0
0,0,0,0
0,0,0,0
0,0,0,0
0,0,0,0
0,0,0,0
0,0,0,0
0,0,0,0
0,0,0,0
0,0,0,0
0,0,0,0
0,0,0,0
0,0,0,0
0,0,0,0
0,0,0,0
0,0,0,0
0,0,0,0
0,0,0,0
0,0,0,0
0,0,0,0
0,0,0,0
0,0,0,0
0,0,0,0
0,0,0,0
0,0,0,0
0,0,0,0
0,0,0,0
0,0,0,0
0,0,0,0
0,0,0,0
0,0,0,0
0,0,0,0
0,0,0,0
0,0,0,0
0,0,0,0
0,0,0,0
0,0,0,0
0,0,0,0
0,0,0,0
0,0,0,0
0,0,0,0
0,0,0,0
0,0,0,0
0,0,0,0
0,0,0,0
0,0,0,0
0,0,0,0
0,0,0,0
0,0,0,0
0,0,0,0
0,0,0,0
0,0,0,0
0,0,0,0
0,0,0,0
0,0,0,0
0,0,0,0
0,0,0,0
0,0,0,0
0,0,0,0
0,0,0,0
0,0,0,0
0,0,0,0
0,0,0,0
0,0,0,0
0,0,0,0
0,0,0,0
0,0,0,0
0,0,0,0
0,0,0,0
0,0,0,0
0,0,0,0
0,0,0,0
0,0,0,0
0,0,0,0
0,0,0,0
0,0,0,0
0,0,0,0
0,0,0,0
0,0,0,0
0,0,0,0
0,0,0,0
0,0,0,0
0,0,0,0
0,0,0,0
0,0,0,0
0,0,0,0
0,0,0,0
0,0,0,0
0,0,0,0
0,0,0,0
0,0,0,0
0,0,0,0
0,0,0,0
0,0,0,0
0,0,0,0
0,0,0,0
0,0,0,0
0,0,0,0
0,0,0,0
0,0,0,0
0,0,0,0
0,0,0,0
0,0,0,0
0,0,0,0
0,0,0,0
0,0,0,0
0,0,0,0
0,0,0,0
0,0,0,0
0,0,0,0
0,0,0,0
0,0,0,0
0,0,0,0
0,0,0,0
0,0,0,0
0,0,0,0
0,0,0,0
0,0,0,0
0,0,0,0
0,0,0,0
0,0,0,0
0,0,0,0
0,0,0,0
0,0,0,0
0,0,0,0
0,0,0,0
0,0,0,0
0,0,0,0
0,0,0,0
0,0,0,0
0,0,0,0
0,0,0,0
0,0,0,0
0,0,0,0
0,0,0,0
0,0,0,0
0,0,0,0
0,0,0,0
0,0,0,0
0,0,0,0
0,0,0,0
0,0,0,0
0,0,0,0
0,0,0,0
0,0,0,0
0,0,0,0
0,0,0,0
0,0,0,0
0,0,0,0
0,0,0,0
0,0,0,0
0,0,0,0
0,0,0,0
0,0,0,0
0,0,0,0
0,0,0,0
0,0,0,0
0,0,0,0
0,0,0,0
0,0,0,0
0,0,0,0
0,0,0,0
0,0,0,0
0,0,0,0
0,0,0,0
0,0,0,0
0,0,0,0
0,0,0,0
0,0,0,0
0,0,0,0
0,0,0,0
0,0,0,0
0,0,0,0
0,0,0,0
0,0,0,0
0,0,0,0
0,0,0,0
0,0,0,0
0,0,0,0
0,0,0,0
0,0,0,0
0,0,0,0
0,0,0,0
0,0,0,0
0,0,0,0
0,0,0,0
0,0,0,0
0,0,0,0
0,0,0,0
0,0,0,0
0,0,0,0
0,0,0,0
0,0,0,0
0,0,0,0
0,0,0,0
0,0,0,0
0,0,0,0
0,0,0,0
0,0,0,0
0,0,0,0
0,0,0,0
0,0,0,0
0,0,0,0
0,0,0,0
0,0,0,0
0,0,0,0
0,0,0,0
0,0,0,0
0,0,0,0
0,0,0,0
0,0,0,0
0,0,0,0
0,0,0,0
0,0,0,0
0,0,0,0
0,0,0,0
0,0,0,0
0,0,0,0
0,0,0,0
0,0,0,0
0,0,0,0
0,0,0,0
0,0,0,0
0,0,0,0
0,0,0,0
0,0,0,0
0,0,0,0
0,0,0,0
0,0,0,0
0,0,0,0
0,0,0,0
0,0,0,0
0,0,0,0
0,0,0,0
0,0,0,0
0,0,0,0
0,0,0,0
0,0,0,0
0,0,0,0
0,0,0,0
0,0,0,0
0,0,0,0
0,0,0,0
0,0,0,0
0,0,0,0
0,0,0,0
0,0,0,0
0,0,0,0
0,0,0,0
0,0,0,0
0,0,0,0
0,0,0,0
0,0,0,0
0,0,0,0
0,0,0,0
0,0,0,0
0,0,0,0
0,0,0,0
0,0,0,0
0,0,0,0
0,0,0,0
0,0,0,0
0,0,0,0
0,0,0,0
0,0,0,0
0,0,0,0
0,0,0,0
0,0,0,0
0,0,0,0
0,0,0,0
0,0,0,0
0,0,0,0
0,0,0,0
0,0,0,0
0,0,0,0
0,0,0,0
0,0,0,0
0,0,0,0
0,0,0,0
0,0,0,0
0,0,0,0
0,0,0,0
0,0,0,0
0,0,0,0
0,0,0,0
0,0,0,0
0,0,0,0
0,0,0,0
0,0,0,0
0,0,0,0
0,0,0,0
0,0,0,0
0,0,0,0
0,0,0,0
0,0,0,0
0,0,0,0
0,0,0,0
0,0,0,0
0,0,0,0
0,0,0,0
0,0,0,0
0,0,0,0
0,0,0,0
0,0,0,0
0,0,0,0
0,0,0,0
0,0,0,0
0,0,0,0
0,0,0,0
0,0,0,0
0,0,0,0
0,0,0,0
0,0,0,0
0,0,0,0
0,0,0,0
0,0,0,0
0,0,0,0
0,0,0,0
0,0,0,0
0,0,0,0
0,0,0,0
0,0,0,0
0,0,0,0
0,0,0,0
0,0,0,0
0,0,0,0
0,0,0,0
0,0,0,0
0,0,0,0
0,0,0,0
0,0,0,0
0,0,0,0
0,0,0,0
0,0,0,0
0,0,0,0
0,0,0,0
0,0,0,0
0,0,0,0
0,0,0,0
0,0,0,0
0,0,0,0
0,0,0,0
0,0,0,0
0,0,0,0
0,0,0,0
0,0,0,0
0,0,0,0
0,0,0,0
0,0,0,0
0,0,0,0
0,0,0,0
0,0,0,0
0,0,0,0
0,0,0,0
0,0,0,0
0,0,0,0
0,0,0,0
0,0,0,0
0,0,0,0
0,0,0,0
0,0,0,0
0,0,0,0
0,0,0,0
0,0,0,0
0,0,0,0
0,0,0,0
0,0,0,0
0,0,0,0
0,0,0,0
0,0,0,0
0,0,0,0
0,0,0,0
0,0,0,0
0,0,0,0
0,0,0,0
0,0,0,0
0,0,0,0
0,0,0,0
0,0,0,0
0,0,0,0
0,0,0,0
0,0,0,0
0,0,0,0
0,0,0,0
0,0,0,0
0,0,0,0
0,0,0,0
0,0,0,0
0,0,0,0
0,0,0,0
0,0,0,0
0,0,0,0
0,0,0,0
0,0,0,0
0,0,0,0
0,0,0,0
0,0,0,0
0,0,0,0
0,0,0,0
0,0,0,0
0,0,0,0
0,0,0,0
0,0,0,0
0,0,0,0
0,0,0,0
0,0,0,0
0,0,0,0
0,0,0,0
0,0,0,0
0,0,0,0
0,0,0,0
0,0,0,0
0,0,0,0
0,0,0,0
0,0,0,0
0,0,0,0
0,0,0,0
0,0,0,0
0,0,0,0
0,0,0,0
0,0,0,0
0,0,0,0
0,0,0,0
0,0,0,0
0,0,0,0
0,0,0,0
0,0,0,0
0,0,0,0
0,0,0,0
0,0,0,0
0,0,0,0
0,0,0,0
0,0,0,0
0,0,0,0
0,0,0,0
0,0,0,0
0,0,0,0
0,0,0,0
0,0,0,0
0,0,0,0
0,0,0,0
0,0,0,0
0,0,0,0
0,0,0,0
0,0,0,0
0,0,0,0
0,0,0,0
0,0,0,0
0,0,0,0
0,0,0,0
0,0,0,0
0,0,0,0
0,0,0,0
0,0,0,0
0,0,0,0
0,0,0,0
0,0,0,0
0,0,0,0
0,0,0,0
0,0,0,0
0,0,0,0
0,0,0,0
0,0,0,0
0,0,0,0
0,0,0,0
0,0,0,0
0,0,0,0
0,0,0,0
0,0,0,0
0,0,0,0
0,0,0,0
0,0,0,0
0,0,0,0
0,0,0,0
0,0,0,0
0,0,0,0
0,0,0,0
0,0,0,0
0,0,0,0
0,0,0,0
0,0,0,0
0,0,0,0
0,0,0,0
0,0,0,0
0,0,0,0
0,0,0,0
0,0,0,0
0,0,0,0
0,0,0,0
0,0,0,0
0,0,0,0
0,0,0,0
0,0,0,0
0,0,0,0
0,0,0,0
0,0,0,0
0,0,0,0
0,0,0,0
0,0,0,0
0,0,0,0
0,0,0,0
0,0,0,0
0,0,0,0
0,0,0,0
0,0,0,0
0,0,0,0
0,0,0,0
0,0,0,0
0,0,0,0
0,0,0,0
0,0,0,0
0,0,0,0
0,0,0,0
0,0,0,0
0,0,0,0
0,0,0,0
0,0,0,0
0,0,0,0
0,0,0,0
0,0,0,0
0,0,0,0
0,0,0,0
0,0,0,0
0,0,0,0
0,0,0,0
0,0,0,0
0,0,0,0
0,0,0,0
0,0,0,0
0,0,0,0
0,0,0,0
0,0,0,0
0,0,0,0
0,0,0,0
0,0,0,0
0,0,0,0
0,0,0,0
0,0,0,0
0,0,0,0
0,0,0,0
0,0,0,0
0,0,0,0
0,0,0,0
0,0,0,0
0,0,0,0
0,0,0,0
0,0,0,0
0,0,0,0
0,0,0,0
0,0,0,0
0,0,0,0
0,0,0,0
0,0,0,0
0,0,0,0
0,0,0,0
0,0,0,0
0,0,0,0
0,0,0,0
0,0,0,0
0,0,0,0
0,0,0,0
0,0,0,0
0,0,0,0
0,0,0,0
0,0,0,0
0,0,0,0
0,0,0,0
0,0,0,0
0,0,0,0
0,0,0,0
0,0,0,0
0,0,0,0
0,0,0,0
0,0,0,0
0,0,0,0
0,0,0,0
0,0,0,0
0,0,0,0
0,0,0,0
0,0,0,0
0,0,0,0
0,0,0,0
0,0,0,0
0,0,0,0
0,0,0,0
0,0,0,0
0,0,0,0
0,0,0,0
0,0,0,0
0,0,0,0
0,0,0,0
0,0,0,0
0,0,0,0
0,0,0,0
0,0,0,0
0,0,0,0
0,0,0,0
0,0,0,0
0,0,0,0
0,0,0,0
0,0,0,0
0,0,0,0
0,0,0,0
0,0,0,0
0,0,0,0
0,0,0,0
0,0,0,0
0,0,0,0
0,0,0,0
0,0,0,0
0,0,0,0
0,0,0,0
0,0,0,0
0,0,0,0
0,0,0,0
0,0,0,0
0,0,0,0
0,0,0,0
0,0,0,0
0,0,0,0
0,0,0,0
0,0,0,0
0,0,0,0
0,0,0,0
0,0,0,0
0,0,0,0
0,0,0,0
0,0,0,0
0,0,0,0
0,0,0,0
0,0,0,0
0,0,0,0
0,0,0,0
0,0,0,0
0,0,0,0
0,0,0,0
0,0,0,0
0,0,0,0
0,0,0,0
0,0,0,0
0,0,0,0
0,0,0,0
0,0,0,0
0,0,0,0
0,0,0,0
0,0,0,0
0,0,0,0
0,0,0,0
0,0,0,0
0,0,0,0
0,0,0,0
0,0,0,0
0,0,0,0
0,0,0,0
0,0,0,0
0,0,0,0
0,0,0,0
0,0,0,0
0,0,0,0
0,0,0,0
0,0,0,0
0,0,0,0
0,0,0,0
0,0,0,0
0,0,0,0
0,0,0,0
0,0,0,0
0,0,0,0
0,0,0,0
0,0,0,0
0,0,0,0
0,0,0,0
0,0,0,0
0,0,0,0
0,0,0,0
0,0,0,0
0,0,0,0
0,0,0,0
0,0,0,0
0,0,0,0
0,0,0,0
0,0,0,0
0,0,0,0
0,0,0,0
0,0,0,0
0,0,0,0
0,0,0,0
0,0,0,0
0,0,0,0
0,0,0,0
0,0,0,0
0,0,0,0
0,0,0,0
0,0,0,0
0,0,0,0
0,0,0,0
0,0,0,0
0,0,0,0
0,0,0,0
0,0,0,0
0,0,0,0
0,0,0,0
0,0,0,0
0,0,0,0
0,0,0,0
0,0,0,0
0,0,0,0
0,0,0,0
0,0,0,0
0,0,0,0
0,0,0,0
0,0,0,0
0,0,0,0
0,0,0,0
0,0,0,0
0,0,0,0
0,0,0,0
0,0,0,0
0,0,0,0
0,0,0,0
0,0,0,0
0,0,0,0
0,0,0,0
0,0,0,0
0,0,0,0
0,0,0,0
0,0,0,0
0,0,0,0
0,0,0,0
0,0,0,0
0,0,0,0
0,0,0,0
0,0,0,0
0,0,0,0
0,0,0,0
0,0,0,0
0,0,0,0
0,0,0,0
0,0,0,0
0,0,0,0
0,0,0,0
0,0,0,0
0,0,0,0
0,0,0,0
0,0,0,0
0,0,0,0
0,0,0,0
0,0,0,0
0,0,0,0
0,0,0,0
0,0,0,0
0,0,0,0
0,0,0,0
0,0,0,0
0,0,0,0
0,0,0,0
0,0,0,0
0,0,0,0
0,0,0,0
0,0,0,0
0,0,0,0
0,0,0,0
0,0,0,0
0,0,0,0
0,0,0,0
0,0,0,0
0,0,0,0
0,0,0,0
0,0,0,0
0,0,0,0
0,0,0,0
0,0,0,0
0,0,0,0
0,0,0,0
0,0,0,0
0,0,0,0
0,0,0,0
0,0,0,0
0,0,0,0
0,0,0,0
0,0,0,0
0,0,0,0
0,0,0,0
0,0,0,0
0,0,0,0
0,0,0,0
0,0,0,0
0,0,0,0
0,0,0,0
0,0,0,0
0,0,0,0
0,0,0,0
0,0,0,0
0,0,0,0
0,0,0,0
0,0,0,0
0,0,0,0
0,0,0,0
0,0,0,0
0,0,0,0
0,0,0,0
0,0,0,0
0,0,0,0
0,0,0,0
0,0,0,0
0,0,0,0
0,0,0,0
0,0,0,0
0,0,0,0
0,0,0,0
0,0,0,0
0,0,0,0
0,0,0,0
0,0,0,0
0,0,0,0
0,0,0,0
0,0,0,0
0,0,0,0
0,0,0,0
0,0,0,0
0,0,0,0
0,0,0,0
0,0,0,0
0,0,0,0
0,0,0,0
0,0,0,0
0,0,0,0
0,0,0,0
0,0,0,0
0,0,0,0
0,0,0,0
0,0,0,0
0,0,0,0
0,0,0,0
0,0,0,0
0,0,0,0
0,0,0,0
0,0,0,0
0,0,0,0
0,0,0,0
0,0,0,0
0,0,0,0
0,0,0,0
0,0,0,0
0,0,0,0
0,0,0,0
0,0,0,0
0,0,0,0
0,0,0,0
0,0,0,0
0,0,0,0
0,0,0,0
0,0,0,0
0,0,0,0
0,0,0,0
0,0,0,0
0,0,0,0
0,0,0,0
0,0,0,0
0,0,0,0
0,0,0,0
0,0,0,0
0,0,0,0
0,0,0,0
0,0,0,0
0,0,0,0
0,0,0,0
0,0,0,0
0,0,0,0
0,0,0,0
0,0,0,0
0,0,0,0
0,0,0,0
0,0,0,0
0,0,0,0
0,0,0,0
0,0,0,0
0,0,0,0
0,0,0,0
0,0,0,0
0,0,0,0
0,0,0,0
0,0,0,0
0,0,0,0
0,0,0,0
0,0,0,0
0,0,0,0
0,0,0,0
0,0,0,0
0,0,0,0
0,0,0,0
0,0,0,0
0,0,0,0
0,0,0,0
0,0,0,0
0,0,0,0
0,0,0,0
0,0,0,0
0,0,0,0
0,0,0,0
0,0,0,0
0,0,0,0
0,0,0,0
0,0,0,0
0,0,0,0
0,0,0,0
0,0,0,0
0,0,0,0
0,0,0,0
0,0,0,0
0,0,0,0
0,0,0,0
0,0,0,0
0,0,0,0
0,0,0,0
0,0,0,0
0,0,0,0
0,0,0,0
0,0,0,0
0,0,0,0
0,0,0,0
0,0,0,0
0,0,0,0
0,0,0,0
0,0,0,0
0,0,0,0
0,0,0,0
0,0,0,0
0,0,0,0
0,0,0,0
0,0,0,0
0,0,0,0
0,0,0,0
0,0,0,0
0,0,0,0
0,0,0,0
0,0,0,0
0,0,0,0
0,0,0,0
0,0,0,0
0,0,0,0
0,0,0,0
0,0,0,0
0,0,0,0
0,0,0,0
0,0,0,0
0,0,0,0
0,0,0,0
0,0,0,0
0,0,0,0
0,0,0,0
0,0,0,0
0,0,0,0
0,0,0,0
0,0,0,0
0,0,0,0
0,0,0,0
0,0,0,0
0,0,0,0
0,0,0,0
0,0,0,0
0,0,0,0
0,0,0,0
0,0,0,0
0,0,0,0
0,0,0,0
0,0,0,0
0,0,0,0
0,0,0,0
0,0,0,0
0,0,0,0
0,0,0,0
0,0,0,0
0,0,0,0
0,0,0,0
0,0,0,0
0,0,0,0
0,0,0,0
0,0,0,0
0,0,0,0
0,0,0,0
0,0,0,0
0,0,0,0
0,0,0,0
0,0,0,0
0,0,0,0
0,0,0,0
0,0,0,0
0,0,0,0
0,0,0,0
0,0,0,0
0,0,0,0
0,0,0,0
0,0,0,0
0,0,0,0
0,0,0,0
0,0,0,0
0,0,0,0
0,0,0,0
0,0,0,0
0,0,0,0
0,0,0,0
0,0,0,0
0,0,0,0
0,0,0,0
0,0,0,0
0,0,0,0
0,0,0,0
0,0,0,0
0,0,0,0
0,0,0,0
0,0,0,0
0,0,0,0
0,0,0,0
0,0,0,0
0,0,0,0
0,0,0,0
0,0,0,0
0,0,0,0
0,0,0,0
0,0,0,0
0,0,0,0
0,0,0,0
0,0,0,0
0,0,0,0
0,0,0,0
0,0,0,0
0,0,0,0
0,0,0,0
0,0,0,0
0,0,0,0
0,0,0,0
0,0,0,0
0,0,0,0
0,0,0,0
0,0,0,0
0,0,0,0
0,0,0,0
0,0,0,0
0,0,0,0
0,0,0,0
0,0,0,0
0,0,0,0
0,0,0,0
0,0,0,0
0,0,0,0
0,0,0,0
0,0,0,0
0,0,0,0
0,0,0,0
0,0,0,0
0,0,0,0
0,0,0,0
0,0,0,0
0,0,0,0
0,0,0,0
0,0,0,0
0,0,0,0
0,0,0,0
0,0,0,0
0,0,0,0
0,0,0,0
0,0,0,0
0,0,0,0
0,0,0,0
0,0,0,0
0,0,0,0
0,0,0,0
0,0,0,0
0,0,0,0
0,0,0,0
0,0,0,0
0,0,0,0
0,0,0,0
0,0,0,0
0,0,0,0
0,0,0,0
0,0,0,0
0,0,0,0
0,0,0,0
0,0,0,0
0,0,0,0
0,0,0,0
0,0,0,0
0,0,0,0
0,0,0,0
0,0,0,0
0,0,0,0
0,0,0,0
0,0,0,0
0,0,0,0
0,0,0,0
0,0,0,0
0,0,0,0
0,0,0,0
0,0,0,0
0,0,0,0
0,0,0,0
0,0,0,0
0,0,0,0
0,0,0,0
0,0,0,0
0,0,0,0
0,0,0,0
0,0,0,0
0,0,0,0
0,0,0,0
0,0,0,0
0,0,0,0
0,0,0,0
0,0,0,0
0,0,0,0
0,0,0,0
0,0,0,0
0,0,0,0
0,0,0,0
0,0,0,0
0,0,0,0
0,0,0,0
0,0,0,0
0,0,0,0
0,0,0,0
0,0,0,0
0,0,0,0
0,0,0,0
0,0,0,0
0,0,0,0
0,0,0,0
0,0,0,0
0,0,0,0
0,0,0,0
0,0,0,0
0,0,0,0
0,0,0,0
0,0,0,0
0,0,0,0
0,0,0,0
0,0,0,0
0,0,0,0
0,0,0,0
0,0,0,0
0,0,0,0
0,0,0,0
0,0,0,0
0,0,0,0
0,0,0,0
0,0,0,0
0,0,0,0
0,0,0,0
0,0,0,0
0,0,0,0
0,0,0,0
0,0,0,0
0,0,0,0
0,0,0,0
0,0,0,0
0,0,0,0
0,0,0,0
0,0,0,0
0,0,0,0
0,0,0,0
0,0,0,0
0,0,0,0
0,0,0,0
0,0,0,0
0,0,0,0
0,0,0,0
0,0,0,0
0,0,0,0
0,0,0,0
0,0,0,0
0,0,0,0
0,0,0,0
0,0,0,0
0,0,0,0
0,0,0,0
0,0,0,0
0,0,0,0
0,0,0,0
0,0,0,0
0,0,0,0
0,0,0,0
0,0,0,0
0,0,0,0
0,0,0,0
0,0,0,0
0,0,0,0
0,0,0,0
0,0,0,0
0,0,0,0
0,0,0,0
0,0,0,0
0,0,0,0
0,0,0,0
0,0,0,0
0,0,0,0
0,0,0,0
0,0,0,0
0,0,0,0
0,0,0,0
0,0,0,0
0,0,0,0
0,0,0,0
0,0,0,0
0,0,0,0
0,0,0,0
0,0,0,0
0,0,0,0
0,0,0,0
0,0,0,0
0,0,0,0
0,0,0,0
0,0,0,0
0,0,0,0
0,0,0,0
0,0,0,0
0,0,0,0
0,0,0,0
0,0,0,0
0,0,0,0
0,0,0,0
0,0,0,0
0,0,0,0
0,0,0,0
0,0,0,0
0,0,0,0
0,0,0,0
0,0,0,0
0,0,0,0
0,0,0,0
0,0,0,0
0,0,0,0
0,0,0,0
0,0,0,0
0,0,0,0
0,0,0,0
0,0,0,0
0,0,0,0
0,0,0,0
0,0,0,0
0,0,0,0
0,0,0,0
0,0,0,0
0,0,0,0
0,0,0,0
0,0,0,0
0,0,0,0
0,0,0,0
0,0,0,0
0,0,0,0
0,0,0,0
0,0,0,0
0,0,0,0
0,0,0,0
0,0,0,0
0,0,0,0
0,0,0,0
0,0,0,0
0,0,0,0
0,0,0,0
0,0,0,0
0,0,0,0
0,0,0,0
0,0,0,0
0,0,0,0
0,0,0,0
0,0,0,0
0,0,0,0
0,0,0,0
0,0,0,0
0,0,0,0
0,0,0,0
0,0,0,0
0,0,0,0
0,0,0,0
0,0,0,0
0,0,0,0
0,0,0,0
0,0,0,0
0,0,0,0
0,0,0,0
0,0,0,0
0,0,0,0
0,0,0,0
0,0,0,0
0,0,0,0
0,0,0,0
0,0,0,0
0,0,0,0
0,0,0,0
0,0,0,0
0,0,0,0
0,0,0,0
0,0,0,0
0,0,0,0
0,0,0,0
0,0,0,0
0,0,0,0
0,0,0,0
0,0,0,0
0,0,0,0
0,0,0,0
0,0,0,0
0,0,0,0
0,0,0,0
0,0,0,0
0,0,0,0
0,0,0,0
0,0,0,0
0,0,0,0
0,0,0,0
0,0,0,0
0,0,0,0
0,0,0,0
0,0,0,0
0,0,0,0
0,0,0,0
0,0,0,0
0,0,0,0
0,0,0,0
0,0,0,0
0,0,0,0
0,0,0,0
0,0,0,0
0,0,0,0
0,0,0,0
0,0,0,0
0,0,0,0
0,0,0,0
0,0,0,0
0,0,0,0
0,0,0,0
0,0,0,0
0,0,0,0
0,0,0,0
0,0,0,0
0,0,0,0
0,0,0,0
0,0,0,0
0,0,0,0
0,0,0,0
0,0,0,0
0,0,0,0
0,0,0,0
0,0,0,0
0,0,0,0
0,0,0,0
0,0,0,0
0,0,0,0
0,0,0,0
0,0,0,0
0,0,0,0
0,0,0,0
0,0,0,0
0,0,0,0
0,0,0,0
0,0,0,0
0,0,0,0
0,0,0,0
0,0,0,0
0,0,0,0
0,0,0,0
0,0,0,0
0,0,0,0
0,0,0,0
0,0,0,0
0,0,0,0
0,0,0,0
0,0,0,0
0,0,0,0
0,0,0,0
0,0,0,0
0,0,0,0
0,0,0,0
0,0,0,0
0,0,0,0
0,0,0,0
0,0,0,0
0,0,0,0
0,0,0,0
0,0,0,0
0,0,0,0
0,0,0,0
0,0,0,0
0,0,0,0
0,0,0,0
0,0,0,0
0,0,0,0
0,0,0,0
0,0,0,0
0,0,0,0
0,0,0,0
0,0,0,0
0,0,0,0
0,0,0,0
0,0,0,0
0,0,0,0
0,0,0,0
0,0,0,0
0,0,0,0
0,0,0,0
0,0,0,0
0,0,0,0
0,0,0,0
0,0,0,0
0,0,0,0
0,0,0,0
0,0,0,0
0,0,0,0
0,0,0,0
0,0,0,0
0,0,0,0
0,0,0,0
0,0,0,0
0,0,0,0
0,0,0,0
0,0,0,0
0,0,0,0
0,0,0,0
0,0,0,0
0,0,0,0
0,0,0,0
0,0,0,0
0,0,0,0
0,0,0,0
0,0,0,0
0,0,0,0
0,0,0,0
0,0,0,0
0,0,0,0
0,0,0,0
0,0,0,0
0,0,0,0
0,0,0,0
0,0,0,0
0,0,0,0
0,0,0,0
0,0,0,0
0,0,0,0
0,0,0,0
0,0,0,0
0,0,0,0
0,0,0,0
0,0,0,0
0,0,0,0
0,0,0,0
0,0,0,0
0,0,0,0
0,0,0,0
0,0,0,0
0,0,0,0
0,0,0,0
0,0,0,0
0,0,0,0
0,0,0,0
0,0,0,0
0,0,0,0
0,0,0,0
0,0,0,0
0,0,0,0
0,0,0,0
0,0,0,0
0,0,0,0
0,0,0,0
0,0,0,0
0,0,0,0
0,0,0,0
0,0,0,0
0,0,0,0
0,0,0,0
0,0,0,0
0,0,0,0
0,0,0,0
0,0,0,0
0,0,0,0
0,0,0,0
0,0,0,0
0,0,0,0
0,0,0,0
0,0,0,0
0,0,0,0
0,0,0,0
0,0,0,0
0,0,0,0
0,0,0,0
0,0,0,0
0,0,0,0
0,0,0,0
0,0,0,0
0,0,0,0
0,0,0,0
0,0,0,0
0,0,0,0
0,0,0,0
0,0,0,0
0,0,0,0
0,0,0,0
0,0,0,0
0,0,0,0
0,0,0,0
0,0,0,0
0,0,0,0
0,0,0,0
0,0,0,0
0,0,0,0
0,0,0,0
0,0,0,0
0,0,0,0
0,0,0,0
0,0,0,0
0,0,0,0
0,0,0,0
0,0,0,0
0,0,0,0
0,0,0,0
0,0,0,0
0,0,0,0
0,0,0,0
0,0,0,0
0,0,0,0
0,0,0,0
0,0,0,0
0,0,0,0
0,0,0,0
0,0,0,0
0,0,0,0
0,0,0,0
0,0,0,0
0,0,0,0
0,0,0,0
0,0,0,0
0,0,0,0
0,0,0,0
0,0,0,0
0,0,0,0
0,0,0,0
0,0,0,0
0,0,0,0
0,0,0,0
0,0,0,0
0,0,0,0
0,0,0,0
0,0,0,0
0,0,0,0
0,0,0,0
0,0,0,0
0,0,0,0
0,0,0,0
0,0,0,0
0,0,0,0
0,0,0,0
0,0,0,0
0,0,0,0
0,0,0,0
0,0,0,0
0,0,0,0
0,0,0,0
0,0,0,0
0,0,0,0
0,0,0,0
0,0,0,0
0,0,0,0
0,0,0,0
0,0,0,0
0,0,0,0
0,0,0,0
0,0,0,0
0,0,0,0
0,0,0,0
0,0,0,0
0,0,0,0
0,0,0,0
0,0,0,0
0,0,0,0
0,0,0,0
0,0,0,0
0,0,0,0
0,0,0,0
0,0,0,0
0,0,0,0
0,0,0,0
0,0,0,0
0,0,0,0
0,0,0,0
0,0,0,0
0,0,0,0
0,0,0,0
0,0,0,0
0,0,0,0
0,0,0,0
0,0,0,0
0,0,0,0
0,0,0,0
0,0,0,0
0,0,0,0
0,0,0,0
0,0,0,0
0,0,0,0
0,0,0,0
0,0,0,0
0,0,0,0
0,0,0,0
0,0,0,0
0,0,0,0
0,0,0,0
0,0,0,0
0,0,0,0
0,0,0,0
0,0,0,0
0,0,0,0
0,0,0,0
0,0,0,0
0,0,0,0
0,0,0,0
0,0,0,0
0,0,0,0
0,0,0,0
0,0,0,0
0,0,0,0
0,0,0,0
0,0,0,0
0,0,0,0
0,0,0,0
0,0,0,0
0,0,0,0
0,0,0,0
0,0,0,0
0,0,0,0
0,0,0,0
0,0,0,0
0,0,0,0
0,0,0,0
0,0,0,0
0,0,0,0
0,0,0,0
0,0,0,0
0,0,0,0
0,0,0,0
0,0,0,0
0,0,0,0
0,0,0,0
0,0,0,0
0,0,0,0
0,0,0,0
0,0,0,0
0,0,0,0
0,0,0,0
0,0,0,0
0,0,0,0
0,0,0,0
0,0,0,0
0,0,0,0
0,0,0,0
0,0,0,0
0,0,0,0
0,0,0,0
0,0,0,0
0,0,0,0
0,0,0,0
0,0,0,0
0,0,0,0
0,0,0,0
0,0,0,0
0,0,0,0
0,0,0,0
0,0,0,0
0,0,0,0
0,0,0,0
0,0,0,0
0,0,0,0
0,0,0,0
0,0,0,0
0,0,0,0
0,0,0,0
0,0,0,0
0,0,0,0
0,0,0,0
0,0,0,0
0,0,0,0
0,0,0,0
0,0,0,0
0,0,0,0
0,0,0,0
0,0,0,0
0,0,0,0
0,0,0,0
0,0,0,0
0,0,0,0
0,0,0,0
0,0,0,0
0,0,0,0
0,0,0,0
0,0,0,0
0,0,0,0
0,0,0,0
0,0,0,0
0,0,0,0
0,0,0,0
0,0,0,0
0,0,0,0
0,0,0,0
0,0,0,0
0,0,0,0
0,0,0,0
0,0,0,0
0,0,0,0
0,0,0,0
0,0,0,0
0,0,0,0
0,0,0,0
0,0,0,0
0,0,0,0
0,0,0,0
0,0,0,0
0,0,0,0
0,0,0,0
0,0,0,0
0,0,0,0
0,0,0,0
0,0,0,0
0,0,0,0
0,0,0,0
0,0,0,0
0,0,0,0
0,0,0,0
0,0,0,0
0,0,0,0
0,0,0,0
0,0,0,0
0,0,0,0
0,0,0,0
0,0,0,0
0,0,0,0
0,0,0,0
0,0,0,0
0,0,0,0
0,0,0,0
0,0,0,0
0,0,0,0
0,0,0,0
0,0,0,0
0,0,0,0
0,0,0,0
0,0,0,0
0,0,0,0
0,0,0,0
0,0,0,0
0,0,0,0
0,0,0,0
0,0,0,0
0,0,0,0
0,0,0,0
0,0,0,0
0,0,0,0
0,0,0,0
0,0,0,0
0,0,0,0
0,0,0,0
0,0,0,0
0,0,0,0
0,0,0,0
0,0,0,0
0,0,0,0
0,0,0,0
0,0,0,0
0,0,0,0
0,0,0,0
0,0,0,0
0,0,0,0
0,0,0,0
0,0,0,0
0,0,0,0
0,0,0,0
0,0,0,0
0,0,0,0
0,0,0,0
0,0,0,0
0,0,0,0
0,0,0,0
0,0,0,0
0,0,0,0
0,0,0,0
0,0,0,0
0,0,0,0
0,0,0,0
0,0,0,0
0,0,0,0
0,0,0,0
0,0,0,0
0,0,0,0
0,0,0,0
0,0,0,0
0,0,0,0
0,0,0,0
0,0,0,0
0,0,0,0
0,0,0,0
0,0,0,0
0,0,0,0
0,0,0,0
0,0,0,0
0,0,0,0
0,0,0,0
0,0,0,0
0,0,0,0
0,0,0,0
0,0,0,0
0,0,0,0
0,0,0,0
0,0,0,0
0,0,0,0
0,0,0,0
0,0,0,0
0,0,0,0
0,0,0,0
0,0,0,0
0,0,0,0
0,0,0,0
0,0,0,0
0,0,0,0
0,0,0,0
0,0,0,0
0,0,0,0
0,0,0,0
0,0,0,0
0,0,0,0
0,0,0,0
0,0,0,0
0,0,0,0
0,0,0,0
0,0,0,0
0,0,0,0
0,0,0,0
0,0,0,0
0,0,0,0
0,0,0,0
0,0,0,0
0,0,0,0
0,0,0,0
0,0,0,0
0,0,0,0
0,0,0,0
0,0,0,0
0,0,0,0
0,0,0,0
0,0,0,0
0,0,0,0
0,0,0,0
0,0,0,0
0,0,0,0
0,0,0,0
0,0,0,0
0,0,0,0
0,0,0,0
0,0,0,0
0,0,0,0
0,0,0,0
0,0,0,0
0,0,0,0
0,0,0,0
0,0,0,0
0,0,0,0
0,0,0,0
0,0,0,0
0,0,0,0
0,0,0,0
0,0,0,0
0,0,0,0
0,0,0,0
0,0,0,0
0,0,0,0
0,0,0,0
0,0,0,0
0,0,0,0
0,0,0,0
0,0,0,0
0,0,0,0
0,0,0,0
0,0,0,0
0,0,0,0
0,0,0,0
0,0,0,0
0,0,0,0
0,0,0,0
0,0,0,0
0,0,0,0
0,0,0,0
0,0,0,0
0,0,0,0
0,0,0,0
0,0,0,0
0,0,0,0
0,0,0,0
0,0,0,0
0,0,0,0
0,0,0,0
0,0,0,0
0,0,0,0
0,0,0,0
0,0,0,0
0,0,0,0
0,0,0,0
0,0,0,0
0,0,0,0
0,0,0,0
0,0,0,0
0,0,0,0
0,0,0,0
0,0,0,0
0,0,0,0
0,0,0,0
0,0,0,0
0,0,0,0
0,0,0,0
0,0,0,0
0,0,0,0
0,0,0,0
0,0,0,0
0,0,0,0
0,0,0,0
0,0,0,0
0,0,0,0
0,0,0,0
0,0,0,0
0,0,0,0
0,0,0,0
0,0,0,0
0,0,0,0
0,0,0,0
0,0,0,0
0,0,0,0
0,0,0,0
0,0,0,0
0,0,0,0
0,0,0,0
0,0,0,0
0,0,0,0
0,0,0,0
0,0,0,0
0,0,0,0
0,0,0,0
0,0,0,0
0,0,0,0
0,0,0,0
0,0,0,0
0,0,0,0
0,0,0,0
0,0,0,0
0,0,0,0
0,0,0,0
0,0,0,0
0,0,0,0
0,0,0,0
0,0,0,0
0,0,0,0
0,0,0,0
0,0,0,0
0,0,0,0
0,0,0,0
0,0,0,0
0,0,0,0
0,0,0,0
0,0,0,0
0,0,0,0
0,0,0,0
0,0,0,0
0,0,0,0
0,0,0,0
0,0,0,0
0,0,0,0
0,0,0,0
0,0,0,0
0,0,0,0
0,0,0,0
0,0,0,0
0,0,0,0
0,0,0,0
0,0,0,0
0,0,0,0
0,0,0,0
0,0,0,0
0,0,0,0
0,0,0,0
0,0,0,0
0,0,0,0
0,0,0,0
0,0,0,0
0,0,0,0
0,0,0,0
0,0,0,0
0,0,0,0
0,0,0,0
0,0,0,0
0,0,0,0
0,0,0,0
0,0,0,0
0,0,0,0
0,0,0,0
0,0,0,0
0,0,0,0
0,0,0,0
0,0,0,0
0,0,0,0
0,0,0,0
0,0,0,0
0,0,0,0
0,0,0,0
0,0,0,0
0,0,0,0
0,0,0,0
0,0,0,0
0,0,0,0
0,0,0,0
0,0,0,0
0,0,0,0
0,0,0,0
0,0,0,0
0,0,0,0
0,0,0,0
0,0,0,0
0,0,0,0
0,0,0,0
0,0,0,0
0,0,0,0
0,0,0,0
0,0,0,0
0,0,0,0
0,0,0,0
0,0,0,0
0,0,0,0
0,0,0,0
0,0,0,0
0,0,0,0
0,0,0,0
0,0,0,0
0,0,0,0
0,0,0,0
0,0,0,0
0,0,0,0
0,0,0,0
0,0,0,0
0,0,0,0
0,0,0,0
0,0,0,0
0,0,0,0
0,0,0,0
0,0,0,0
0,0,0,0
0,0,0,0
0,0,0,0
0,0,0,0
0,0,0,0
0,0,0,0
0,0,0,0
0,0,0,0
0,0,0,0
0,0,0,0
0,0,0,0
0,0,0,0
0,0,0,0
0,0,0,0
0,0,0,0
0,0,0,0
0,0,0,0
0,0,0,0
0,0,0,0
0,0,0,0
0,0,0,0
0,0,0,0
0,0,0,0
0,0,0,0
0,0,0,0
0,0,0,0
0,0,0,0
0,0,0,0
0,0,0,0
0,0,0,0
0,0,0,0
0,0,0,0
0,0,0,0
0,0,0,0
0,0,0,0
0,0,0,0
0,0,0,0
0,0,0,0
0,0,0,0
0,0,0,0
0,0,0,0
0,0,0,0
0,0,0,0
0,0,0,0
0,0,0,0
0,0,0,0
0,0,0,0
0,0,0,0
0,0,0,0
0,0,0,0
0,0,0,0
0,0,0,0
0,0,0,0
0,0,0,0
0,0,0,0
0,0,0,0
0,0,0,0
0,0,0,0
0,0,0,0
0,0,0,0
0,0,0,0
0,0,0,0
0,0,0,0
0,0,0,0
0,0,0,0
0,0,0,0
0,0,0,0
0,0,0,0
0,0,0,0
0,0,0,0
0,0,0,0
0,0,0,0
0,0,0,0
0,0,0,0
0,0,0,0
0,0,0,0
0,0,0,0
0,0,0,0
0,0,0,0
0,0,0,0
0,0,0,0
0,0,0,0
0,0,0,0
0,0,0,0
0,0,0,0
0,0,0,0
0,0,0,0
0,0,0,0
0,0,0,0
0,0,0,0
0,0,0,0
0,0,0,0
0,0,0,0
0,0,0,0
0,0,0,0
0,0,0,0
0,0,0,0
0,0,0,0
0,0,0,0
0,0,0,0
0,0,0,0
0,0,0,0
0,0,0,0
0,0,0,0
0,0,0,0
0,0,0,0
0,0,0,0
0,0,0,0
0,0,0,0
0,0,0,0
0,0,0,0
0,0,0,0
0,0,0,0
0,0,0,0
0,0,0,0
0,0,0,0
0,0,0,0
0,0,0,0
0,0,0,0
0,0,0,0
0,0,0,0
0,0,0,0
0,0,0,0
0,0,0,0
0,0,0,0
0,0,0,0
0,0,0,0
0,0,0,0
0,0,0,0
0,0,0,0
0,0,0,0
0,0,0,0
0,0,0,0
0,0,0,0
0,0,0,0
0,0,0,0
0,0,0,0
0,0,0,0
0,0,0,0
0,0,0,0
0,0,0,0
0,0,0,0
0,0,0,0
0,0,0,0
0,0,0,0
0,0,0,0
0,0,0,0
0,0,0,0
0,0,0,0
0,0,0,0
0,0,0,0
0,0,0,0
0,0,0,0
0,0,0,0
0,0,0,0
0,0,0,0
0,0,0,0
0,0,0,0
0,0,0,0
0,0,0,0
0,0,0,0
0,0,0,0
0,0,0,0
0,0,0,0
0,0,0,0
0,0,0,0
0,0,0,0
0,0,0,0
0,0,0,0
0,0,0,0
0,0,0,0
0,0,0,0
0,0,0,0
0,0,0,0
0,0,0,0
0,0,0,0
0,0,0,0
0,0,0,0
0,0,0,0
0,0,0,0
0,0,0,0
0,0,0,0
0,0,0,0
0,0,0,0
0,0,0,0
0,0,0,0
0,0,0,0
0,0,0,0
0,0,0,0
0,0,0,0
0,0,0,0
0,0,0,0
0,0,0,0
0,0,0,0
0,0,0,0
0,0,0,0
0,0,0,0
0,0,0,0
0,0,0,0
0,0,0,0
0,0,0,0
0,0,0,0
0,0,0,0
0,0,0,0
0,0,0,0
0,0,0,0
0,0,0,0
0,0,0,0
0,0,0,0
0,0,0,0
0,0,0,0
0,0,0,0
0,0,0,0
0,0,0,0
0,0,0,0
0,0,0,0
0,0,0,0
0,0,0,0
0,0,0,0
0,0,0,0
0,0,0,0
0,0,0,0
0,0,0,0
0,0,0,0
0,0,0,0
0,0,0,0
0,0,0,0
0,0,0,0
0,0,0,0
0,0,0,0
0,0,0,0
0,0,0,0
0,0,0,0
0,0,0,0
0,0,0,0
0,0,0,0
0,0,0,0
0,0,0,0
0,0,0,0
0,0,0,0
0,0,0,0
0,0,0,0
0,0,0,0
0,0,0,0
0,0,0,0
0,0,0,0
0,0,0,0
0,0,0,0
0,0,0,0
0,0,0,0
0,0,0,0
0,0,0,0
0,0,0,0
0,0,0,0
0,0,0,0
0,0,0,0
0,0,0,0
0,0,0,0
0,0,0,0
0,0,0,0
0,0,0,0
0,0,0,0
0,0,0,0
0,0,0,0
0,0,0,0
0,0,0,0
0,0,0,0
0,0,0,0
0,0,0,0
0,0,0,0
0,0,0,0
0,0,0,0
0,0,0,0
0,0,0,0
0,0,0,0
0,0,0,0
0,0,0,0
0,0,0,0
0,0,0,0
0,0,0,0
0,0,0,0
0,0,0,0
0,0,0,0
0,0,0,0
0,0,0,0
0,0,0,0
0,0,0,0
0,0,0,0
0,0,0,0
0,0,0,0
0,0,0,0
0,0,0,0
0,0,0,0
0,0,0,0
0,0,0,0
0,0,0,0
0,0,0,0
0,0,0,0
0,0,0,0
0,0,0,0
0,0,0,0
0,0,0,0
0,0,0,0
0,0,0,0
0,0,0,0
0,0,0,0
0,0,0,0
0,0,0,0
0,0,0,0
0,0,0,0
0,0,0,0
0,0,0,0
0,0,0,0
0,0,0,0
0,0,0,0
0,0,0,0
0,0,0,0
0,0,0,0
0,0,0,0
0,0,0,0
0,0,0,0
0,0,0,0
0,0,0,0
0,0,0,0
0,0,0,0
0,0,0,0
0,0,0,0
0,0,0,0
0,0,0,0
0,0,0,0
0,0,0,0
0,0,0,0
0,0,0,0
0,0,0,0
0,0,0,0
0,0,0,0
0,0,0,0
0,0,0,0
0,0,0,0
0,0,0,0
0,0,0,0
0,0,0,0
0,0,0,0
0,0,0,0
0,0,0,0
0,0,0,0
0,0,0,0
0,0,0,0
0,0,0,0
0,0,0,0
0,0,0,0
0,0,0,0
0,0,0,0
0,0,0,0
0,0,0,0
0,0,0,0
0,0,0,0
0,0,0,0
0,0,0,0
0,0,0,0
0,0,0,0
0,0,0,0
0,0,0,0
0,0,0,0
0,0,0,0
0,0,0,0
0,0,0,0
0,0,0,0
0,0,0,0
0,0,0,0
0,0,0,0
0,0,0,0
0,0,0,0
0,0,0,0
0,0,0,0
0,0,0,0
0,0,0,0
0,0,0,0
0,0,0,0
0,0,0,0
0,0,0,0
0,0,0,0
0,0,0,0
0,0,0,0
0,0,0,0
0,0,0,0
0,0,0,0
0,0,0,0
0,0,0,0
0,0,0,0
0,0,0,0
0,0,0,0
0,0,0,0
0,0,0,0
0,0,0,0
0,0,0,0
0,0,0,0
0,0,0,0
0,0,0,0
0,0,0,0
0,0,0,0
0,0,0,0
0,0,0,0
0,0,0,0
0,0,0,0
0,0,0,0
0,0,0,0
0,0,0,0
0,0,0,0
0,0,0,0
0,0,0,0
0,0,0,0
0,0,0,0
0,0,0,0
0,0,0,0
0,0,0,0
0,0,0,0
0,0,0,0
0,0,0,0
0,0,0,0
0,0,0,0
0,0,0,0
0,0,0,0
0,0,0,0
0,0,0,0
0,0,0,0
0,0,0,0
0,0,0,0
0,0,0,0
0,0,0,0
0,0,0,0
0,0,0,0
0,0,0,0
0,0,0,0
0,0,0,0
0,0,0,0
0,0,0,0
0,0,0,0
0,0,0,0
0,0,0,0
0,0,0,0
0,0,0,0
0,0,0,0
0,0,0,0
0,0,0,0
0,0,0,0
0,0,0,0
0,0,0,0
0,0,0,0
0,0,0,0
0,0,0,0
0,0,0,0
0,0,0,0
0,0,0,0
0,0,0,0
0,0,0,0
0,0,0,0
0,0,0,0
0,0,0,0
0,0,0,0
0,0,0,0
0,0,0,0
0,0,0,0
0,0,0,0
0,0,0,0
0,0,0,0
0,0,0,0
0,0,0,0
0,0,0,0
0,0,0,0
0,0,0,0
0,0,0,0
0,0,0,0
0,0,0,0
0,0,0,0
0,0,0,0
0,0,0,0
0,0,0,0
0,0,0,0
0,0,0,0
0,0,0,0
0,0,0,0
0,0,0,0
0,0,0,0
0,0,0,0
0,0,0,0
0,0,0,0
0,0,0,0
0,0,0,0
0,0,0,0
0,0,0,0
0,0,0,0
0,0,0,0
0,0,0,0
0,0,0,0
0,0,0,0
0,0,0,0
0,0,0,0
0,0,0,0
0,0,0,0
0,0,0,0
0,0,0,0
0,0,0,0
0,0,0,0
0,0,0,0
0,0,0,0
0,0,0,0
0,0,0,0
0,0,0,0
0,0,0,0
0,0,0,0
0,0,0,0
0,0,0,0
0,0,0,0
0,0,0,0
0,0,0,0
0,0,0,0
0,0,0,0
0,0,0,0
0,0,0,0
0,0,0,0
0,0,0,0
0,0,0,0
0,0,0,0
0,0,0,0
0,0,0,0
0,0,0,0
0,0,0,0
0,0,0,0
0,0,0,0
0,0,0,0
0,0,0,0
0,0,0,0
0,0,0,0
0,0,0,0
0,0,0,0
0,0,0,0
0,0,0,0
0,0,0,0
0,0,0,0
0,0,0,0
0,0,0,0
0,0,0,0
0,0,0,0
0,0,0,0
0,0,0,0
0,0,0,0
0,0,0,0
0,0,0,0
0,0,0,0
0,0,0,0
0,0,0,0
0,0,0,0
0,0,0,0
0,0,0,0
0,0,0,0
0,0,0,0
0,0,0,0
0,0,0,0
0,0,0,0
0,0,0,0
0,0,0,0
0,0,0,0
0,0,0,0
0,0,0,0
0,0,0,0
0,0,0,0
0,0,0,0
0,0,0,0
0,0,0,0
0,0,0,0
0,0,0,0
0,0,0,0
0,0,0,0
0,0,0,0
0,0,0,0
0,0,0,0
0,0,0,0
0,0,0,0
0,0,0,0
0,0,0,0
0,0,0,0
0,0,0,0
0,0,0,0
0,0,0,0
0,0,0,0
0,0,0,0
0,0,0,0
0,0,0,0
0,0,0,0
0,0,0,0
0,0,0,0
0,0,0,0
0,0,0,0
0,0,0,0
0,0,0,0
0,0,0,0
0,0,0,0
0,0,0,0
0,0,0,0
0,0,0,0
0,0,0,0
0,0,0,0
0,0,0,0
0,0,0,0
0,0,0,0
0,0,0,0
0,0,0,0
0,0,0,0
0,0,0,0
0,0,0,0
0,0,0,0
0,0,0,0
0,0,0,0
0,0,0,0
0,0,0,0
0,0,0,0
0,0,0,0
0,0,0,0
0,0,0,0
0,0,0,0
0,0,0,0
0,0,0,0
0,0,0,0
0,0,0,0
0,0,0,0
0,0,0,0
0,0,0,0
0,0,0,0
0,0,0,0
0,0,0,0
0,0,0,0
0,0,0,0
0,0,0,0
0,0,0,0
0,0,0,0
0,0,0,0
0,0,0,0
0,0,0,0
0,0,0,0
0,0,0,0
0,0,0,0
0,0,0,0
0,0,0,0
0,0,0,0
0,0,0,0
0,0,0,0
0,0,0,0
0,0,0,0
0,0,0,0
0,0,0,0
0,0,0,0
0,0,0,0
0,0,0,0
0,0,0,0
0,0,0,0
0,0,0,0
0,0,0,0
0,0,0,0
0,0,0,0
0,0,0,0
0,0,0,0
0,0,0,0
0,0,0,0
0,0,0,0
0,0,0,0
0,0,0,0
0,0,0,0
0,0,0,0
0,0,0,0
0,0,0,0
0,0,0,0
0,0,0,0
0,0,0,0
0,0,0,0
0,0,0,0
0,0,0,0
0,0,0,0
0,0,0,0
0,0,0,0
0,0,0,0
0,0,0,0
0,0,0,0
0,0,0,0
0,0,0,0
0,0,0,0
0,0,0,0
0,0,0,0
0,0,0,0
0,0,0,0
0,0,0,0
0,0,0,0
0,0,0,0
0,0,0,0
0,0,0,0
0,0,0,0
0,0,0,0
0,0,0,0
0,0,0,0
0,0,0,0
0,0,0,0
0,0,0,0
0,0,0,0
0,0,0,0
0,0,0,0
0,0,0,0
0,0,0,0
0,0,0,0
0,0,0,0
0,0,0,0
0,0,0,0
0,0,0,0
0,0,0,0
0,0,0,0
0,0,0,0
0,0,0,0
0,0,0,0
0,0,0,0
0,0,0,0
0,0,0,0
0,0,0,0
0,0,0,0
0,0,0,0
0,0,0,0
0,0,0,0
0,0,0,0
0,0,0,0
0,0,0,0
0,0,0,0
0,0,0,0
0,0,0,0
0,0,0,0
0,0,0,0
0,0,0,0
0,0,0,0
0,0,0,0
0,0,0,0
0,0,0,0
0,0,0,0
0,0,0,0
0,0,0,0
0,0,0,0
0,0,0,0
0,0,0,0
0,0,0,0
0,0,0,0
0,0,0,0
0,0,0,0
0,0,0,0
0,0,0,0
0,0,0,0
0,0,0,0
0,0,0,0
0,0,0,0
0,0,0,0
0,0,0,0
0,0,0,0
0,0,0,0
0,0,0,0
0,0,0,0
0,0,0,0
0,0,0,0
0,0,0,0
0,0,0,0
0,0,0,0
0,0,0,0
0,0,0,0
0,0,0,0
0,0,0,0
0,0,0,0
0,0,0,0
0,0,0,0
0,0,0,0
0,0,0,0
0,0,0,0
0,0,0,0
0,0,0,0
0,0,0,0
0,0,0,0
0,0,0,0
0,0,0,0
0,0,0,0
0,0,0,0
0,0,0,0
0,0,0,0
0,0,0,0
0,0,0,0
0,0,0,0
0,0,0,0
0,0,0,0
0,0,0,0
0,0,0,0
0,0,0,0
0,0,0,0
0,0,0,0
0,0,0,0
0,0,0,0
0,0,0,0
0,0,0,0
0,0,0,0
0,0,0,0
0,0,0,0
0,0,0,0
0,0,0,0
0,0,0,0
0,0,0,0
0,0,0,0
0,0,0,0
0,0,0,0
0,0,0,0
0,0,0,0
0,0,0,0
0,0,0,0
0,0,0,0
0,0,0,0
0,0,0,0
0,0,0,0
0,0,0,0
0,0,0,0
0,0,0,0
0,0,0,0
0,0,0,0
0,0,0,0
0,0,0,0
0,0,0,0
0,0,0,0
0,0,0,0
0,0,0,0
0,0,0,0
0,0,0,0
0,0,0,0
0,0,0,0
0,0,0,0
0,0,0,0
0,0,0,0
0,0,0,0
0,0,0,0
0,0,0,0
0,0,0,0
0,0,0,0
0,0,0,0
0,0,0,0
0,0,0,0
0,0,0,0
0,0,0,0
0,0,0,0
0,0,0,0
0,0,0,0
0,0,0,0
0,0,0,0
0,0,0,0
0,0,0,0
0,0,0,0
0,0,0,0
0,0,0,0
0,0,0,0
0,0,0,0
0,0,0,0
0,0,0,0
0,0,0,0
0,0,0,0
0,0,0,0
0,0,0,0
0,0,0,0
0,0,0,0
0,0,0,0
0,0,0,0
0,0,0,0
0,0,0,0
0,0,0,0
0,0,0,0
0,0,0,0
0,0,0,0
0,0,0,0
0,0,0,0
0,0,0,0
0,0,0,0
0,0,0,0
0,0,0,0
0,0,0,0
0,0,0,0
0,0,0,0
0,0,0,0
0,0,0,0
0,0,0,0
0,0,0,0
0,0,0,0
0,0,0,0
0,0,0,0
0,0,0,0
0,0,0,0
0,0,0,0
0,0,0,0
0,0,0,0
0,0,0,0
0,0,0,0
0,0,0,0
0,0,0,0
0,0,0,0
0,0,0,0
0,0,0,0
0,0,0,0
0,0,0,0
0,0,0,0
0,0,0,0
0,0,0,0
0,0,0,0
0,0,0,0
0,0,0,0
0,0,0,0
0,0,0,0
0,0,0,0
0,0,0,0
0,0,0,0
0,0,0,0
0,0,0,0
0,0,0,0
0,0,0,0
0,0,0,0
0,0,0,0
0,0,0,0
0,0,0,0
0,0,0,0
0,0,0,0
0,0,0,0
0,0,0,0
0,0,0,0
0,0,0,0
0,0,0,0
0,0,0,0
0,0,0,0
0,0,0,0
0,0,0,0
0,0,0,0
0,0,0,0
0,0,0,0
0,0,0,0
0,0,0,0
0,0,0,0
0,0,0,0
0,0,0,0
0,0,0,0
0,0,0,0
0,0,0,0
0,0,0,0
0,0,0,0
0,0,0,0
0,0,0,0
0,0,0,0
0,0,0,0
0,0,0,0
0,0,0,0
0,0,0,0
0,0,0,0
0,0,0,0
0,0,0,0
0,0,0,0
0,0,0,0
0,0,0,0
0,0,0,0
0,0,0,0
0,0,0,0
0,0,0,0
0,0,0,0
0,0,0,0
0,0,0,0
0,0,0,0
0,0,0,0
0,0,0,0
0,0,0,0
0,0,0,0
0,0,0,0
0,0,0,0
0,0,0,0
0,0,0,0
0,0,0,0
0,0,0,0
0,0,0,0
0,0,0,0
0,0,0,0
0,0,0,0
0,0,0,0
0,0,0,0
0,0,0,0
0,0,0,0
0,0,0,0
0,0,0,0
0,0,0,0
0,0,0,0
0,0,0,0
0,0,0,0
0,0,0,0
0,0,0,0
0,0,0,0
0,0,0,0
0,0,0,0
0,0,0,0
0,0,0,0
0,0,0,0
0,0,0,0
0,0,0,0
0,0,0,0
0,0,0,0
0,0,0,0
0,0,0,0
0,0,0,0
0,0,0,0
0,0,0,0
0,0,0,0
0,0,0,0
0,0,0,0
0,0,0,0
0,0,0,0
0,0,0,0
0,0,0,0
0,0,0,0
0,0,0,0
0,0,0,0
0,0,0,0
0,0,0,0
0,0,0,0
0,0,0,0
0,0,0,0
0,0,0,0
0,0,0,0
0,0,0,0
0,0,0,0
0,0,0,0
0,0,0,0
0,0,0,0
0,0,0,0
0,0,0,0
0,0,0,0
0,0,0,0
0,0,0,0
0,0,0,0
0,0,0,0
0,0,0,0
0,0,0,0
0,0,0,0
0,0,0,0
0,0,0,0
0,0,0,0
0,0,0,0
0,0,0,0
0,0,0,0
0,0,0,0
0,0,0,0
0,0,0,0
0,0,0,0
0,0,0,0
0,0,0,0
0,0,0,0
0,0,0,0
0,0,0,0
0,0,0,0
0,0,0,0
0,0,0,0
0,0,0,0
0,0,0,0
0,0,0,0
0,0,0,0
0,0,0,0
0,0,0,0
0,0,0,0
0,0,0,0
0,0,0,0
0,0,0,0
0,0,0,0
0,0,0,0
0,0,0,0
0,0,0,0
0,0,0,0
0,0,0,0
0,0,0,0
0,0,0,0
0,0,0,0
0,0,0,0
0,0,0,0
0,0,0,0
0,0,0,0
0,0,0,0
0,0,0,0
0,0,0,0
0,0,0,0
0,0,0,0
0,0,0,0
0,0,0,0
0,0,0,0
0,0,0,0
0,0,0,0
0,0,0,0
0,0,0,0
0,0,0,0
0,0,0,0
0,0,0,0
0,0,0,0
0,0,0,0
0,0,0,0
0,0,0,0
0,0,0,0
0,0,0,0
0,0,0,0
0,0,0,0
0,0,0,0
0,0,0,0
0,0,0,0
0,0,0,0
0,0,0,0
0,0,0,0
0,0,0,0
0,0,0,0
0,0,0,0
0,0,0,0
0,0,0,0
0,0,0,0
0,0,0,0
0,0,0,0
0,0,0,0
0,0,0,0
0,0,0,0
0,0,0,0
0,0,0,0
0,0,0,0
0,0,0,0
0,0,0,0
0,0,0,0
0,0,0,0
0,0,0,0
0,0,0,0
0,0,0,0
0,0,0,0
0,0,0,0
0,0,0,0
0,0,0,0
0,0,0,0
0,0,0,0
0,0,0,0
0,0,0,0
0,0,0,0
0,0,0,0
0,0,0,0
0,0,0,0
0,0,0,0
0,0,0,0
0,0,0,0
0,0,0,0
0,0,0,0
0,0,0,0
0,0,0,0
0,0,0,0
0,0,0,0
0,0,0,0
0,0,0,0
0,0,0,0
0,0,0,0
0,0,0,0
0,0,0,0
0,0,0,0
0,0,0,0
0,0,0,0
0,0,0,0
0,0,0,0
0,0,0,0
0,0,0,0
0,0,0,0
0,0,0,0
0,0,0,0
0,0,0,0
0,0,0,0
0,0,0,0
0,0,0,0
0,0,0,0
0,0,0,0
0,0,0,0
0,0,0,0
0,0,0,0
0,0,0,0
0,0,0,0
0,0,0,0
0,0,0,0
0,0,0,0
0,0,0,0
0,0,0,0
0,0,0,0
0,0,0,0
0,0,0,0
0,0,0,0
0,0,0,0
0,0,0,0
0,0,0,0
0,0,0,0
0,0,0,0
0,0,0,0
0,0,0,0
0,0,0,0
0,0,0,0
0,0,0,0
0,0,0,0
0,0,0,0
0,0,0,0
0,0,0,0
0,0,0,0
0,0,0,0
0,0,0,0
0,0,0,0
0,0,0,0
0,0,0,0
0,0,0,0
0,0,0,0
0,0,0,0
0,0,0,0
0,0,0,0
0,0,0,0
0,0,0,0
0,0,0,0
0,0,0,0
0,0,0,0
0,0,0,0
0,0,0,0
0,0,0,0
0,0,0,0
0,0,0,0
0,0,0,0
0,0,0,0
0,0,0,0
0,0,0,0
0,0,0,0
0,0,0,0
0,0,0,0
0,0,0,0
0,0,0,0
0,0,0,0
0,0,0,0
0,0,0,0
0,0,0,0
0,0,0,0
0,0,0,0
0,0,0,0
0,0,0,0
0,0,0,0
0,0,0,0
0,0,0,0
0,0,0,0
0,0,0,0
0,0,0,0
0,0,0,0
0,0,0,0
0,0,0,0
0,0,0,0
0,0,0,0
0,0,0,0
0,0,0,0
0,0,0,0
0,0,0,0
0,0,0,0
0,0,0,0
0,0,0,0
0,0,0,0
0,0,0,0
0,0,0,0
0,0,0,0
0,0,0,0
0,0,0,0
0,0,0,0
0,0,0,0
0,0,0,0
0,0,0,0
0,0,0,0
0,0,0,0
0,0,0,0
0,0,0,0
0,0,0,0
0,0,0,0
0,0,0,0
0,0,0,0
0,0,0,0
0,0,0,0
0,0,0,0
0,0,0,0
0,0,0,0
0,0,0,0
0,0,0,0
0,0,0,0
0,0,0,0
0,0,0,0
0,0,0,0
0,0,0,0
0,0,0,0
0,0,0,0
0,0,0,0
0,0,0,0
0,0,0,0
0,0,0,0
0,0,0,0
0,0,0,0
0,0,0,0
0,0,0,0
0,0,0,0
0,0,0,0
0,0,0,0
0,0,0,0
0,0,0,0
0,0,0,0
0,0,0,0
0,0,0,0
0,0,0,0
0,0,0,0
0,0,0,0
0,0,0,0
0,0,0,0
0,0,0,0
0,0,0,0
0,0,0,0
0,0,0,0
0,0,0,0
0,0,0,0
0,0,0,0
0,0,0,0
0,0,0,0
0,0,0,0
0,0,0,0
0,0,0,0
0,0,0,0
0,0,0,0
0,0,0,0
0,0,0,0
0,0,0,0
0,0,0,0
0,0,0,0
0,0,0,0
0,0,0,0
0,0,0,0
0,0,0,0
0,0,0,0
0,0,0,0
0,0,0,0
0,0,0,0
0,0,0,0
0,0,0,0
0,0,0,0
0,0,0,0
0,0,0,0
0,0,0,0
0,0,0,0
0,0,0,0
0,0,0,0
0,0,0,0
0,0,0,0
0,0,0,0
0,0,0,0
0,0,0,0
0,0,0,0
0,0,0,0
0,0,0,0
0,0,0,0
0,0,0,0
0,0,0,0
0,0,0,0
0,0,0,0
0,0,0,0
0,0,0,0
0,0,0,0
0,0,0,0
0,0,0,0
0,0,0,0
0,0,0,0
0,0,0,0
0,0,0,0
0,0,0,0
0,0,0,0
0,0,0,0
0,0,0,0
0,0,0,0
0,0,0,0
0,0,0,0
0,0,0,0
0,0,0,0
0,0,0,0
0,0,0,0
0,0,0,0
0,0,0,0
0,0,0,0
0,0,0,0
0,0,0,0
0,0,0,0
0,0,0,0
0,0,0,0
0,0,0,0
0,0,0,0
0,0,0,0
0,0,0,0
0,0,0,0
0,0,0,0
0,0,0,0
0,0,0,0
0,0,0,0
0,0,0,0
0,0,0,0
0,0,0,0
0,0,0,0
0,0,0,0
0,0,0,0
0,0,0,0
0,0,0,0
0,0,0,0
0,0,0,0
0,0,0,0
0,0,0,0
0,0,0,0
0,0,0,0
0,0,0,0
0,0,0,0
0,0,0,0
0,0,0,0
0,0,0,0
0,0,0,0
0,0,0,0
0,0,0,0
0,0,0,0
0,0,0,0
0,0,0,0
0,0,0,0
0,0,0,0
0,0,0,0
0,0,0,0
0,0,0,0
0,0,0,0
0,0,0,0
0,0,0,0
0,0,0,0
0,0,0,0
0,0,0,0
0,0,0,0
0,0,0,0
0,0,0,0
0,0,0,0
0,0,0,0
0,0,0,0
0,0,0,0
0,0,0,0
0,0,0,0
0,0,0,0
0,0,0,0
0,0,0,0
0,0,0,0
0,0,0,0
0,0,0,0
0,0,0,0
0,0,0,0
0,0,0,0
0,0,0,0
0,0,0,0
0,0,0,0
0,0,0,0
0,0,0,0
0,0,0,0
0,0,0,0
0,0,0,0
0,0,0,0
0,0,0,0
0,0,0,0
0,0,0,0
0,0,0,0
0,0,0,0
0,0,0,0
0,0,0,0
0,0,0,0
0,0,0,0
0,0,0,0
0,0,0,0
0,0,0,0
0,0,0,0
0,0,0,0
0,0,0,0
0,0,0,0
0,0,0,0
0,0,0,0
0,0,0,0
0,0,0,0
0,0,0,0
0,0,0,0
0,0,0,0
0,0,0,0
0,0,0,0
0,0,0,0
0,0,0,0
0,0,0,0
0,0,0,0
0,0,0,0
0,0,0,0
0,0,0,0
0,0,0,0
0,0,0,0
0,0,0,0
0,0,0,0
0,0,0,0
0,0,0,0
0,0,0,0
0,0,0,0
0,0,0,0
0,0,0,0
0,0,0,0
0,0,0,0
0,0,0,0
0,0,0,0
0,0,0,0
0,0,0,0
0,0,0,0
0,0,0,0
0,0,0,0
0,0,0,0
0,0,0,0
0,0,0,0
0,0,0,0
0,0,0,0
0,0,0,0
0,0,0,0
0,0,0,0
0,0,0,0
0,0,0,0
0,0,0,0
0,0,0,0
0,0,0,0
0,0,0,0
0,0,0,0
0,0,0,0
0,0,0,0
0,0,0,0
0,0,0,0
0,0,0,0
0,0,0,0
0,0,0,0
0,0,0,0
0,0,0,0
0,0,0,0
0,0,0,0
0,0,0,0
0,0,0,0
0,0,0,0
0,0,0,0
0,0,0,0
0,0,0,0
0,0,0,0
0,0,0,0
0,0,0,0
0,0,0,0
0,0,0,0
0,0,0,0
0,0,0,0
0,0,0,0
0,0,0,0
0,0,0,0
0,0,0,0
0,0,0,0
0,0,0,0
0,0,0,0
0,0,0,0
0,0,0,0
0,0,0,0
0,0,0,0
0,0,0,0
0,0,0,0
0,0,0,0
0,0,0,0
0,0,0,0
0,0,0,0
0,0,0,0
0,0,0,0
0,0,0,0
0,0,0,0
0,0,0,0
0,0,0,0
0,0,0,0
0,0,0,0
0,0,0,0
0,0,0,0
0,0,0,0
0,0,0,0
0,0,0,0
0,0,0,0
0,0,0,0
0,0,0,0
0,0,0,0
0,0,0,0
0,0,0,0
0,0,0,0
0,0,0,0
0,0,0,0
0,0,0,0
0,0,0,0
0,0,0,0
0,0,0,0
0,0,0,0
0,0,0,0
0,0,0,0
0,0,0,0
0,0,0,0
0,0,0,0
0,0,0,0
0,0,0,0
0,0,0,0
0,0,0,0
0,0,0,0
0,0,0,0
0,0,0,0
0,0,0,0
0,0,0,0
0,0,0,0
0,0,0,0
0,0,0,0
0,0,0,0
0,0,0,0
0,0,0,0
0,0,0,0
0,0,0,0
0,0,0,0
0,0,0,0
0,0,0,0
0,0,0,0
0,0,0,0
0,0,0,0
0,0,0,0
0,0,0,0
0,0,0,0
0,0,0,0
0,0,0,0
0,0,0,0
0,0,0,0
0,0,0,0
0,0,0,0
0,0,0,0
0,0,0,0
0,0,0,0
0,0,0,0
0,0,0,0
0,0,0,0
0,0,0,0
0,0,0,0
0,0,0,0
0,0,0,0
0,0,0,0
0,0,0,0
0,0,0,0
0,0,0,0
0,0,0,0
0,0,0,0
0,0,0,0
0,0,0,0
0,0,0,0
0,0,0,0
0,0,0,0
0,0,0,0
0,0,0,0
0,0,0,0
0,0,0,0
0,0,0,0
0,0,0,0
0,0,0,0
0,0,0,0
0,0,0,0
0,0,0,0
0,0,0,0
0,0,0,0
0,0,0,0
0,0,0,0
0,0,0,0
0,0,0,0
0,0,0,0
0,0,0,0
0,0,0,0
0,0,0,0
0,0,0,0
0,0,0,0
0,0,0,0
0,0,0,0
0,0,0,0
0,0,0,0
0,0,0,0
0,0,0,0
0,0,0,0
0,0,0,0
0,0,0,0
0,0,0,0
0,0,0,0
0,0,0,0
0,0,0,0
0,0,0,0
0,0,0,0
0,0,0,0
0,0,0,0
0,0,0,0
0,0,0,0
0,0,0,0
0,0,0,0
0,0,0,0
0,0,0,0
0,0,0,0
0,0,0,0
0,0,0,0
0,0,0,0
0,0,0,0
0,0,0,0
0,0,0,0
0,0,0,0
0,0,0,0
0,0,0,0
0,0,0,0
0,0,0,0
0,0,0,0
0,0,0,0
0,0,0,0
0,0,0,0
0,0,0,0
0,0,0,0
0,0,0,0
0,0,0,0
0,0,0,0
0,0,0,0
0,0,0,0
0,0,0,0
0,0,0,0
0,0,0,0
0,0,0,0
0,0,0,0
0,0,0,0
0,0,0,0
0,0,0,0
0,0,0,0
0,0,0,0
0,0,0,0
0,0,0,0
0,0,0,0
0,0,0,0
0,0,0,0
0,0,0,0
0,0,0,0
0,0,0,0
0,0,0,0
0,0,0,0
0,0,0,0
0,0,0,0
0,0,0,0
0,0,0,0
0,0,0,0
0,0,0,0
0,0,0,0
0,0,0,0
0,0,0,0
0,0,0,0
0,0,0,0
0,0,0,0
0,0,0,0
0,0,0,0
0,0,0,0
0,0,0,0
0,0,0,0
0,0,0,0
0,0,0,0
0,0,0,0
0,0,0,0
0,0,0,0
0,0,0,0
0,0,0,0
0,0,0,0
0,0,0,0
0,0,0,0
0,0,0,0
0,0,0,0
0,0,0,0
0,0,0,0
0,0,0,0
0,0,0,0
0,0,0,0
0,0,0,0
0,0,0,0
0,0,0,0
0,0,0,0
0,0,0,0
0,0,0,0
0,0,0,0
0,0,0,0
0,0,0,0
0,0,0,0
0,0,0,0
0,0,0,0
0,0,0,0
0,0,0,0
0,0,0,0
0,0,0,0
0,0,0,0
0,0,0,0
0,0,0,0
0,0,0,0
0,0,0,0
0,0,0,0
0,0,0,0
0,0,0,0
0,0,0,0
0,0,0,0
0,0,0,0
0,0,0,0
0,0,0,0
0,0,0,0
0,0,0,0
0,0,0,0
0,0,0,0
0,0,0,0
0,0,0,0
0,0,0,0
0,0,0,0
0,0,0,0
0,0,0,0
0,0,0,0
0,0,0,0
0,0,0,0
0,0,0,0
0,0,0,0
0,0,0,0
0,0,0,0
0,0,0,0
0,0,0,0
0,0,0,0
0,0,0,0
0,0,0,0
0,0,0,0
0,0,0,0
0,0,0,0
0,0,0,0
0,0,0,0
0,0,0,0
0,0,0,0
0,0,0,0
0,0,0,0
0,0,0,0
0,0,0,0
0,0,0,0
0,0,0,0
0,0,0,0
0,0,0,0
0,0,0,0
0,0,0,0
0,0,0,0
0,0,0,0
0,0,0,0
0,0,0,0
0,0,0,0
0,0,0,0
0,0,0,0
0,0,0,0
0,0,0,0
0,0,0,0
0,0,0,0
0,0,0,0
0,0,0,0
0,0,0,0
0,0,0,0
0,0,0,0
0,0,0,0
0,0,0,0
0,0,0,0
0,0,0,0
0,0,0,0
0,0,0,0
0,0,0,0
0,0,0,0
0,0,0,0
0,0,0,0
0,0,0,0
0,0,0,0
0,0,0,0
0,0,0,0
0,0,0,0
0,0,0,0
0,0,0,0
0,0,0,0
0,0,0,0
0,0,0,0
0,0,0,0
0,0,0,0
0,0,0,0
0,0,0,0
0,0,0,0
0,0,0,0
0,0,0,0
0,0,0,0
0,0,0,0
0,0,0,0
0,0,0,0
0,0,0,0
0,0,0,0
0,0,0,0
0,0,0,0
0,0,0,0
0,0,0,0
0,0,0,0
0,0,0,0
0,0,0,0
0,0,0,0
0,0,0,0
0,0,0,0
0,0,0,0
0,0,0,0
0,0,0,0
0,0,0,0
0,0,0,0
0,0,0,0
0,0,0,0
0,0,0,0
0,0,0,0
0,0,0,0
0,0,0,0
0,0,0,0
0,0,0,0
0,0,0,0
0,0,0,0
0,0,0,0
0,0,0,0
0,0,0,0
0,0,0,0
0,0,0,0
0,0,0,0
0,0,0,0
0,0,0,0
0,0,0,0
0,0,0,0
0,0,0,0
0,0,0,0
0,0,0,0
0,0,0,0
0,0,0,0
0,0,0,0
0,0,0,0
0,0,0,0
0,0,0,0
0,0,0,0
0,0,0,0
0,0,0,0
0,0,0,0
0,0,0,0
0,0,0,0
0,0,0,0
0,0,0,0
0,0,0,0
0,0,0,0
0,0,0,0
0,0,0,0
0,0,0,0
0,0,0,0
0,0,0,0
0,0,0,0
0,0,0,0
0,0,0,0
0,0,0,0
0,0,0,0
0,0,0,0
0,0,0,0
0,0,0,0
0,0,0,0
0,0,0,0
0,0,0,0
0,0,0,0
0,0,0,0
0,0,0,0
0,0,0,0
0,0,0,0
0,0,0,0
0,0,0,0
0,0,0,0
0,0,0,0
0,0,0,0
0,0,0,0
0,0,0,0
0,0,0,0
0,0,0,0
0,0,0,0
0,0,0,0
0,0,0,0
0,0,0,0
0,0,0,0
0,0,0,0
0,0,0,0
0,0,0,0
0,0,0,0
0,0,0,0
0,0,0,0
0,0,0,0
0,0,0,0
0,0,0,0
0,0,0,0
0,0,0,0
0,0,0,0
0,0,0,0
0,0,0,0
0,0,0,0
0,0,0,0
0,0,0,0
0,0,0,0
0,0,0,0
0,0,0,0
0,0,0,0
0,0,0,0
0,0,0,0
0,0,0,0
0,0,0,0
0,0,0,0
0,0,0,0
0,0,0,0
0,0,0,0
0,0,0,0
0,0,0,0
0,0,0,0
0,0,0,0
0,0,0,0
0,0,0,0
0,0,0,0
0,0,0,0
0,0,0,0
0,0,0,0
0,0,0,0
0,0,0,0
0,0,0,0
0,0,0,0
0,0,0,0
0,0,0,0
0,0,0,0
0,0,0,0
0,0,0,0
0,0,0,0
0,0,0,0
0,0,0,0
0,0,0,0
0,0,0,0
0,0,0,0
0,0,0,0
0,0,0,0
0,0,0,0
0,0,0,0
0,0,0,0
0,0,0,0
0,0,0,0
0,0,0,0
0,0,0,0
0,0,0,0
0,0,0,0
0,0,0,0
0,0,0,0
0,0,0,0
0,0,0,0
0,0,0,0
0,0,0,0
0,0,0,0
0,0,0,0
0,0,0,0
0,0,0,0
0,0,0,0
0,0,0,0
0,0,0,0
0,0,0,0
0,0,0,0
0,0,0,0
0,0,0,0
0,0,0,0
0,0,0,0
0,0,0,0
0,0,0,0
0,0,0,0
0,0,0,0
0,0,0,0
0,0,0,0
0,0,0,0
0,0,0,0
0,0,0,0
0,0,0,0
0,0,0,0
0,0,0,0
0,0,0,0
0,0,0,0
0,0,0,0
0,0,0,0
0,0,0,0
0,0,0,0
0,0,0,0
0,0,0,0
0,0,0,0
0,0,0,0
0,0,0,0
0,0,0,0
0,0,0,0
0,0,0,0
0,0,0,0
0,0,0,0
0,0,0,0
0,0,0,0
0,0,0,0
0,0,0,0
0,0,0,0
0,0,0,0
0,0,0,0
0,0,0,0
0,0,0,0
0,0,0,0
0,0,0,0
0,0,0,0
0,0,0,0
0,0,0,0
0,0,0,0
0,0,0,0
0,0,0,0
0,0,0,0
0,0,0,0
0,0,0,0
0,0,0,0
0,0,0,0
0,0,0,0
0,0,0,0
0,0,0,0
0,0,0,0
0,0,0,0
0,0,0,0
0,0,0,0
0,0,0,0
0,0,0,0
0,0,0,0
0,0,0,0
0,0,0,0
0,0,0,0
0,0,0,0
0,0,0,0
0,0,0,0
0,0,0,0
0,0,0,0
0,0,0,0
0,0,0,0
0,0,0,0
0,0,0,0
0,0,0,0
0,0,0,0
0,0,0,0
0,0,0,0
0,0,0,0
0,0,0,0
0,0,0,0
0,0,0,0
0,0,0,0
0,0,0,0
0,0,0,0
0,0,0,0
0,0,0,0
0,0,0,0
0,0,0,0
0,0,0,0
0,0,0,0
0,0,0,0
0,0,0,0
0,0,0,0
0,0,0,0
0,0,0,0
0,0,0,0
0,0,0,0
0,0,0,0
0,0,0,0
0,0,0,0
0,0,0,0
0,0,0,0
0,0,0,0
0,0,0,0
0,0,0,0
0,0,0,0
0,0,0,0
0,0,0,0
0,0,0,0
0,0,0,0
0,0,0,0
0,0,0,0
0,0,0,0
0,0,0,0
0,0,0,0
0,0,0,0
0,0,0,0
0,0,0,0
0,0,0,0
0,0,0,0
0,0,0,0
0,0,0,0
0,0,0,0
0,0,0,0
0,0,0,0
0,0,0,0
0,0,0,0
0,0,0,0
0,0,0,0
0,0,0,0
0,0,0,0
0,0,0,0
0,0,0,0
0,0,0,0
0,0,0,0
0,0,0,0
0,0,0,0
0,0,0,0
0,0,0,0
0,0,0,0
0,0,0,0
0,0,0,0
0,0,0,0
0,0,0,0
0,0,0,0
0,0,0,0
0,0,0,0
0,0,0,0
0,0,0,0
0,0,0,0
0,0,0,0
0,0,0,0
0,0,0,0
0,0,0,0
0,0,0,0
0,0,0,0
0,0,0,0
0,0,0,0
0,0,0,0
0,0,0,0
0,0,0,0
0,0,0,0
0,0,0,0
0,0,0,0
0,0,0,0
0,0,0,0
0,0,0,0
0,0,0,0
0,0,0,0
0,0,0,0
0,0,0,0
0,0,0,0
0,0,0,0
0,0,0,0
0,0,0,0
0,0,0,0
0,0,0,0
0,0,0,0
0,0,0,0
0,0,0,0
0,0,0,0
0,0,0,0
0,0,0,0
0,0,0,0
0,0,0,0
0,0,0,0
0,0,0,0
0,0,0,0
0,0,0,0
0,0,0,0
0,0,0,0
0,0,0,0
0,0,0,0
0,0,0,0
0,0,0,0
0,0,0,0
0,0,0,0
0,0,0,0
0,0,0,0
0,0,0,0
0,0,0,0
0,0,0,0
0,0,0,0
0,0,0,0
0,0,0,0
0,0,0,0
0,0,0,0
0,0,0,0
0,0,0,0
0,0,0,0
0,0,0,0
0,0,0,0
0,0,0,0
0,0,0,0
0,0,0,0
0,0,0,0
0,0,0,0
0,0,0,0
0,0,0,0
0,0,0,0
0,0,0,0
0,0,0,0
0,0,0,0
0,0,0,0
0,0,0,0
0,0,0,0
0,0,0,0
0,0,0,0
0,0,0,0
0,0,0,0
0,0,0,0
0,0,0,0
0,0,0,0
0,0,0,0
0,0,0,0
0,0,0,0
0,0,0,0
0,0,0,0
0,0,0,0
0,0,0,0
0,0,0,0
0,0,0,0
0,0,0,0
0,0,0,0
0,0,0,0
0,0,0,0
0,0,0,0
0,0,0,0
0,0,0,0
0,0,0,0
0,0,0,0
0,0,0,0
0,0,0,0
0,0,0,0
0,0,0,0
0,0,0,0
0,0,0,0
0,0,0,0
0,0,0,0
0,0,0,0
0,0,0,0
0,0,0,0
0,0,0,0
0,0,0,0
0,0,0,0
0,0,0,0
0,0,0,0
0,0,0,0
0,0,0,0
0,0,0,0
0,0,0,0
0,0,0,0
0,0,0,0
0,0,0,0
0,0,0,0
0,0,0,0
0,0,0,0
0,0,0,0
0,0,0,0
0,0,0,0
0,0,0,0
0,0,0,0
0,0,0,0
0,0,0,0
0,0,0,0
0,0,0,0
0,0,0,0
0,0,0,0
0,0,0,0
0,0,0,0
0,0,0,0
0,0,0,0
0,0,0,0
0,0,0,0
0,0,0,0
0,0,0,0
0,0,0,0
0,0,0,0
0,0,0,0
0,0,0,0
0,0,0,0
0,0,0,0
0,0,0,0
0,0,0,0
0,0,0,0
0,0,0,0
0,0,0,0
0,0,0,0
0,0,0,0
0,0,0,0
0,0,0,0
0,0,0,0
0,0,0,0
0,0,0,0
0,0,0,0
0,0,0,0
0,0,0,0
0,0,0,0
0,0,0,0
0,0,0,0
0,0,0,0
0,0,0,0
0,0,0,0
0,0,0,0
0,0,0,0
0,0,0,0
0,0,0,0
0,0,0,0
0,0,0,0
0,0,0,0
0,0,0,0
0,0,0,0
0,0,0,0
0,0,0,0
0,0,0,0
0,0,0,0
0,0,0,0
0,0,0,0
0,0,0,0
0,0,0,0
0,0,0,0
0,0,0,0
0,0,0,0
0,0,0,0
0,0,0,0
0,0,0,0
0,0,0,0
0,0,0,0
0,0,0,0
0,0,0,0
0,0,0,0
0,0,0,0
0,0,0,0
0,0,0,0
0,0,0,0
0,0,0,0
0,0,0,0
0,0,0,0
0,0,0,0
0,0,0,0
0,0,0,0
0,0,0,0
0,0,0,0
0,0,0,0
0,0,0,0
0,0,0,0
0,0,0,0
0,0,0,0
0,0,0,0
0,0,0,0
0,0,0,0
0,0,0,0
0,0,0,0
0,0,0,0
0,0,0,0
0,0,0,0
0,0,0,0
0,0,0,0
0,0,0,0
0,0,0,0
0,0,0,0
0,0,0,0
0,0,0,0
0,0,0,0
0,0,0,0
0,0,0,0
0,0,0,0
0,0,0,0
0,0,0,0
0,0,0,0
0,0,0,0
0,0,0,0
0,0,0,0
0,0,0,0
0,0,0,0
0,0,0,0
0,0,0,0
0,0,0,0
0,0,0,0
0,0,0,0
0,0,0,0
0,0,0,0
0,0,0,0
0,0,0,0
0,0,0,0
0,0,0,0
0,0,0,0
0,0,0,0
0,0,0,0
0,0,0,0
0,0,0,0
0,0,0,0
0,0,0,0
0,0,0,0
0,0,0,0
0,0,0,0
0,0,0,0
0,0,0,0
0,0,0,0
0,0,0,0
0,0,0,0
0,0,0,0
0,0,0,0
0,0,0,0
0,0,0,0
0,0,0,0
0,0,0,0
0,0,0,0
0,0,0,0
0,0,0,0
0,0,0,0
0,0,0,0
0,0,0,0
0,0,0,0
0,0,0,0
0,0,0,0
0,0,0,0
0,0,0,0
0,0,0,0
0,0,0,0
0,0,0,0
0,0,0,0
0,0,0,0
0,0,0,0
0,0,0,0
0,0,0,0
0,0,0,0
0,0,0,0
0,0,0,0
0,0,0,0
0,0,0,0
0,0,0,0
0,0,0,0
0,0,0,0
0,0,0,0
0,0,0,0
0,0,0,0
0,0,0,0
0,0,0,0
0,0,0,0
0,0,0,0
0,0,0,0
0,0,0,0
0,0,0,0
0,0,0,0
0,0,0,0
0,0,0,0
0,0,0,0
0,0,0,0
0,0,0,0
0,0,0,0
0,0,0,0
0,0,0,0
0,0,0,0
0,0,0,0
0,0,0,0
0,0,0,0
0,0,0,0
0,0,0,0
0,0,0,0
0,0,0,0
0,0,0,0
0,0,0,0
0,0,0,0
0,0,0,0
0,0,0,0
0,0,0,0
0,0,0,0
0,0,0,0
0,0,0,0
0,0,0,0
0,0,0,0
0,0,0,0
0,0,0,0
0,0,0,0
0,0,0,0
0,0,0,0
0,0,0,0
0,0,0,0
0,0,0,0
0,0,0,0
0,0,0,0
0,0,0,0
0,0,0,0
0,0,0,0
0,0,0,0
0,0,0,0
0,0,0,0
0,0,0,0
0,0,0,0
0,0,0,0
0,0,0,0
0,0,0,0
0,0,0,0
0,0,0,0
0,0,0,0
0,0,0,0
0,0,0,0
0,0,0,0
0,0,0,0
0,0,0,0
0,0,0,0
0,0,0,0
0,0,0,0
0,0,0,0
0,0,0,0
0,0,0,0
0,0,0,0
0,0,0,0
0,0,0,0
0,0,0,0
0,0,0,0
0,0,0,0
0,0,0,0
0,0,0,0
0,0,0,0
0,0,0,0
0,0,0,0
0,0,0,0
0,0,0,0
0,0,0,0
0,0,0,0
0,0,0,0
0,0,0,0
0,0,0,0
0,0,0,0
0,0,0,0
0,0,0,0
0,0,0,0
0,0,0,0
0,0,0,0
0,0,0,0
0,0,0,0
0,0,0,0
0,0,0,0
0,0,0,0
0,0,0,0
0,0,0,0
0,0,0,0
0,0,0,0
0,0,0,0
0,0,0,0
0,0,0,0
0,0,0,0
0,0,0,0
0,0,0,0
0,0,0,0
0,0,0,0
0,0,0,0
0,0,0,0
0,0,0,0
0,0,0,0
0,0,0,0
0,0,0,0
0,0,0,0
0,0,0,0
0,0,0,0
0,0,0,0
0,0,0,0
0,0,0,0
0,0,0,0
0,0,0,0
0,0,0,0
0,0,0,0
0,0,0,0
0,0,0,0
0,0,0,0
0,0,0,0
0,0,0,0
0,0,0,0
0,0,0,0
0,0,0,0
0,0,0,0
0,0,0,0
0,0,0,0
0,0,0,0
0,0,0,0
0,0,0,0
0,0,0,0
0,0,0,0
0,0,0,0
0,0,0,0
0,0,0,0
0,0,0,0
0,0,0,0
0,0,0,0
0,0,0,0
0,0,0,0
0,0,0,0
0,0,0,0
0,0,0,0
0,0,0,0
0,0,0,0
0,0,0,0
0,0,0,0
0,0,0,0
0,0,0,0
0,0,0,0
0,0,0,0
0,0,0,0
0,0,0,0
0,0,0,0
0,0,0,0
0,0,0,0
0,0,0,0
0,0,0,0
0,0,0,0
0,0,0,0
0,0,0,0
0,0,0,0
0,0,0,0
0,0,0,0
0,0,0,0
0,0,0,0
0,0,0,0
0,0,0,0
0,0,0,0
0,0,0,0
0,0,0,0
0,0,0,0
0,0,0,0
0,0,0,0
0,0,0,0
0,0,0,0
0,0,0,0
0,0,0,0
0,0,0,0
0,0,0,0
0,0,0,0
0,0,0,0
0,0,0,0
0,0,0,0
0,0,0,0
0,0,0,0
0,0,0,0
0,0,0,0
0,0,0,0
0,0,0,0
0,0,0,0
0,0,0,0
0,0,0,0
0,0,0,0
0,0,0,0
0,0,0,0
0,0,0,0
0,0,0,0
0,0,0,0
0,0,0,0
0,0,0,0
0,0,0,0
0,0,0,0
0,0,0,0
0,0,0,0
0,0,0,0
0,0,0,0
0,0,0,0
0,0,0,0
0,0,0,0
0,0,0,0
0,0,0,0
0,0,0,0
0,0,0,0
0,0,0,0
0,0,0,0
0,0,0,0
0,0,0,0
0,0,0,0
0,0,0,0
0,0,0,0
0,0,0,0
0,0,0,0
0,0,0,0
0,0,0,0
0,0,0,0
0,0,0,0
0,0,0,0
0,0,0,0
0,0,0,0
0,0,0,0
0,0,0,0
0,0,0,0
0,0,0,0
0,0,0,0
0,0,0,0
0,0,0,0
0,0,0,0
0,0,0,0
0,0,0,0
0,0,0,0
0,0,0,0
0,0,0,0
0,0,0,0
0,0,0,0
0,0,0,0
0,0,0,0
0,0,0,0
0,0,0,0
0,0,0,0
0,0,0,0
0,0,0,0
0,0,0,0
0,0,0,0
0,0,0,0
0,0,0,0
0,0,0,0
0,0,0,0
0,0,0,0
0,0,0,0
0,0,0,0
0,0,0,0
0,0,0,0
0,0,0,0
0,0,0,0
0,0,0,0
0,0,0,0
0,0,0,0
0,0,0,0
0,0,0,0
0,0,0,0
0,0,0,0
0,0,0,0
0,0,0,0
0,0,0,0
0,0,0,0
0,0,0,0
0,0,0,0
0,0,0,0
0,0,0,0
0,0,0,0
0,0,0,0
0,0,0,0
0,0,0,0
0,0,0,0
0,0,0,0
0,0,0,0
0,0,0,0
0,0,0,0
0,0,0,0
0,0,0,0
0,0,0,0
0,0,0,0
0,0,0,0
0,0,0,0
0,0,0,0
0,0,0,0
0,0,0,0
0,0,0,0
0,0,0,0
0,0,0,0
0,0,0,0
0,0,0,0
0,0,0,0
0,0,0,0
0,0,0,0
0,0,0,0
0,0,0,0
0,0,0,0
0,0,0,0
0,0,0,0
0,0,0,0
0,0,0,0
0,0,0,0
0,0,0,0
0,0,0,0
0,0,0,0
0,0,0,0
0,0,0,0
0,0,0,0
0,0,0,0
0,0,0,0
0,0,0,0
0,0,0,0
0,0,0,0
0,0,0,0
0,0,0,0
0,0,0,0
0,0,0,0
0,0,0,0
0,0,0,0
0,0,0,0
0,0,0,0
0,0,0,0
0,0,0,0
0,0,0,0
0,0,0,0
0,0,0,0
0,0,0,0
0,0,0,0
0,0,0,0
0,0,0,0
0,0,0,0
0,0,0,0
0,0,0,0
0,0,0,0
0,0,0,0
0,0,0,0
0,0,0,0
0,0,0,0
0,0,0,0
0,0,0,0
0,0,0,0
0,0,0,0
0,0,0,0
0,0,0,0
0,0,0,0
0,0,0,0
0,0,0,0
0,0,0,0
0,0,0,0
0,0,0,0
0,0,0,0
0,0,0,0
0,0,0,0
0,0,0,0
0,0,0,0
0,0,0,0
0,0,0,0
0,0,0,0
0,0,0,0
0,0,0,0
0,0,0,0
0,0,0,0
0,0,0,0
0,0,0,0
0,0,0,0
0,0,0,0
0,0,0,0
0,0,0,0
0,0,0,0
0,0,0,0
0,0,0,0
0,0,0,0
0,0,0,0
0,0,0,0
0,0,0,0
0,0,0,0
0,0,0,0
0,0,0,0
0,0,0,0
0,0,0,0
0,0,0,0
0,0,0,0
0,0,0,0
0,0,0,0
0,0,0,0
0,0,0,0
0,0,0,0
0,0,0,0
0,0,0,0
0,0,0,0
0,0,0,0
0,0,0,0
0,0,0,0
0,0,0,0
0,0,0,0
0,0,0,0
0,0,0,0
0,0,0,0
0,0,0,0
0,0,0,0
0,0,0,0
0,0,0,0
0,0,0,0
0,0,0,0
0,0,0,0
0,0,0,0
0,0,0,0
0,0,0,0
0,0,0,0
0,0,0,0
0,0,0,0
0,0,0,0
0,0,0,0
0,0,0,0
0,0,0,0
0,0,0,0
0,0,0,0
0,0,0,0
0,0,0,0
0,0,0,0
0,0,0,0
0,0,0,0
0,0,0,0
0,0,0,0
0,0,0,0
0,0,0,0
0,0,0,0
0,0,0,0
0,0,0,0
0,0,0,0
0,0,0,0
0,0,0,0
0,0,0,0
0,0,0,0
0,0,0,0
0,0,0,0
0,0,0,0
0,0,0,0
0,0,0,0
0,0,0,0
0,0,0,0
0,0,0,0
0,0,0,0
0,0,0,0
0,0,0,0
0,0,0,0
0,0,0,0
0,0,0,0
0,0,0,0
0,0,0,0
0,0,0,0
0,0,0,0
0,0,0,0
0,0,0,0
0,0,0,0
0,0,0,0
0,0,0,0
0,0,0,0
0,0,0,0
0,0,0,0
0,0,0,0
0,0,0,0
0,0,0,0
0,0,0,0
0,0,0,0
0,0,0,0
0,0,0,0
0,0,0,0
0,0,0,0
0,0,0,0
0,0,0,0
0,0,0,0
0,0,0,0
0,0,0,0
0,0,0,0
0,0,0,0
0,0,0,0
0,0,0,0
0,0,0,0
0,0,0,0
0,0,0,0
0,0,0,0
0,0,0,0
0,0,0,0
0,0,0,0
0,0,0,0
0,0,0,0
0,0,0,0
0,0,0,0
0,0,0,0
0,0,0,0
0,0,0,0
0,0,0,0
0,0,0,0
0,0,0,0
0,0,0,0
0,0,0,0
0,0,0,0
0,0,0,0
0,0,0,0
0,0,0,0
0,0,0,0
0,0,0,0
0,0,0,0
0,0,0,0
0,0,0,0
0,0,0,0
0,0,0,0
0,0,0,0
0,0,0,0
0,0,0,0
0,0,0,0
0,0,0,0
0,0,0,0
0,0,0,0
0,0,0,0
0,0,0,0
0,0,0,0
0,0,0,0
0,0,0,0
0,0,0,0
0,0,0,0
0,0,0,0
0,0,0,0
0,0,0,0
0,0,0,0
0,0,0,0
0,0,0,0
0,0,0,0
0,0,0,0
0,0,0,0
0,0,0,0
0,0,0,0
0,0,0,0
0,0,0,0
0,0,0,0
0,0,0,0
0,0,0,0
0,0,0,0
0,0,0,0
0,0,0,0
0,0,0,0
0,0,0,0
0,0,0,0
0,0,0,0
0,0,0,0
0,0,0,0
0,0,0,0
0,0,0,0
0,0,0,0
0,0,0,0
0,0,0,0
0,0,0,0
0,0,0,0
0,0,0,0
0,0,0,0
0,0,0,0
0,0,0,0
0,0,0,0
0,0,0,0
0,0,0,0
0,0,0,0
0,0,0,0
0,0,0,0
0,0,0,0
0,0,0,0
0,0,0,0
0,0,0,0
0,0,0,0
0,0,0,0
0,0,0,0
0,0,0,0
0,0,0,0
0,0,0,0
0,0,0,0
0,0,0,0
0,0,0,0
0,0,0,0
0,0,0,0
0,0,0,0
0,0,0,0
0,0,0,0
0,0,0,0
0,0,0,0
0,0,0,0
0,0,0,0
0,0,0,0
0,0,0,0
0,0,0,0
0,0,0,0
0,0,0,0
0,0,0,0
0,0,0,0
0,0,0,0
0,0,0,0
0,0,0,0
0,0,0,0
0,0,0,0
0,0,0,0
0,0,0,0
0,0,0,0
0,0,0,0
0,0,0,0
0,0,0,0
0,0,0,0
0,0,0,0
0,0,0,0
0,0,0,0
0,0,0,0
0,0,0,0
0,0,0,0
0,0,0,0
0,0,0,0
0,0,0,0
0,0,0,0
0,0,0,0
0,0,0,0
0,0,0,0
0,0,0,0
0,0,0,0
0,0,0,0
0,0,0,0
0,0,0,0
0,0,0,0
0,0,0,0
0,0,0,0
0,0,0,0
0,0,0,0
0,0,0,0
0,0,0,0
0,0,0,0
0,0,0,0
0,0,0,0
0,0,0,0
0,0,0,0
0,0,0,0
0,0,0,0
0,0,0,0
0,0,0,0
0,0,0,0
0,0,0,0
0,0,0,0
0,0,0,0
0,0,0,0
0,0,0,0
0,0,0,0
0,0,0,0
0,0,0,0
0,0,0,0
0,0,0,0
0,0,0,0
0,0,0,0
0,0,0,0
0,0,0,0
0,0,0,0
0,0,0,0
0,0,0,0
0,0,0,0
0,0,0,0
0,0,0,0
0,0,0,0
0,0,0,0
0,0,0,0
0,0,0,0
0,0,0,0
0,0,0,0
0,0,0,0
0,0,0,0
0,0,0,0
0,0,0,0
0,0,0,0
0,0,0,0
0,0,0,0
0,0,0,0
0,0,0,0
0,0,0,0
0,0,0,0
0,0,0,0
0,0,0,0
0,0,0,0
0,0,0,0
0,0,0,0
0,0,0,0
0,0,0,0
0,0,0,0
0,0,0,0
0,0,0,0
0,0,0,0
0,0,0,0
0,0,0,0
0,0,0,0
0,0,0,0
0,0,0,0
0,0,0,0
0,0,0,0
0,0,0,0
0,0,0,0
0,0,0,0
0,0,0,0
0,0,0,0
0,0,0,0
0,0,0,0
0,0,0,0
0,0,0,0
0,0,0,0
0,0,0,0
0,0,0,0
0,0,0,0
0,0,0,0
0,0,0,0
0,0,0,0
0,0,0,0
0,0,0,0
0,0,0,0
0,0,0,0
0,0,0,0
0,0,0,0
0,0,0,0
0,0,0,0
0,0,0,0
0,0,0,0
0,0,0,0
0,0,0,0
0,0,0,0
0,0,0,0
0,0,0,0
0,0,0,0
0,0,0,0
0,0,0,0
0,0,0,0
0,0,0,0
0,0,0,0
0,0,0,0
0,0,0,0
0,0,0,0
0,0,0,0
0,0,0,0
0,0,0,0
0,0,0,0
0,0,0,0
0,0,0,0
0,0,0,0
0,0,0,0
0,0,0,0
0,0,0,0
0,0,0,0
0,0,0,0
0,0,0,0
0,0,0,0
0,0,0,0
0,0,0,0
0,0,0,0
0,0,0,0
0,0,0,0
0,0,0,0
0,0,0,0
0,0,0,0
0,0,0,0
0,0,0,0
0,0,0,0
0,0,0,0
0,0,0,0
0,0,0,0
0,0,0,0
0,0,0,0
0,0,0,0
0,0,0,0
0,0,0,0
0,0,0,0
0,0,0,0
0,0,0,0
0,0,0,0
0,0,0,0
0,0,0,0
0,0,0,0
0,0,0,0
0,0,0,0
0,0,0,0
0,0,0,0
0,0,0,0
0,0,0,0
0,0,0,0
0,0,0,0
0,0,0,0
0,0,0,0
0,0,0,0
0,0,0,0
0,0,0,0
0,0,0,0
0,0,0,0
0,0,0,0
0,0,0,0
0,0,0,0
0,0,0,0
0,0,0,0
0,0,0,0
0,0,0,0
0,0,0,0
0,0,0,0
0,0,0,0
0,0,0,0
0,0,0,0
0,0,0,0
0,0,0,0
0,0,0,0
0,0,0,0
0,0,0,0
0,0,0,0
0,0,0,0
0,0,0,0
0,0,0,0
0,0,0,0
0,0,0,0
0,0,0,0
0,0,0,0
0,0,0,0
0,0,0,0
0,0,0,0
0,0,0,0
0,0,0,0
0,0,0,0
0,0,0,0
0,0,0,0
0,0,0,0
0,0,0,0
0,0,0,0
0,0,0,0
0,0,0,0
0,0,0,0
0,0,0,0
0,0,0,0
0,0,0,0
0,0,0,0
0,0,0,0
0,0,0,0
0,0,0,0
0,0,0,0
0,0,0,0
0,0,0,0
0,0,0,0
0,0,0,0
0,0,0,0
0,0,0,0
0,0,0,0
0,0,0,0
0,0,0,0
0,0,0,0
0,0,0,0
0,0,0,0
0,0,0,0
0,0,0,0
0,0,0,0
0,0,0,0
0,0,0,0
0,0,0,0
0,0,0,0
0,0,0,0
0,0,0,0
0,0,0,0
0,0,0,0
0,0,0,0
0,0,0,0
0,0,0,0
0,0,0,0
0,0,0,0
0,0,0,0
0,0,0,0
0,0,0,0
0,0,0,0
0,0,0,0
0,0,0,0
0,0,0,0
0,0,0,0
0,0,0,0
0,0,0,0
0,0,0,0
0,0,0,0
0,0,0,0
0,0,0,0
0,0,0,0
0,0,0,0
0,0,0,0
0,0,0,0
0,0,0,0
0,0,0,0
0,0,0,0
0,0,0,0
0,0,0,0
0,0,0,0
0,0,0,0
0,0,0,0
0,0,0,0
0,0,0,0
0,0,0,0
0,0,0,0
0,0,0,0
0,0,0,0
0,0,0,0
0,0,0,0
0,0,0,0
0,0,0,0
0,0,0,0
0,0,0,0
0,0,0,0
0,0,0,0
0,0,0,0
0,0,0,0
0,0,0,0
0,0,0,0
0,0,0,0
0,0,0,0
0,0,0,0
0,0,0,0
0,0,0,0
0,0,0,0
0,0,0,0
0,0,0,0
0,0,0,0
0,0,0,0
0,0,0,0
0,0,0,0
0,0,0,0
0,0,0,0
0,0,0,0
0,0,0,0
0,0,0,0
0,0,0,0
0,0,0,0
0,0,0,0
0,0,0,0
0,0,0,0
0,0,0,0
0,0,0,0
0,0,0,0
0,0,0,0
0,0,0,0
0,0,0,0
0,0,0,0
0,0,0,0
0,0,0,0
0,0,0,0
0,0,0,0
0,0,0,0
0,0,0,0
0,0,0,0
0,0,0,0
0,0,0,0
0,0,0,0
0,0,0,0
0,0,0,0
0,0,0,0
0,0,0,0
0,0,0,0
0,0,0,0
0,0,0,0
0,0,0,0
0,0,0,0
0,0,0,0
0,0,0,0
0,0,0,0
0,0,0,0
0,0,0,0
0,0,0,0
0,0,0,0
0,0,0,0
0,0,0,0
0,0,0,0
0,0,0,0
0,0,0,0
0,0,0,0
0,0,0,0
0,0,0,0
0,0,0,0
0,0,0,0
0,0,0,0
0,0,0,0
0,0,0,0
0,0,0,0
0,0,0,0
0,0,0,0
0,0,0,0
0,0,0,0
0,0,0,0
0,0,0,0
0,0,0,0
0,0,0,0
0,0,0,0
0,0,0,0
0,0,0,0
0,0,0,0
0,0,0,0
0,0,0,0
0,0,0,0
0,0,0,0
0,0,0,0
0,0,0,0
0,0,0,0
0,0,0,0
0,0,0,0
0,0,0,0
0,0,0,0
0,0,0,0
0,0,0,0
0,0,0,0
0,0,0,0
0,0,0,0
0,0,0,0
0,0,0,0
0,0,0,0
0,0,0,0
0,0,0,0
0,0,0,0
0,0,0,0
0,0,0,0
0,0,0,0
0,0,0,0
0,0,0,0
0,0,0,0
0,0,0,0
0,0,0,0
0,0,0,0
0,0,0,0
0,0,0,0
0,0,0,0
0,0,0,0
0,0,0,0
0,0,0,0
0,0,0,0
0,0,0,0
0,0,0,0
0,0,0,0
0,0,0,0
0,0,0,0
0,0,0,0
0,0,0,0
0,0,0,0
0,0,0,0
0,0,0,0
0,0,0,0
0,0,0,0
0,0,0,0
0,0,0,0
0,0,0,0
0,0,0,0
0,0,0,0
0,0,0,0
0,0,0,0
0,0,0,0
0,0,0,0
0,0,0,0
0,0,0,0
0,0,0,0
0,0,0,0
0,0,0,0
0,0,0,0
0,0,0,0
0,0,0,0
0,0,0,0
0,0,0,0
0,0,0,0
0,0,0,0
0,0,0,0
0,0,0,0
0,0,0,0
0,0,0,0
0,0,0,0
0,0,0,0
0,0,0,0
0,0,0,0
0,0,0,0
0,0,0,0
0,0,0,0
0,0,0,0
0,0,0,0
0,0,0,0
0,0,0,0
0,0,0,0
0,0,0,0
0,0,0,0
0,0,0,0
0,0,0,0
0,0,0,0
0,0,0,0
0,0,0,0
0,0,0,0
0,0,0,0
0,0,0,0
0,0,0,0
0,0,0,0
0,0,0,0
0,0,0,0
0,0,0,0
0,0,0,0
0,0,0,0
0,0,0,0
0,0,0,0
0,0,0,0
0,0,0,0
0,0,0,0
0,0,0,0
0,0,0,0
0,0,0,0
0,0,0,0
0,0,0,0
0,0,0,0
0,0,0,0
0,0,0,0
0,0,0,0
0,0,0,0
0,0,0,0
0,0,0,0
0,0,0,0
0,0,0,0
0,0,0,0
0,0,0,0
0,0,0,0
0,0,0,0
0,0,0,0
0,0,0,0
0,0,0,0
0,0,0,0
0,0,0,0
0,0,0,0
0,0,0,0
0,0,0,0
0,0,0,0
0,0,0,0
0,0,0,0
0,0,0,0
0,0,0,0
0,0,0,0
0,0,0,0
0,0,0,0
0,0,0,0
0,0,0,0
0,0,0,0
0,0,0,0
0,0,0,0
0,0,0,0
0,0,0,0
0,0,0,0
0,0,0,0
0,0,0,0
0,0,0,0
0,0,0,0
0,0,0,0
0,0,0,0
0,0,0,0
0,0,0,0
0,0,0,0
0,0,0,0
0,0,0,0
0,0,0,0
0,0,0,0
0,0,0,0
0,0,0,0
0,0,0,0
0,0,0,0
0,0,0,0
0,0,0,0
0,0,0,0
0,0,0,0
0,0,0,0
0,0,0,0
0,0,0,0
0,0,0,0
0,0,0,0
0,0,0,0
0,0,0,0
0,0,0,0
0,0,0,0
0,0,0,0
0,0,0,0
0,0,0,0
0,0,0,0
0,0,0,0
0,0,0,0
0,0,0,0
0,0,0,0
0,0,0,0
0,0,0,0
0,0,0,0
0,0,0,0
0,0,0,0
0,0,0,0
0,0,0,0
0,0,0,0
0,0,0,0
0,0,0,0
0,0,0,0
0,0,0,0
0,0,0,0
0,0,0,0
0,0,0,0
0,0,0,0
0,0,0,0
0,0,0,0
0,0,0,0
0,0,0,0
0,0,0,0
0,0,0,0
0,0,0,0
0,0,0,0
0,0,0,0
0,0,0,0
0,0,0,0
0,0,0,0
0,0,0,0
0,0,0,0
0,0,0,0
0,0,0,0
0,0,0,0
0,0,0,0
0,0,0,0
0,0,0,0
0,0,0,0
0,0,0,0
0,0,0,0
0,0,0,0
0,0,0,0
0,0,0,0
0,0,0,0
0,0,0,0
0,0,0,0
0,0,0,0
0,0,0,0
0,0,0,0
0,0,0,0
0,0,0,0
0,0,0,0
0,0,0,0
0,0,0,0
0,0,0,0
0,0,0,0
0,0,0,0
0,0,0,0
0,0,0,0
0,0,0,0
0,0,0,0
0,0,0,0
0,0,0,0
0,0,0,0
0,0,0,0
0,0,0,0
0,0,0,0
0,0,0,0
0,0,0,0
0,0,0,0
0,0,0,0
0,0,0,0
0,0,0,0
0,0,0,0
0,0,0,0
0,0,0,0
0,0,0,0
0,0,0,0
0,0,0,0
0,0,0,0
0,0,0,0
0,0,0,0
0,0,0,0
0,0,0,0
0,0,0,0
0,0,0,0
0,0,0,0
0,0,0,0
0,0,0,0
0,0,0,0
0,0,0,0
0,0,0,0
0,0,0,0
0,0,0,0
0,0,0,0
0,0,0,0
0,0,0,0
0,0,0,0
0,0,0,0
0,0,0,0
0,0,0,0
0,0,0,0
0,0,0,0
0,0,0,0
0,0,0,0
0,0,0,0
0,0,0,0
0,0,0,0
0,0,0,0
0,0,0,0
0,0,0,0
0,0,0,0
0,0,0,0
0,0,0,0
0,0,0,0
0,0,0,0
0,0,0,0
0,0,0,0
0,0,0,0
0,0,0,0
0,0,0,0
0,0,0,0
0,0,0,0
0,0,0,0
0,0,0,0
0,0,0,0
0,0,0,0
0,0,0,0
0,0,0,0
0,0,0,0
0,0,0,0
0,0,0,0
0,0,0,0
0,0,0,0
0,0,0,0
0,0,0,0
0,0,0,0
0,0,0,0
0,0,0,0
0,0,0,0
0,0,0,0
0,0,0,0
0,0,0,0
0,0,0,0
0,0,0,0
0,0,0,0
0,0,0,0
0,0,0,0
0,0,0,0
0,0,0,0
0,0,0,0
0,0,0,0
0,0,0,0
0,0,0,0
0,0,0,0
0,0,0,0
0,0,0,0
0,0,0,0
0,0,0,0
0,0,0,0
0,0,0,0
0,0,0,0
0,0,0,0
0,0,0,0
0,0,0,0
0,0,0,0
0,0,0,0
0,0,0,0
0,0,0,0
0,0,0,0
0,0,0,0
0,0,0,0
0,0,0,0
0,0,0,0
0,0,0,0
0,0,0,0
0,0,0,0
0,0,0,0
0,0,0,0
0,0,0,0
0,0,0,0
0,0,0,0
0,0,0,0
0,0,0,0
0,0,0,0
0,0,0,0
0,0,0,0
0,0,0,0
0,0,0,0
0,0,0,0
0,0,0,0
0,0,0,0
0,0,0,0
0,0,0,0
0,0,0,0
0,0,0,0
0,0,0,0
0,0,0,0
0,0,0,0
0,0,0,0
0,0,0,0
0,0,0,0
0,0,0,0
0,0,0,0
0,0,0,0
0,0,0,0
0,0,0,0
0,0,0,0
0,0,0,0
0,0,0,0
0,0,0,0
0,0,0,0
0,0,0,0
0,0,0,0
0,0,0,0
0,0,0,0
0,0,0,0
0,0,0,0
0,0,0,0
0,0,0,0
0,0,0,0
0,0,0,0
0,0,0,0
0,0,0,0
0,0,0,0
0,0,0,0
0,0,0,0
0,0,0,0
0,0,0,0
0,0,0,0
0,0,0,0
0,0,0,0
0,0,0,0
0,0,0,0
0,0,0,0
0,0,0,0
0,0,0,0
0,0,0,0
0,0,0,0
0,0,0,0
0,0,0,0
0,0,0,0
0,0,0,0
0,0,0,0
0,0,0,0
0,0,0,0
0,0,0,0
0,0,0,0
0,0,0,0
0,0,0,0
0,0,0,0
0,0,0,0
0,0,0,0
0,0,0,0
0,0,0,0
0,0,0,0
0,0,0,0
0,0,0,0
0,0,0,0
0,0,0,0
0,0,0,0
0,0,0,0
0,0,0,0
0,0,0,0
0,0,0,0
0,0,0,0
0,0,0,0
0,0,0,0
0,0,0,0
0,0,0,0
0,0,0,0
0,0,0,0
0,0,0,0
0,0,0,0
0,0,0,0
0,0,0,0
0,0,0,0
0,0,0,0
0,0,0,0
0,0,0,0
0,0,0,0
0,0,0,0
0,0,0,0
0,0,0,0
0,0,0,0
0,0,0,0
0,0,0,0
0,0,0,0
0,0,0,0
0,0,0,0
0,0,0,0
0,0,0,0
0,0,0,0
0,0,0,0
0,0,0,0
0,0,0,0
0,0,0,0
0,0,0,0
0,0,0,0
0,0,0,0
0,0,0,0
0,0,0,0
0,0,0,0
0,0,0,0
0,0,0,0
0,0,0,0
0,0,0,0
0,0,0,0
0,0,0,0
0,0,0,0
0,0,0,0
0,0,0,0
0,0,0,0
0,0,0,0
0,0,0,0
0,0,0,0
0,0,0,0
0,0,0,0
0,0,0,0
0,0,0,0
0,0,0,0
0,0,0,0
0,0,0,0
0,0,0,0
0,0,0,0
0,0,0,0
0,0,0,0
0,0,0,0
0,0,0,0
0,0,0,0
0,0,0,0
0,0,0,0
0,0,0,0
0,0,0,0
0,0,0,0
0,0,0,0
0,0,0,0
0,0,0,0
0,0,0,0
0,0,0,0
0,0,0,0
0,0,0,0
0,0,0,0
0,0,0,0
0,0,0,0
0,0,0,0
0,0,0,0
0,0,0,0
0,0,0,0
0,0,0,0
0,0,0,0
0,0,0,0
0,0,0,0
0,0,0,0
0,0,0,0
0,0,0,0
0,0,0,0
0,0,0,0
0,0,0,0
0,0,0,0
0,0,0,0
0,0,0,0
0,0,0,0
0,0,0,0
0,0,0,0
0,0,0,0
0,0,0,0
0,0,0,0
0,0,0,0
0,0,0,0
0,0,0,0
0,0,0,0
0,0,0,0
0,0,0,0
0,0,0,0
0,0,0,0
0,0,0,0
0,0,0,0
0,0,0,0
0,0,0,0
0,0,0,0
0,0,0,0
0,0,0,0
0,0,0,0
0,0,0,0
0,0,0,0
0,0,0,0
0,0,0,0
0,0,0,0
0,0,0,0
0,0,0,0
0,0,0,0
0,0,0,0
0,0,0,0
0,0,0,0
0,0,0,0
0,0,0,0
0,0,0,0
0,0,0,0
0,0,0,0
0,0,0,0
0,0,0,0
0,0,0,0
0,0,0,0
0,0,0,0
0,0,0,0
0,0,0,0
0,0,0,0
0,0,0,0
0,0,0,0
0,0,0,0
0,0,0,0
0,0,0,0
0,0,0,0
0,0,0,0
0,0,0,0
0,0,0,0
0,0,0,0
0,0,0,0
0,0,0,0
0,0,0,0
0,0,0,0
0,0,0,0
0,0,0,0
0,0,0,0
0,0,0,0
0,0,0,0
0,0,0,0
0,0,0,0
0,0,0,0
0,0,0,0
0,0,0,0
0,0,0,0
0,0,0,0
0,0,0,0
0,0,0,0
0,0,0,0
0,0,0,0
0,0,0,0
0,0,0,0
0,0,0,0
0,0,0,0
0,0,0,0
0,0,0,0
0,0,0,0
0,0,0,0
0,0,0,0
0,0,0,0
0,0,0,0
0,0,0,0
0,0,0,0
0,0,0,0
0,0,0,0
0,0,0,0
0,0,0,0
0,0,0,0
0,0,0,0
0,0,0,0
0,0,0,0
0,0,0,0
0,0,0,0
0,0,0,0
0,0,0,0
0,0,0,0
0,0,0,0
0,0,0,0
0,0,0,0
0,0,0,0
0,0,0,0
0,0,0,0
0,0,0,0
0,0,0,0
0,0,0,0
0,0,0,0
0,0,0,0
0,0,0,0
0,0,0,0
0,0,0,0
0,0,0,0
0,0,0,0
0,0,0,0
0,0,0,0
0,0,0,0
0,0,0,0
0,0,0,0
0,0,0,0
0,0,0,0
0,0,0,0
0,0,0,0
0,0,0,0
0,0,0,0
0,0,0,0
0,0,0,0
0,0,0,0
0,0,0,0
0,0,0,0
0,0,0,0
0,0,0,0
0,0,0,0
0,0,0,0
0,0,0,0
0,0,0,0
0,0,0,0
0,0,0,0
0,0,0,0
0,0,0,0
0,0,0,0
0,0,0,0
0,0,0,0
0,0,0,0
0,0,0,0
0,0,0,0
0,0,0,0
0,0,0,0
0,0,0,0
0,0,0,0
0,0,0,0
0,0,0,0
0,0,0,0
0,0,0,0
0,0,0,0
0,0,0,0
0,0,0,0
0,0,0,0
0,0,0,0
0,0,0,0
0,0,0,0
0,0,0,0
0,0,0,0
0,0,0,0
0,0,0,0
0,0,0,0
0,0,0,0
0,0,0,0
0,0,0,0
0,0,0,0
0,0,0,0
0,0,0,0
0,0,0,0
0,0,0,0
0,0,0,0
0,0,0,0
0,0,0,0
0,0,0,0
0,0,0,0
0,0,0,0
0,0,0,0
0,0,0,0
0,0,0,0
0,0,0,0
0,0,0,0
0,0,0,0
0,0,0,0
0,0,0,0
0,0,0,0
0,0,0,0
0,0,0,0
0,0,0,0
0,0,0,0
0,0,0,0
0,0,0,0
0,0,0,0
0,0,0,0
0,0,0,0
0,0,0,0
0,0,0,0
0,0,0,0
0,0,0,0
0,0,0,0
0,0,0,0
0,0,0,0
0,0,0,0
0,0,0,0
0,0,0,0
0,0,0,0
0,0,0,0
0,0,0,0
0,0,0,0
0,0,0,0
0,0,0,0
0,0,0,0
0,0,0,0
0,0,0,0
0,0,0,0
0,0,0,0
0,0,0,0
0,0,0,0
0,0,0,0
0,0,0,0
0,0,0,0
0,0,0,0
0,0,0,0
0,0,0,0
0,0,0,0
0,0,0,0
0,0,0,0
0,0,0,0
0,0,0,0
0,0,0,0
0,0,0,0
0,0,0,0
0,0,0,0
0,0,0,0
0,0,0,0
0,0,0,0
0,0,0,0
0,0,0,0
0,0,0,0
0,0,0,0
0,0,0,0
0,0,0,0
0,0,0,0
0,0,0,0
0,0,0,0
0,0,0,0
0,0,0,0
0,0,0,0
0,0,0,0
0,0,0,0
0,0,0,0
0,0,0,0
0,0,0,0
0,0,0,0
0,0,0,0
0,0,0,0
0,0,0,0
0,0,0,0
0,0,0,0
0,0,0,0
0,0,0,0
0,0,0,0
0,0,0,0
0,0,0,0
0,0,0,0
0,0,0,0
0,0,0,0
0,0,0,0
0,0,0,0
0,0,0,0
0,0,0,0
0,0,0,0
0,0,0,0
0,0,0,0
0,0,0,0
0,0,0,0
0,0,0,0
0,0,0,0
0,0,0,0
0,0,0,0
0,0,0,0
0,0,0,0
0,0,0,0
0,0,0,0
0,0,0,0
0,0,0,0
0,0,0,0
0,0,0,0
0,0,0,0
0,0,0,0
0,0,0,0
0,0,0,0
0,0,0,0
0,0,0,0
0,0,0,0
0,0,0,0
0,0,0,0
0,0,0,0
0,0,0,0
0,0,0,0
0,0,0,0
0,0,0,0
0,0,0,0
0,0,0,0
0,0,0,0
0,0,0,0
0,0,0,0
0,0,0,0
0,0,0,0
0,0,0,0
0,0,0,0
0,0,0,0
0,0,0,0
0,0,0,0
0,0,0,0
0,0,0,0
0,0,0,0
0,0,0,0
0,0,0,0
0,0,0,0
0,0,0,0
0,0,0,0
0,0,0,0
0,0,0,0
0,0,0,0
0,0,0,0
0,0,0,0
0,0,0,0
0,0,0,0
0,0,0,0
0,0,0,0
0,0,0,0
0,0,0,0
0,0,0,0
0,0,0,0
0,0,0,0
0,0,0,0
0,0,0,0
0,0,0,0
0,0,0,0
0,0,0,0
0,0,0,0
0,0,0,0
0,0,0,0
0,0,0,0
0,0,0,0
0,0,0,0
0,0,0,0
0,0,0,0
0,0,0,0
0,0,0,0
0,0,0,0
0,0,0,0
0,0,0,0
0,0,0,0
0,0,0,0
0,0,0,0
0,0,0,0
0,0,0,0
0,0,0,0
0,0,0,0
0,0,0,0
0,0,0,0
0,0,0,0
0,0,0,0
0,0,0,0
0,0,0,0
0,0,0,0
0,0,0,0
0,0,0,0
0,0,0,0
0,0,0,0
0,0,0,0
0,0,0,0
0,0,0,0
0,0,0,0
0,0,0,0
0,0,0,0
0,0,0,0
0,0,0,0
0,0,0,0
0,0,0,0
0,0,0,0
0,0,0,0
0,0,0,0
0,0,0,0
0,0,0,0
0,0,0,0
0,0,0,0
0,0,0,0
0,0,0,0
0,0,0,0
0,0,0,0
0,0,0,0
0,0,0,0
0,0,0,0
0,0,0,0
0,0,0,0
0,0,0,0
0,0,0,0
0,0,0,0
0,0,0,0
0,0,0,0
0,0,0,0
0,0,0,0
0,0,0,0
0,0,0,0
0,0,0,0
0,0,0,0
0,0,0,0
0,0,0,0
0,0,0,0
0,0,0,0
0,0,0,0
0,0,0,0
0,0,0,0
0,0,0,0
0,0,0,0
0,0,0,0
0,0,0,0
0,0,0,0
0,0,0,0
0,0,0,0
0,0,0,0
0,0,0,0
0,0,0,0
0,0,0,0
0,0,0,0
0,0,0,0
0,0,0,0
0,0,0,0
0,0,0,0
0,0,0,0
0,0,0,0
0,0,0,0
0,0,0,0
0,0,0,0
0,0,0,0
0,0,0,0
0,0,0,0
0,0,0,0
0,0,0,0
0,0,0,0
0,0,0,0
0,0,0,0
0,0,0,0
0,0,0,0
0,0,0,0
0,0,0,0
0,0,0,0
0,0,0,0
0,0,0,0
0,0,0,0
0,0,0,0
0,0,0,0
0,0,0,0
0,0,0,0
0,0,0,0
0,0,0,0
0,0,0,0
0,0,0,0
0,0,0,0
0,0,0,0
0,0,0,0
0,0,0,0
0,0,0,0
0,0,0,0
0,0,0,0
0,0,0,0
0,0,0,0
0,0,0,0
0,0,0,0
0,0,0,0
0,0,0,0
0,0,0,0
0,0,0,0
0,0,0,0
0,0,0,0
0,0,0,0
0,0,0,0
0,0,0,0
0,0,0,0
0,0,0,0
0,0,0,0
0,0,0,0
0,0,0,0
0,0,0,0
0,0,0,0
0,0,0,0
0,0,0,0
0,0,0,0
0,0,0,0
0,0,0,0
0,0,0,0
0,0,0,0
0,0,0,0
0,0,0,0
0,0,0,0
0,0,0,0
0,0,0,0
0,0,0,0
0,0,0,0
0,0,0,0
0,0,0,0
0,0,0,0
0,0,0,0
0,0,0,0
0,0,0,0
0,0,0,0
0,0,0,0
0,0,0,0
0,0,0,0
0,0,0,0
0,0,0,0
0,0,0,0
0,0,0,0
0,0,0,0
0,0,0,0
0,0,0,0
0,0,0,0
0,0,0,0
0,0,0,0
0,0,0,0
0,0,0,0
0,0,0,0
0,0,0,0
0,0,0,0
0,0,0,0
0,0,0,0
0,0,0,0
0,0,0,0
0,0,0,0
0,0,0,0
0,0,0,0
0,0,0,0
0,0,0,0
0,0,0,0
0,0,0,0
0,0,0,0
0,0,0,0
0,0,0,0
0,0,0,0
0,0,0,0
0,0,0,0
0,0,0,0
0,0,0,0
0,0,0,0
0,0,0,0
0,0,0,0
0,0,0,0
0,0,0,0
0,0,0,0
0,0,0,0
0,0,0,0
0,0,0,0
0,0,0,0
0,0,0,0
0,0,0,0
0,0,0,0
0,0,0,0
0,0,0,0
0,0,0,0
0,0,0,0
0,0,0,0
0,0,0,0
0,0,0,0
0,0,0,0
0,0,0,0
0,0,0,0
0,0,0,0
0,0,0,0
0,0,0,0
0,0,0,0
0,0,0,0
0,0,0,0
0,0,0,0
0,0,0,0
0,0,0,0
0,0,0,0
0,0,0,0
0,0,0,0
0,0,0,0
0,0,0,0
0,0,0,0
0,0,0,0
0,0,0,0
0,0,0,0
0,0,0,0
0,0,0,0
0,0,0,0
0,0,0,0
0,0,0,0
0,0,0,0
0,0,0,0
0,0,0,0
0,0,0,0
0,0,0,0
0,0,0,0
0,0,0,0
0,0,0,0
0,0,0,0
0,0,0,0
0,0,0,0
0,0,0,0
0,0,0,0
0,0,0,0
0,0,0,0
0,0,0,0
0,0,0,0
0,0,0,0
0,0,0,0
0,0,0,0
0,0,0,0
0,0,0,0
0,0,0,0
0,0,0,0
0,0,0,0
0,0,0,0
0,0,0,0
0,0,0,0
0,0,0,0
0,0,0,0
0,0,0,0
0,0,0,0
0,0,0,0
0,0,0,0
0,0,0,0
0,0,0,0
0,0,0,0
0,0,0,0
0,0,0,0
0,0,0,0
0,0,0,0
0,0,0,0
0,0,0,0
0,0,0,0
0,0,0,0
0,0,0,0
0,0,0,0
0,0,0,0
0,0,0,0
0,0,0,0
0,0,0,0
0,0,0,0
0,0,0,0
0,0,0,0
0,0,0,0
0,0,0,0
0,0,0,0
0,0,0,0
0,0,0,0
0,0,0,0
0,0,0,0
0,0,0,0
0,0,0,0
0,0,0,0
0,0,0,0
0,0,0,0
0,0,0,0
0,0,0,0
0,0,0,0
0,0,0,0
0,0,0,0
0,0,0,0
0,0,0,0
0,0,0,0
0,0,0,0
0,0,0,0
0,0,0,0
0,0,0,0
0,0,0,0
0,0,0,0
0,0,0,0
0,0,0,0
0,0,0,0
0,0,0,0
0,0,0,0
0,0,0,0
0,0,0,0
0,0,0,0
0,0,0,0
0,0,0,0
0,0,0,0
0,0,0,0
0,0,0,0
0,0,0,0
0,0,0,0
0,0,0,0
0,0,0,0
0,0,0,0
0,0,0,0
0,0,0,0
0,0,0,0
0,0,0,0
0,0,0,0
0,0,0,0
0,0,0,0
0,0,0,0
0,0,0,0
0,0,0,0
0,0,0,0
0,0,0,0
0,0,0,0
0,0,0,0
0,0,0,0
0,0,0,0
0,0,0,0
0,0,0,0
0,0,0,0
0,0,0,0
0,0,0,0
0,0,0,0
0,0,0,0
0,0,0,0
0,0,0,0
0,0,0,0
0,0,0,0
0,0,0,0
0,0,0,0
0,0,0,0
0,0,0,0
0,0,0,0
0,0,0,0
0,0,0,0
0,0,0,0
0,0,0,0
0,0,0,0
0,0,0,0
0,0,0,0
0,0,0,0
0,0,0,0
0,0,0,0
0,0,0,0
0,0,0,0
0,0,0,0
0,0,0,0
0,0,0,0
0,0,0,0
0,0,0,0
0,0,0,0
0,0,0,0
0,0,0,0
0,0,0,0
0,0,0,0
0,0,0,0
0,0,0,0
0,0,0,0
0,0,0,0
0,0,0,0
0,0,0,0
0,0,0,0
0,0,0,0
0,0,0,0
0,0,0,0
0,0,0,0
0,0,0,0
0,0,0,0
0,0,0,0
0,0,0,0
0,0,0,0
0,0,0,0
0,0,0,0
0,0,0,0
0,0,0,0
0,0,0,0
0,0,0,0
0,0,0,0
0,0,0,0
0,0,0,0
0,0,0,0
0,0,0,0
0,0,0,0
0,0,0,0
0,0,0,0
0,0,0,0
0,0,0,0
0,0,0,0
0,0,0,0
0,0,0,0
0,0,0,0
0,0,0,0
0,0,0,0
0,0,0,0
0,0,0,0
0,0,0,0
0,0,0,0
0,0,0,0
0,0,0,0
0,0,0,0
0,0,0,0
0,0,0,0
0,0,0,0
0,0,0,0
0,0,0,0
0,0,0,0
0,0,0,0
0,0,0,0
0,0,0,0
0,0,0,0
0,0,0,0
0,0,0,0
0,0,0,0
0,0,0,0
0,0,0,0
0,0,0,0
0,0,0,0
0,0,0,0
0,0,0,0
0,0,0,0
0,0,0,0
0,0,0,0
0,0,0,0
0,0,0,0
0,0,0,0
0,0,0,0
0,0,0,0
0,0,0,0
0,0,0,0
0,0,0,0
0,0,0,0
0,0,0,0
0,0,0,0
0,0,0,0
0,0,0,0
0,0,0,0
0,0,0,0
0,0,0,0
0,0,0,0
0,0,0,0
0,0,0,0
0,0,0,0
0,0,0,0
0,0,0,0
0,0,0,0
0,0,0,0
0,0,0,0
0,0,0,0
0,0,0,0
0,0,0,0
0,0,0,0
0,0,0,0
0,0,0,0
0,0,0,0
0,0,0,0
0,0,0,0
0,0,0,0
0,0,0,0
0,0,0,0
0,0,0,0
0,0,0,0
0,0,0,0
0,0,0,0
0,0,0,0
0,0,0,0
0,0,0,0
0,0,0,0
0,0,0,0
0,0,0,0
0,0,0,0
0,0,0,0
0,0,0,0
0,0,0,0
0,0,0,0
0,0,0,0
0,0,0,0
0,0,0,0
0,0,0,0
0,0,0,0
0,0,0,0
0,0,0,0
0,0,0,0
0,0,0,0
0,0,0,0
0,0,0,0
0,0,0,0
0,0,0,0
0,0,0,0
0,0,0,0
0,0,0,0
0,0,0,0
0,0,0,0
0,0,0,0
0,0,0,0
0,0,0,0
0,0,0,0
0,0,0,0
0,0,0,0
0,0,0,0
0,0,0,0
0,0,0,0
0,0,0,0
0,0,0,0
0,0,0,0
0,0,0,0
0,0,0,0
0,0,0,0
0,0,0,0
0,0,0,0
0,0,0,0
0,0,0,0
0,0,0,0
0,0,0,0
0,0,0,0
0,0,0,0
0,0,0,0
0,0,0,0
0,0,0,0
0,0,0,0
0,0,0,0
0,0,0,0
0,0,0,0
0,0,0,0
0,0,0,0
0,0,0,0
0,0,0,0
0,0,0,0
0,0,0,0
0,0,0,0
0,0,0,0
0,0,0,0
0,0,0,0
0,0,0,0
0,0,0,0
0,0,0,0
0,0,0,0
0,0,0,0
0,0,0,0
0,0,0,0
0,0,0,0
0,0,0,0
0,0,0,0
0,0,0,0
0,0,0,0
0,0,0,0
0,0,0,0
0,0,0,0
0,0,0,0
0,0,0,0
0,0,0,0
0,0,0,0
0,0,0,0
0,0,0,0
0,0,0,0
0,0,0,0
0,0,0,0
0,0,0,0
0,0,0,0
0,0,0,0
0,0,0,0
0,0,0,0
0,0,0,0
0,0,0,0
0,0,0,0
0,0,0,0
0,0,0,0
0,0,0,0
0,0,0,0
0,0,0,0
0,0,0,0
0,0,0,0
0,0,0,0
0,0,0,0
0,0,0,0
0,0,0,0
0,0,0,0
0,0,0,0
0,0,0,0
0,0,0,0
0,0,0,0
0,0,0,0
0,0,0,0
0,0,0,0
0,0,0,0
0,0,0,0
0,0,0,0
0,0,0,0
0,0,0,0
0,0,0,0
0,0,0,0
0,0,0,0
0,0,0,0
0,0,0,0
0,0,0,0
0,0,0,0
0,0,0,0
0,0,0,0
0,0,0,0
0,0,0,0
0,0,0,0
0,0,0,0
0,0,0,0
0,0,0,0
0,0,0,0
0,0,0,0
0,0,0,0
0,0,0,0
0,0,0,0
0,0,0,0
0,0,0,0
0,0,0,0
0,0,0,0
0,0,0,0
0,0,0,0
0,0,0,0
0,0,0,0
0,0,0,0
0,0,0,0
0,0,0,0
0,0,0,0
0,0,0,0
0,0,0,0
0,0,0,0
0,0,0,0
0,0,0,0
0,0,0,0
0,0,0,0
0,0,0,0
0,0,0,0
0,0,0,0
0,0,0,0
0,0,0,0
0,0,0,0
0,0,0,0
0,0,0,0
0,0,0,0
0,0,0,0
0,0,0,0
0,0,0,0
0,0,0,0
0,0,0,0
0,0,0,0
0,0,0,0
0,0,0,0
0,0,0,0
0,0,0,0
0,0,0,0
0,0,0,0
0,0,0,0
0,0,0,0
0,0,0,0
0,0,0,0
0,0,0,0
0,0,0,0
0,0,0,0
0,0,0,0
0,0,0,0
0,0,0,0
0,0,0,0
0,0,0,0
0,0,0,0
0,0,0,0
0,0,0,0
0,0,0,0
0,0,0,0
0,0,0,0
0,0,0,0
0,0,0,0
0,0,0,0
0,0,0,0
0,0,0,0
0,0,0,0
0,0,0,0
0,0,0,0
0,0,0,0
0,0,0,0
0,0,0,0
0,0,0,0
0,0,0,0
0,0,0,0
0,0,0,0
0,0,0,0
0,0,0,0
0,0,0,0
0,0,0,0
0,0,0,0
0,0,0,0
0,0,0,0
0,0,0,0
0,0,0,0
0,0,0,0
0,0,0,0
0,0,0,0
0,0,0,0
0,0,0,0
0,0,0,0
0,0,0,0
0,0,0,0
0,0,0,0
0,0,0,0
0,0,0,0
0,0,0,0
0,0,0,0
0,0,0,0
0,0,0,0
0,0,0,0
0,0,0,0
0,0,0,0
0,0,0,0
0,0,0,0
0,0,0,0
0,0,0,0
0,0,0,0
0,0,0,0
0,0,0,0
0,0,0,0
0,0,0,0
0,0,0,0
0,0,0,0
0,0,0,0
0,0,0,0
0,0,0,0
0,0,0,0
0,0,0,0
0,0,0,0
0,0,0,0
0,0,0,0
0,0,0,0
0,0,0,0
0,0,0,0
0,0,0,0
0,0,0,0
0,0,0,0
0,0,0,0
0,0,0,0
0,0,0,0
0,0,0,0
0,0,0,0
0,0,0,0
0,0,0,0
0,0,0,0
0,0,0,0
0,0,0,0
0,0,0,0
0,0,0,0
0,0,0,0
0,0,0,0
0,0,0,0
0,0,0,0
0,0,0,0
0,0,0,0
0,0,0,0
0,0,0,0
0,0,0,0
0,0,0,0
0,0,0,0
0,0,0,0
0,0,0,0
0,0,0,0
0,0,0,0
0,0,0,0
0,0,0,0
0,0,0,0
0,0,0,0
0,0,0,0
0,0,0,0
0,0,0,0
0,0,0,0
0,0,0,0
0,0,0,0
0,0,0,0
0,0,0,0
0,0,0,0
0,0,0,0
0,0,0,0
0,0,0,0
0,0,0,0
0,0,0,0
0,0,0,0
0,0,0,0
0,0,0,0
0,0,0,0
0,0,0,0
0,0,0,0
0,0,0,0
0,0,0,0
0,0,0,0
0,0,0,0
0,0,0,0
0,0,0,0
0,0,0,0
0,0,0,0
0,0,0,0
0,0,0,0
0,0,0,0
0,0,0,0
0,0,0,0
0,0,0,0
0,0,0,0
0,0,0,0
0,0,0,0
0,0,0,0
0,0,0,0
0,0,0,0
0,0,0,0
0,0,0,0
0,0,0,0
0,0,0,0
0,0,0,0
0,0,0,0
0,0,0,0
0,0,0,0
0,0,0,0
0,0,0,0
0,0,0,0
0,0,0,0
0,0,0,0
0,0,0,0
0,0,0,0
0,0,0,0
0,0,0,0
0,0,0,0
0,0,0,0
0,0,0,0
0,0,0,0
0,0,0,0
0,0,0,0
0,0,0,0
0,0,0,0
0,0,0,0
0,0,0,0
0,0,0,0
0,0,0,0
0,0,0,0
0,0,0,0
0,0,0,0
0,0,0,0
0,0,0,0
0,0,0,0
0,0,0,0
0,0,0,0
0,0,0,0
0,0,0,0
0,0,0,0
0,0,0,0
0,0,0,0
0,0,0,0
0,0,0,0
0,0,0,0
0,0,0,0
0,0,0,0
0,0,0,0
0,0,0,0
0,0,0,0
0,0,0,0
0,0,0,0
0,0,0,0
0,0,0,0
0,0,0,0
0,0,0,0
0,0,0,0
0,0,0,0
0,0,0,0
0,0,0,0
0,0,0,0
0,0,0,0
0,0,0,0
0,0,0,0
0,0,0,0
0,0,0,0
0,0,0,0
0,0,0,0
0,0,0,0
0,0,0,0
0,0,0,0
0,0,0,0
0,0,0,0
0,0,0,0
0,0,0,0
0,0,0,0
0,0,0,0
0,0,0,0
0,0,0,0
0,0,0,0
0,0,0,0
0,0,0,0
0,0,0,0
0,0,0,0
0,0,0,0
0,0,0,0
0,0,0,0
0,0,0,0
0,0,0,0
0,0,0,0
0,0,0,0
0,0,0,0
0,0,0,0
0,0,0,0
0,0,0,0
0,0,0,0
0,0,0,0
0,0,0,0
0,0,0,0
0,0,0,0
0,0,0,0
0,0,0,0
0,0,0,0
0,0,0,0
0,0,0,0
0,0,0,0
0,0,0,0
0,0,0,0
0,0,0,0
0,0,0,0
0,0,0,0
0,0,0,0
0,0,0,0
0,0,0,0
0,0,0,0
0,0,0,0
0,0,0,0
0,0,0,0
0,0,0,0
0,0,0,0
0,0,0,0
0,0,0,0
0,0,0,0
0,0,0,0
0,0,0,0
0,0,0,0
0,0,0,0
0,0,0,0
0,0,0,0
0,0,0,0
0,0,0,0
0,0,0,0
0,0,0,0
0,0,0,0
0,0,0,0
0,0,0,0
0,0,0,0
0,0,0,0
0,0,0,0
0,0,0,0
0,0,0,0
0,0,0,0
0,0,0,0
0,0,0,0
0,0,0,0
0,0,0,0
0,0,0,0
0,0,0,0
0,0,0,0
0,0,0,0
0,0,0,0
0,0,0,0
0,0,0,0
0,0,0,0
0,0,0,0
0,0,0,0
0,0,0,0
0,0,0,0
0,0,0,0
0,0,0,0
0,0,0,0
0,0,0,0
0,0,0,0
0,0,0,0
0,0,0,0
0,0,0,0
0,0,0,0
0,0,0,0
0,0,0,0
0,0,0,0
0,0,0,0
0,0,0,0
0,0,0,0
0,0,0,0
0,0,0,0
0,0,0,0
0,0,0,0
0,0,0,0
0,0,0,0
0,0,0,0
0,0,0,0
0,0,0,0
0,0,0,0
0,0,0,0
0,0,0,0
0,0,0,0
0,0,0,0
0,0,0,0
0,0,0,0
0,0,0,0
0,0,0,0
0,0,0,0
0,0,0,0
0,0,0,0
0,0,0,0
0,0,0,0
0,0,0,0
0,0,0,0
0,0,0,0
0,0,0,0
0,0,0,0
0,0,0,0
0,0,0,0
0,0,0,0
0,0,0,0
0,0,0,0
0,0,0,0
0,0,0,0
0,0,0,0
0,0,0,0
0,0,0,0
0,0,0,0
0,0,0,0
0,0,0,0
0,0,0,0
0,0,0,0
0,0,0,0
0,0,0,0
0,0,0,0
0,0,0,0
0,0,0,0
0,0,0,0
0,0,0,0
0,0,0,0
0,0,0,0
0,0,0,0
0,0,0,0
0,0,0,0
0,0,0,0
0,0,0,0
0,0,0,0
0,0,0,0
0,0,0,0
0,0,0,0
0,0,0,0
0,0,0,0
0,0,0,0
0,0,0,0
0,0,0,0
0,0,0,0
0,0,0,0
0,0,0,0
0,0,0,0
0,0,0,0
0,0,0,0
0,0,0,0
0,0,0,0
0,0,0,0
0,0,0,0
0,0,0,0
0,0,0,0
0,0,0,0
0,0,0,0
0,0,0,0
0,0,0,0
0,0,0,0
0,0,0,0
0,0,0,0
0,0,0,0
0,0,0,0
0,0,0,0
0,0,0,0
0,0,0,0
0,0,0,0
0,0,0,0
0,0,0,0
0,0,0,0
0,0,0,0
0,0,0,0
0,0,0,0
0,0,0,0
0,0,0,0
0,0,0,0
0,0,0,0
0,0,0,0
0,0,0,0
0,0,0,0
0,0,0,0
0,0,0,0
0,0,0,0
0,0,0,0
0,0,0,0
0,0,0,0
0,0,0,0
0,0,0,0
0,0,0,0
0,0,0,0
0,0,0,0
0,0,0,0
0,0,0,0
0,0,0,0
0,0,0,0
0,0,0,0
0,0,0,0
0,0,0,0
0,0,0,0
0,0,0,0
0,0,0,0
0,0,0,0
0,0,0,0
0,0,0,0
0,0,0,0
0,0,0,0
0,0,0,0
0,0,0,0
0,0,0,0
0,0,0,0
0,0,0,0
0,0,0,0
0,0,0,0
0,0,0,0
0,0,0,0
0,0,0,0
0,0,0,0
0,0,0,0
0,0,0,0
0,0,0,0
0,0,0,0
0,0,0,0
0,0,0,0
0,0,0,0
0,0,0,0
0,0,0,0
0,0,0,0
0,0,0,0
0,0,0,0
0,0,0,0
0,0,0,0
0,0,0,0
0,0,0,0
0,0,0,0
0,0,0,0
0,0,0,0
0,0,0,0
0,0,0,0
0,0,0,0
0,0,0,0
0,0,0,0
0,0,0,0
0,0,0,0
0,0,0,0
0,0,0,0
0,0,0,0
0,0,0,0
0,0,0,0
0,0,0,0
0,0,0,0
0,0,0,0
0,0,0,0
0,0,0,0
0,0,0,0
0,0,0,0
0,0,0,0
0,0,0,0
0,0,0,0
0,0,0,0
0,0,0,0
0,0,0,0
0,0,0,0
0,0,0,0
0,0,0,0
0,0,0,0
0,0,0,0
0,0,0,0
0,0,0,0
0,0,0,0
0,0,0,0
0,0,0,0
0,0,0,0
0,0,0,0
0,0,0,0
0,0,0,0
0,0,0,0
0,0,0,0
0,0,0,0
0,0,0,0
0,0,0,0
0,0,0,0
0,0,0,0
0,0,0,0
0,0,0,0
0,0,0,0
0,0,0,0
0,0,0,0
0,0,0,0
0,0,0,0
0,0,0,0
0,0,0,0
0,0,0,0
0,0,0,0
0,0,0,0
0,0,0,0
0,0,0,0
0,0,0,0
0,0,0,0
0,0,0,0
0,0,0,0
0,0,0,0
0,0,0,0
0,0,0,0
0,0,0,0
0,0,0,0
0,0,0,0
0,0,0,0
0,0,0,0
0,0,0,0
0,0,0,0
0,0,0,0
0,0,0,0
0,0,0,0
0,0,0,0
0,0,0,0
0,0,0,0
0,0,0,0
0,0,0,0
0,0,0,0
0,0,0,0
0,0,0,0
0,0,0,0
0,0,0,0
0,0,0,0
0,0,0,0
0,0,0,0
0,0,0,0
0,0,0,0
0,0,0,0
0,0,0,0
0,0,0,0
0,0,0,0
0,0,0,0
0,0,0,0
0,0,0,0
0,0,0,0
0,0,0,0
0,0,0,0
0,0,0,0
0,0,0,0
0,0,0,0
0,0,0,0
0,0,0,0
0,0,0,0
0,0,0,0
0,0,0,0
0,0,0,0
0,0,0,0
0,0,0,0
0,0,0,0
0,0,0,0
0,0,0,0
0,0,0,0
0,0,0,0
0,0,0,0
0,0,0,0
0,0,0,0
0,0,0,0
0,0,0,0
0,0,0,0
0,0,0,0
0,0,0,0
0,0,0,0
0,0,0,0
0,0,0,0
0,0,0,0
0,0,0,0
0,0,0,0
0,0,0,0
0,0,0,0
0,0,0,0
0,0,0,0
0,0,0,0
0,0,0,0
0,0,0,0
0,0,0,0
0,0,0,0
0,0,0,0
0,0,0,0
0,0,0,0
0,0,0,0
0,0,0,0
0,0,0,0
0,0,0,0
0,0,0,0
0,0,0,0
0,0,0,0
0,0,0,0
0,0,0,0
0,0,0,0
0,0,0,0
0,0,0,0
0,0,0,0
0,0,0,0
0,0,0,0
0,0,0,0
0,0,0,0
0,0,0,0
0,0,0,0
0,0,0,0
0,0,0,0
0,0,0,0
0,0,0,0
0,0,0,0
0,0,0,0
0,0,0,0
0,0,0,0
0,0,0,0
0,0,0,0
0,0,0,0
0,0,0,0
0,0,0,0
0,0,0,0
0,0,0,0
0,0,0,0
0,0,0,0
0,0,0,0
0,0,0,0
0,0,0,0
0,0,0,0
0,0,0,0
0,0,0,0
0,0,0,0
0,0,0,0
0,0,0,0
0,0,0,0
0,0,0,0
0,0,0,0
0,0,0,0
0,0,0,0
0,0,0,0
0,0,0,0
0,0,0,0
0,0,0,0
0,0,0,0
0,0,0,0
0,0,0,0
0,0,0,0
0,0,0,0
0,0,0,0
0,0,0,0
0,0,0,0
0,0,0,0
0,0,0,0
0,0,0,0
0,0,0,0
0,0,0,0
0,0,0,0
0,0,0,0
0,0,0,0
0,0,0,0
0,0,0,0
0,0,0,0
0,0,0,0
0,0,0,0
0,0,0,0
0,0,0,0
0,0,0,0
0,0,0,0
0,0,0,0
0,0,0,0
0,0,0,0
0,0,0,0
0,0,0,0
0,0,0,0
0,0,0,0
0,0,0,0
0,0,0,0
0,0,0,0
0,0,0,0
0,0,0,0
0,0,0,0
0,0,0,0
0,0,0,0
0,0,0,0
0,0,0,0
0,0,0,0
0,0,0,0
0,0,0,0
0,0,0,0
0,0,0,0
0,0,0,0
0,0,0,0
0,0,0,0
0,0,0,0
0,0,0,0
0,0,0,0
0,0,0,0
0,0,0,0
0,0,0,0
0,0,0,0
0,0,0,0
0,0,0,0
0,0,0,0
0,0,0,0
0,0,0,0
0,0,0,0
0,0,0,0
0,0,0,0
0,0,0,0
0,0,0,0
0,0,0,0
0,0,0,0
0,0,0,0
0,0,0,0
0,0,0,0
0,0,0,0
0,0,0,0
0,0,0,0
0,0,0,0
0,0,0,0
0,0,0,0
0,0,0,0
0,0,0,0
0,0,0,0
0,0,0,0
0,0,0,0
0,0,0,0
0,0,0,0
0,0,0,0
0,0,0,0
0,0,0,0
0,0,0,0
0,0,0,0
0,0,0,0
0,0,0,0
0,0,0,0
0,0,0,0
0,0,0,0
0,0,0,0
0,0,0,0
0,0,0,0
0,0,0,0
0,0,0,0
0,0,0,0
0,0,0,0
0,0,0,0
0,0,0,0
0,0,0,0
0,0,0,0
0,0,0,0
0,0,0,0
0,0,0,0
0,0,0,0
0,0,0,0
0,0,0,0
0,0,0,0
0,0,0,0
0,0,0,0
0,0,0,0
0,0,0,0
0,0,0,0
0,0,0,0
0,0,0,0
0,0,0,0
0,0,0,0
0,0,0,0
0,0,0,0
0,0,0,0
0,0,0,0
0,0,0,0
0,0,0,0
0,0,0,0
0,0,0,0
0,0,0,0
0,0,0,0
0,0,0,0
0,0,0,0
0,0,0,0
0,0,0,0
0,0,0,0
0,0,0,0
0,0,0,0
0,0,0,0
0,0,0,0
0,0,0,0
0,0,0,0
0,0,0,0
0,0,0,0
0,0,0,0
0,0,0,0
0,0,0,0
0,0,0,0
0,0,0,0
0,0,0,0
0,0,0,0
0,0,0,0
0,0,0,0
0,0,0,0
0,0,0,0
0,0,0,0
0,0,0,0
0,0,0,0
0,0,0,0
0,0,0,0
0,0,0,0
0,0,0,0
0,0,0,0
0,0,0,0
0,0,0,0
0,0,0,0
0,0,0,0
0,0,0,0
0,0,0,0
0,0,0,0
0,0,0,0
0,0,0,0
0,0,0,0
0,0,0,0
0,0,0,0
0,0,0,0
0,0,0,0
0,0,0,0
0,0,0,0
0,0,0,0
0,0,0,0
0,0,0,0
0,0,0,0
0,0,0,0
0,0,0,0
0,0,0,0
0,0,0,0
0,0,0,0
0,0,0,0
0,0,0,0
0,0,0,0
0,0,0,0
0,0,0,0
0,0,0,0
0,0,0,0
0,0,0,0
0,0,0,0
0,0,0,0
0,0,0,0
0,0,0,0
0,0,0,0
0,0,0,0
0,0,0,0
0,0,0,0
0,0,0,0
0,0,0,0
0,0,0,0
0,0,0,0
0,0,0,0
0,0,0,0
0,0,0,0
0,0,0,0
0,0,0,0
0,0,0,0
0,0,0,0
0,0,0,0
0,0,0,0
0,0,0,0
0,0,0,0
0,0,0,0
0,0,0,0
0,0,0,0
0,0,0,0
0,0,0,0
0,0,0,0
0,0,0,0
0,0,0,0
0,0,0,0
0,0,0,0
0,0,0,0
0,0,0,0
0,0,0,0
0,0,0,0
0,0,0,0
0,0,0,0
0,0,0,0
0,0,0,0
0,0,0,0
0,0,0,0
0,0,0,0
0,0,0,0
0,0,0,0
0,0,0,0
0,0,0,0
0,0,0,0
0,0,0,0
0,0,0,0
0,0,0,0
0,0,0,0
0,0,0,0
0,0,0,0
0,0,0,0
0,0,0,0
0,0,0,0
0,0,0,0
0,0,0,0
0,0,0,0
0,0,0,0
0,0,0,0
0,0,0,0
0,0,0,0
0,0,0,0
0,0,0,0
0,0,0,0
0,0,0,0
0,0,0,0
0,0,0,0
0,0,0,0
0,0,0,0
0,0,0,0
0,0,0,0
0,0,0,0
0,0,0,0
0,0,0,0
0,0,0,0
0,0,0,0
0,0,0,0
0,0,0,0
0,0,0,0
0,0,0,0
0,0,0,0
0,0,0,0
0,0,0,0
0,0,0,0
0,0,0,0
0,0,0,0
0,0,0,0
0,0,0,0
0,0,0,0
0,0,0,0
0,0,0,0
0,0,0,0
0,0,0,0
0,0,0,0
0,0,0,0
0,0,0,0
0,0,0,0
0,0,0,0
0,0,0,0
0,0,0,0
0,0,0,0
0,0,0,0
0,0,0,0
0,0,0,0
0,0,0,0
0,0,0,0
0,0,0,0
0,0,0,0
0,0,0,0
0,0,0,0
0,0,0,0
0,0,0,0
0,0,0,0
0,0,0,0
0,0,0,0
0,0,0,0
0,0,0,0
0,0,0,0
0,0,0,0
0,0,0,0
0,0,0,0
0,0,0,0
0,0,0,0
0,0,0,0
0,0,0,0
0,0,0,0
0,0,0,0
0,0,0,0
0,0,0,0
0,0,0,0
0,0,0,0
0,0,0,0
0,0,0,0
0,0,0,0
0,0,0,0
0,0,0,0
0,0,0,0
0,0,0,0
0,0,0,0
0,0,0,0
0,0,0,0
0,0,0,0
0,0,0,0
0,0,0,0
0,0,0,0
0,0,0,0
0,0,0,0
0,0,0,0
0,0,0,0
0,0,0,0
0,0,0,0
0,0,0,0
0,0,0,0
0,0,0,0
0,0,0,0
0,0,0,0
0,0,0,0
0,0,0,0
0,0,0,0
0,0,0,0
0,0,0,0
0,0,0,0
0,0,0,0
0,0,0,0
0,0,0,0
0,0,0,0
0,0,0,0
0,0,0,0
0,0,0,0
0,0,0,0
0,0,0,0
0,0,0,0
0,0,0,0
0,0,0,0
0,0,0,0
0,0,0,0
0,0,0,0
0,0,0,0
0,0,0,0
0,0,0,0
0,0,0,0
0,0,0,0
0,0,0,0
0,0,0,0
0,0,0,0
0,0,0,0
0,0,0,0
0,0,0,0
0,0,0,0
0,0,0,0
0,0,0,0
0,0,0,0
0,0,0,0
0,0,0,0
0,0,0,0
0,0,0,0
0,0,0,0
0,0,0,0
0,0,0,0
0,0,0,0
0,0,0,0
0,0,0,0
0,0,0,0
0,0,0,0
0,0,0,0
0,0,0,0
0,0,0,0
0,0,0,0
0,0,0,0
0,0,0,0
0,0,0,0
0,0,0,0
0,0,0,0
0,0,0,0
0,0,0,0
0,0,0,0
0,0,0,0
0,0,0,0
0,0,0,0
0,0,0,0
0,0,0,0
0,0,0,0
0,0,0,0
0,0,0,0
0,0,0,0
0,0,0,0
0,0,0,0
0,0,0,0
0,0,0,0
0,0,0,0
0,0,0,0
0,0,0,0
0,0,0,0
0,0,0,0
0,0,0,0
0,0,0,0
0,0,0,0
0,0,0,0
0,0,0,0
0,0,0,0
0,0,0,0
0,0,0,0
0,0,0,0
0,0,0,0
0,0,0,0
0,0,0,0
0,0,0,0
0,0,0,0
0,0,0,0
0,0,0,0
0,0,0,0
0,0,0,0
0,0,0,0
0,0,0,0
0,0,0,0
0,0,0,0
0,0,0,0
0,0,0,0
0,0,0,0
0,0,0,0
0,0,0,0
0,0,0,0
0,0,0,0
0,0,0,0
0,0,0,0
0,0,0,0
0,0,0,0
0,0,0,0
0,0,0,0
0,0,0,0
0,0,0,0
0,0,0,0
0,0,0,0
0,0,0,0
0,0,0,0
0,0,0,0
0,0,0,0
0,0,0,0
0,0,0,0
0,0,0,0
0,0,0,0
0,0,0,0
0,0,0,0
0,0,0,0
0,0,0,0
0,0,0,0
0,0,0,0
0,0,0,0
0,0,0,0
0,0,0,0
0,0,0,0
0,0,0,0
0,0,0,0
0,0,0,0
0,0,0,0
0,0,0,0
0,0,0,0
0,0,0,0
0,0,0,0
0,0,0,0
0,0,0,0
0,0,0,0
0,0,0,0
0,0,0,0
0,0,0,0
0,0,0,0
0,0,0,0
0,0,0,0
0,0,0,0
0,0,0,0
0,0,0,0
0,0,0,0
0,0,0,0
0,0,0,0
0,0,0,0
0,0,0,0
0,0,0,0
0,0,0,0
0,0,0,0
0,0,0,0
0,0,0,0
0,0,0,0
0,0,0,0
0,0,0,0
0,0,0,0
0,0,0,0
0,0,0,0
0,0,0,0
0,0,0,0
0,0,0,0
0,0,0,0
0,0,0,0
0,0,0,0
0,0,0,0
0,0,0,0
0,0,0,0
0,0,0,0
0,0,0,0
0,0,0,0
0,0,0,0
0,0,0,0
0,0,0,0
0,0,0,0
0,0,0,0
0,0,0,0
0,0,0,0
0,0,0,0
0,0,0,0
0,0,0,0
0,0,0,0
0,0,0,0
0,0,0,0
0,0,0,0
0,0,0,0
0,0,0,0
0,0,0,0
0,0,0,0
0,0,0,0
0,0,0,0
0,0,0,0
0,0,0,0
0,0,0,0
0,0,0,0
0,0,0,0
0,0,0,0
0,0,0,0
0,0,0,0
0,0,0,0
0,0,0,0
0,0,0,0
0,0,0,0
0,0,0,0
0,0,0,0
0,0,0,0
0,0,0,0
0,0,0,0
0,0,0,0
0,0,0,0
0,0,0,0
0,0,0,0
0,0,0,0
0,0,0,0
0,0,0,0
0,0,0,0
0,0,0,0
0,0,0,0
0,0,0,0
0,0,0,0
0,0,0,0
0,0,0,0
0,0,0,0
0,0,0,0
0,0,0,0
0,0,0,0
0,0,0,0
0,0,0,0
0,0,0,0
0,0,0,0
0,0,0,0
0,0,0,0
0,0,0,0
0,0,0,0
0,0,0,0
0,0,0,0
0,0,0,0
0,0,0,0
0,0,0,0
0,0,0,0
0,0,0,0
0,0,0,0
0,0,0,0
0,0,0,0
0,0,0,0
0,0,0,0
0,0,0,0
0,0,0,0
0,0,0,0
0,0,0,0
0,0,0,0
0,0,0,0
0,0,0,0
0,0,0,0
0,0,0,0
0,0,0,0
0,0,0,0
0,0,0,0
0,0,0,0
0,0,0,0
0,0,0,0
0,0,0,0
0,0,0,0
0,0,0,0
0,0,0,0
0,0,0,0
0,0,0,0
0,0,0,0
0,0,0,0
0,0,0,0
0,0,0,0
0,0,0,0
0,0,0,0
0,0,0,0
0,0,0,0
0,0,0,0
0,0,0,0
0,0,0,0
0,0,0,0
0,0,0,0
0,0,0,0
0,0,0,0
0,0,0,0
0,0,0,0
0,0,0,0
0,0,0,0
0,0,0,0
0,0,0,0
0,0,0,0
0,0,0,0
0,0,0,0
0,0,0,0
0,0,0,0
0,0,0,0
0,0,0,0
0,0,0,0
0,0,0,0
0,0,0,0
0,0,0,0
0,0,0,0
0,0,0,0
0,0,0,0
0,0,0,0
0,0,0,0
0,0,0,0
0,0,0,0
0,0,0,0
0,0,0,0
0,0,0,0
0,0,0,0
0,0,0,0
0,0,0,0
0,0,0,0
0,0,0,0
0,0,0,0
0,0,0,0
0,0,0,0
0,0,0,0
0,0,0,0
0,0,0,0
0,0,0,0
0,0,0,0
0,0,0,0
0,0,0,0
0,0,0,0
0,0,0,0
0,0,0,0
0,0,0,0
0,0,0,0
0,0,0,0
0,0,0,0
0,0,0,0
0,0,0,0
0,0,0,0
0,0,0,0
0,0,0,0
0,0,0,0
0,0,0,0
0,0,0,0
0,0,0,0
0,0,0,0
0,0,0,0
0,0,0,0
0,0,0,0
0,0,0,0
0,0,0,0
0,0,0,0
0,0,0,0
0,0,0,0
0,0,0,0
0,0,0,0
0,0,0,0
0,0,0,0
0,0,0,0
0,0,0,0
0,0,0,0
0,0,0,0
0,0,0,0
0,0,0,0
0,0,0,0
0,0,0,0
0,0,0,0
0,0,0,0
0,0,0,0
0,0,0,0
0,0,0,0
0,0,0,0
0,0,0,0
0,0,0,0
0,0,0,0
0,0,0,0
0,0,0,0
0,0,0,0
0,0,0,0
0,0,0,0
0,0,0,0
0,0,0,0
0,0,0,0
0,0,0,0
0,0,0,0
0,0,0,0
0,0,0,0
0,0,0,0
0,0,0,0
0,0,0,0
0,0,0,0
0,0,0,0
0,0,0,0
0,0,0,0
0,0,0,0
0,0,0,0
0,0,0,0
0,0,0,0
0,0,0,0
0,0,0,0
0,0,0,0
0,0,0,0
0,0,0,0
0,0,0,0
0,0,0,0
0,0,0,0
0,0,0,0
0,0,0,0
0,0,0,0
0,0,0,0
0,0,0,0
0,0,0,0
0,0,0,0
0,0,0,0
0,0,0,0
0,0,0,0
0,0,0,0
0,0,0,0
0,0,0,0
0,0,0,0
0,0,0,0
0,0,0,0
0,0,0,0
0,0,0,0
0,0,0,0
0,0,0,0
0,0,0,0
0,0,0,0
0,0,0,0
0,0,0,0
0,0,0,0
0,0,0,0
0,0,0,0
0,0,0,0
0,0,0,0
0,0,0,0
0,0,0,0
0,0,0,0
0,0,0,0
0,0,0,0
0,0,0,0
0,0,0,0
0,0,0,0
0,0,0,0
0,0,0,0
0,0,0,0
0,0,0,0
0,0,0,0
0,0,0,0
0,0,0,0
0,0,0,0
0,0,0,0
0,0,0,0
0,0,0,0
0,0,0,0
0,0,0,0
0,0,0,0
0,0,0,0
0,0,0,0
0,0,0,0
0,0,0,0
0,0,0,0
0,0,0,0
0,0,0,0
0,0,0,0
0,0,0,0
0,0,0,0
0,0,0,0
0,0,0,0
0,0,0,0
0,0,0,0
0,0,0,0
0,0,0,0
0,0,0,0
0,0,0,0
0,0,0,0
0,0,0,0
0,0,0,0
0,0,0,0
0,0,0,0
0,0,0,0
0,0,0,0
0,0,0,0
0,0,0,0
0,0,0,0
0,0,0,0
0,0,0,0
0,0,0,0
0,0,0,0
0,0,0,0
0,0,0,0
0,0,0,0
0,0,0,0
0,0,0,0
0,0,0,0
0,0,0,0
0,0,0,0
0,0,0,0
0,0,0,0
0,0,0,0
0,0,0,0
0,0,0,0
0,0,0,0
0,0,0,0
0,0,0,0
0,0,0,0
0,0,0,0
0,0,0,0
0,0,0,0
0,0,0,0
0,0,0,0
0,0,0,0
0,0,0,0
0,0,0,0
0,0,0,0
0,0,0,0
0,0,0,0
0,0,0,0
0,0,0,0
0,0,0,0
0,0,0,0
0,0,0,0
0,0,0,0
0,0,0,0
0,0,0,0
0,0,0,0
0,0,0,0
0,0,0,0
0,0,0,0
0,0,0,0
0,0,0,0
0,0,0,0
0,0,0,0
0,0,0,0
0,0,0,0
0,0,0,0
0,0,0,0
0,0,0,0
0,0,0,0
0,0,0,0
0,0,0,0
0,0,0,0
0,0,0,0
0,0,0,0
0,0,0,0
0,0,0,0
0,0,0,0
0,0,0,0
0,0,0,0
0,0,0,0
0,0,0,0
0,0,0,0
0,0,0,0
0,0,0,0
0,0,0,0
0,0,0,0
0,0,0,0
0,0,0,0
0,0,0,0
0,0,0,0
0,0,0,0
0,0,0,0
0,0,0,0
0,0,0,0
0,0,0,0
0,0,0,0
0,0,0,0
0,0,0,0
0,0,0,0
0,0,0,0
0,0,0,0
0,0,0,0
0,0,0,0
0,0,0,0
0,0,0,0
0,0,0,0
0,0,0,0
0,0,0,0
0,0,0,0
0,0,0,0
0,0,0,0
0,0,0,0
0,0,0,0
0,0,0,0
0,0,0,0
0,0,0,0
0,0,0,0
0,0,0,0
0,0,0,0
0,0,0,0
0,0,0,0
0,0,0,0
0,0,0,0
0,0,0,0
0,0,0,0
0,0,0,0
0,0,0,0
0,0,0,0
0,0,0,0
0,0,0,0
0,0,0,0
0,0,0,0
0,0,0,0
0,0,0,0
0,0,0,0
0,0,0,0
0,0,0,0
0,0,0,0
0,0,0,0
0,0,0,0
0,0,0,0
0,0,0,0
0,0,0,0
0,0,0,0
0,0,0,0
0,0,0,0
0,0,0,0
0,0,0,0
0,0,0,0
0,0,0,0
0,0,0,0
0,0,0,0
0,0,0,0
0,0,0,0
0,0,0,0
0,0,0,0
0,0,0,0
0,0,0,0
0,0,0,0
0,0,0,0
0,0,0,0
0,0,0,0
0,0,0,0
0,0,0,0
0,0,0,0
0,0,0,0
0,0,0,0
0,0,0,0
0,0,0,0
0,0,0,0
0,0,0,0
0,0,0,0
0,0,0,0
0,0,0,0
0,0,0,0
0,0,0,0
0,0,0,0
0,0,0,0
0,0,0,0
0,0,0,0
0,0,0,0
0,0,0,0
0,0,0,0
0,0,0,0
0,0,0,0
0,0,0,0
0,0,0,0
0,0,0,0
0,0,0,0
0,0,0,0
0,0,0,0
0,0,0,0
0,0,0,0
0,0,0,0
0,0,0,0
0,0,0,0
0,0,0,0
0,0,0,0
0,0,0,0
0,0,0,0
0,0,0,0
0,0,0,0
0,0,0,0
0,0,0,0
0,0,0,0
0,0,0,0
0,0,0,0
0,0,0,0
0,0,0,0
0,0,0,0
0,0,0,0
0,0,0,0
0,0,0,0
0,0,0,0
0,0,0,0
0,0,0,0
0,0,0,0
0,0,0,0
0,0,0,0
0,0,0,0
0,0,0,0
0,0,0,0
0,0,0,0
0,0,0,0
0,0,0,0
0,0,0,0
0,0,0,0
0,0,0,0
0,0,0,0
0,0,0,0
0,0,0,0
0,0,0,0
0,0,0,0
0,0,0,0
0,0,0,0
0,0,0,0
0,0,0,0
0,0,0,0
0,0,0,0
0,0,0,0
0,0,0,0
0,0,0,0
0,0,0,0
0,0,0,0
0,0,0,0
0,0,0,0
0,0,0,0
0,0,0,0
0,0,0,0
0,0,0,0
0,0,0,0
0,0,0,0
0,0,0,0
0,0,0,0
0,0,0,0
0,0,0,0
0,0,0,0
0,0,0,0
0,0,0,0
0,0,0,0
0,0,0,0
0,0,0,0
0,0,0,0
0,0,0,0
0,0,0,0
0,0,0,0
0,0,0,0
0,0,0,0
0,0,0,0
0,0,0,0
0,0,0,0
0,0,0,0
0,0,0,0
0,0,0,0
0,0,0,0
0,0,0,0
0,0,0,0
0,0,0,0
0,0,0,0
0,0,0,0
0,0,0,0
0,0,0,0
0,0,0,0
0,0,0,0
0,0,0,0
0,0,0,0
0,0,0,0
0,0,0,0
0,0,0,0
0,0,0,0
0,0,0,0
0,0,0,0
0,0,0,0
0,0,0,0
0,0,0,0
0,0,0,0
0,0,0,0
0,0,0,0
0,0,0,0
0,0,0,0
0,0,0,0
0,0,0,0
0,0,0,0
0,0,0,0
0,0,0,0
0,0,0,0
0,0,0,0
0,0,0,0
0,0,0,0
0,0,0,0
0,0,0,0
0,0,0,0
0,0,0,0
0,0,0,0
0,0,0,0
0,0,0,0
0,0,0,0
0,0,0,0
0,0,0,0
0,0,0,0
0,0,0,0
0,0,0,0
0,0,0,0
0,0,0,0
0,0,0,0
0,0,0,0
0,0,0,0
0,0,0,0
0,0,0,0
0,0,0,0
0,0,0,0
0,0,0,0
0,0,0,0
0,0,0,0
0,0,0,0
0,0,0,0
0,0,0,0
0,0,0,0
0,0,0,0
0,0,0,0
0,0,0,0
0,0,0,0
0,0,0,0
0,0,0,0
0,0,0,0
0,0,0,0
0,0,0,0
0,0,0,0
0,0,0,0
0,0,0,0
0,0,0,0
0,0,0,0
0,0,0,0
0,0,0,0
0,0,0,0
0,0,0,0
0,0,0,0
0,0,0,0
0,0,0,0
0,0,0,0
0,0,0,0
0,0,0,0
0,0,0,0
0,0,0,0
0,0,0,0
0,0,0,0
0,0,0,0
0,0,0,0
0,0,0,0
0,0,0,0
0,0,0,0
0,0,0,0
0,0,0,0
0,0,0,0
0,0,0,0
0,0,0,0
0,0,0,0
0,0,0,0
0,0,0,0
0,0,0,0
0,0,0,0
0,0,0,0
0,0,0,0
0,0,0,0
0,0,0,0
0,0,0,0
0,0,0,0
0,0,0,0
0,0,0,0
0,0,0,0
0,0,0,0
0,0,0,0
0,0,0,0
0,0,0,0
0,0,0,0
0,0,0,0
0,0,0,0
0,0,0,0
0,0,0,0
0,0,0,0
0,0,0,0
0,0,0,0
0,0,0,0
0,0,0,0
0,0,0,0
0,0,0,0
0,0,0,0
0,0,0,0
0,0,0,0
0,0,0,0
0,0,0,0
0,0,0,0
0,0,0,0
0,0,0,0
0,0,0,0
0,0,0,0
0,0,0,0
0,0,0,0
0,0,0,0
0,0,0,0
0,0,0,0
0,0,0,0
0,0,0,0
0,0,0,0
0,0,0,0
0,0,0,0
0,0,0,0
0,0,0,0
0,0,0,0
0,0,0,0
0,0,0,0
0,0,0,0
0,0,0,0
0,0,0,0
0,0,0,0
0,0,0,0
0,0,0,0
0,0,0,0
0,0,0,0
0,0,0,0
0,0,0,0
0,0,0,0
0,0,0,0
0,0,0,0
0,0,0,0
0,0,0,0
0,0,0,0
0,0,0,0
0,0,0,0
0,0,0,0
0,0,0,0
0,0,0,0
0,0,0,0
0,0,0,0
0,0,0,0
0,0,0,0
0,0,0,0
0,0,0,0
0,0,0,0
0,0,0,0
0,0,0,0
0,0,0,0
0,0,0,0
0,0,0,0
0,0,0,0
0,0,0,0
0,0,0,0
0,0,0,0
0,0,0,0
0,0,0,0
0,0,0,0
0,0,0,0
0,0,0,0
0,0,0,0
0,0,0,0
0,0,0,0
0,0,0,0
0,0,0,0
0,0,0,0
0,0,0,0
0,0,0,0
0,0,0,0
0,0,0,0
0,0,0,0
0,0,0,0
0,0,0,0
0,0,0,0
0,0,0,0
0,0,0,0
0,0,0,0
0,0,0,0
0,0,0,0
0,0,0,0
0,0,0,0
0,0,0,0
0,0,0,0
0,0,0,0
0,0,0,0
0,0,0,0
0,0,0,0
0,0,0,0
0,0,0,0
0,0,0,0
0,0,0,0
0,0,0,0
0,0,0,0
0,0,0,0
0,0,0,0
0,0,0,0
0,0,0,0
0,0,0,0
0,0,0,0
0,0,0,0
0,0,0,0
0,0,0,0
0,0,0,0
0,0,0,0
0,0,0,0
0,0,0,0
0,0,0,0
0,0,0,0
0,0,0,0
0,0,0,0
0,0,0,0
0,0,0,0
0,0,0,0
0,0,0,0
0,0,0,0
0,0,0,0
0,0,0,0
0,0,0,0
0,0,0,0
0,0,0,0
0,0,0,0
0,0,0,0
0,0,0,0
0,0,0,0
0,0,0,0
0,0,0,0
0,0,0,0
0,0,0,0
0,0,0,0
0,0,0,0
0,0,0,0
0,0,0,0
0,0,0,0
0,0,0,0
0,0,0,0
0,0,0,0
0,0,0,0
0,0,0,0
0,0,0,0
0,0,0,0
0,0,0,0
0,0,0,0
0,0,0,0
0,0,0,0
0,0,0,0
0,0,0,0
0,0,0,0
0,0,0,0
0,0,0,0
0,0,0,0
0,0,0,0
0,0,0,0
0,0,0,0
0,0,0,0
0,0,0,0
0,0,0,0
0,0,0,0
0,0,0,0
0,0,0,0
0,0,0,0
0,0,0,0
0,0,0,0
0,0,0,0
0,0,0,0
0,0,0,0
0,0,0,0
0,0,0,0
0,0,0,0
0,0,0,0
0,0,0,0
0,0,0,0
0,0,0,0
0,0,0,0
0,0,0,0
0,0,0,0
0,0,0,0
0,0,0,0
0,0,0,0
0,0,0,0
0,0,0,0
0,0,0,0
0,0,0,0
0,0,0,0
0,0,0,0
0,0,0,0
0,0,0,0
0,0,0,0
0,0,0,0
0,0,0,0
0,0,0,0
0,0,0,0
0,0,0,0
0,0,0,0
0,0,0,0
0,0,0,0
0,0,0,0
0,0,0,0
0,0,0,0
0,0,0,0
0,0,0,0
0,0,0,0
0,0,0,0
0,0,0,0
0,0,0,0
0,0,0,0
0,0,0,0
0,0,0,0
0,0,0,0
0,0,0,0
0,0,0,0
0,0,0,0
0,0,0,0
0,0,0,0
0,0,0,0
0,0,0,0
0,0,0,0
0,0,0,0
0,0,0,0
0,0,0,0
0,0,0,0
0,0,0,0
0,0,0,0
0,0,0,0
0,0,0,0
0,0,0,0
0,0,0,0
0,0,0,0
0,0,0,0
0,0,0,0
0,0,0,0
0,0,0,0
0,0,0,0
0,0,0,0
0,0,0,0
0,0,0,0
0,0,0,0
0,0,0,0
0,0,0,0
0,0,0,0
0,0,0,0
0,0,0,0
0,0,0,0
0,0,0,0
0,0,0,0
0,0,0,0
0,0,0,0
0,0,0,0
0,0,0,0
0,0,0,0
0,0,0,0
0,0,0,0
0,0,0,0
0,0,0,0
0,0,0,0
0,0,0,0
0,0,0,0
0,0,0,0
0,0,0,0
0,0,0,0
0,0,0,0
0,0,0,0
0,0,0,0
0,0,0,0
0,0,0,0
0,0,0,0
0,0,0,0
0,0,0,0
0,0,0,0
0,0,0,0
0,0,0,0
0,0,0,0
0,0,0,0
0,0,0,0
0,0,0,0
0,0,0,0
0,0,0,0
0,0,0,0
0,0,0,0
0,0,0,0
0,0,0,0
0,0,0,0
0,0,0,0
0,0,0,0
0,0,0,0
0,0,0,0
0,0,0,0
0,0,0,0
0,0,0,0
0,0,0,0
0,0,0,0
0,0,0,0
0,0,0,0
0,0,0,0
0,0,0,0
0,0,0,0
0,0,0,0
0,0,0,0
0,0,0,0
0,0,0,0
0,0,0,0
0,0,0,0
0,0,0,0
0,0,0,0
0,0,0,0
0,0,0,0
0,0,0,0
0,0,0,0
0,0,0,0
0,0,0,0
0,0,0,0
0,0,0,0
0,0,0,0
0,0,0,0
0,0,0,0
0,0,0,0
0,0,0,0
0,0,0,0
0,0,0,0
0,0,0,0
0,0,0,0
0,0,0,0
0,0,0,0
0,0,0,0
0,0,0,0
0,0,0,0
0,0,0,0
0,0,0,0
0,0,0,0
0,0,0,0
0,0,0,0
0,0,0,0
0,0,0,0
0,0,0,0
0,0,0,0
0,0,0,0
0,0,0,0
0,0,0,0
0,0,0,0
0,0,0,0
0,0,0,0
0,0,0,0
0,0,0,0
0,0,0,0
0,0,0,0
0,0,0,0
0,0,0,0
0,0,0,0
0,0,0,0
0,0,0,0
0,0,0,0
0,0,0,0
0,0,0,0
0,0,0,0
0,0,0,0
0,0,0,0
0,0,0,0
0,0,0,0
0,0,0,0
0,0,0,0
0,0,0,0
0,0,0,0
0,0,0,0
0,0,0,0
0,0,0,0
0,0,0,0
0,0,0,0
0,0,0,0
0,0,0,0
0,0,0,0
0,0,0,0
0,0,0,0
0,0,0,0
0,0,0,0
0,0,0,0
0,0,0,0
0,0,0,0
0,0,0,0
0,0,0,0
0,0,0,0
0,0,0,0
0,0,0,0
0,0,0,0
0,0,0,0
0,0,0,0
0,0,0,0
0,0,0,0
0,0,0,0
0,0,0,0
0,0,0,0
0,0,0,0
0,0,0,0
0,0,0,0
0,0,0,0
0,0,0,0
0,0,0,0
0,0,0,0
0,0,0,0
0,0,0,0
0,0,0,0
0,0,0,0
0,0,0,0
0,0,0,0
0,0,0,0
0,0,0,0
0,0,0,0
0,0,0,0
0,0,0,0
0,0,0,0
0,0,0,0
0,0,0,0
0,0,0,0
0,0,0,0
0,0,0,0
0,0,0,0
0,0,0,0
0,0,0,0
0,0,0,0
0,0,0,0
0,0,0,0
0,0,0,0
0,0,0,0
0,0,0,0
0,0,0,0
0,0,0,0
0,0,0,0
0,0,0,0
0,0,0,0
0,0,0,0
0,0,0,0
0,0,0,0
0,0,0,0
0,0,0,0
0,0,0,0
0,0,0,0
0,0,0,0
0,0,0,0
0,0,0,0
0,0,0,0
0,0,0,0
0,0,0,0
0,0,0,0
0,0,0,0
0,0,0,0
0,0,0,0
0,0,0,0
0,0,0,0
0,0,0,0
0,0,0,0
0,0,0,0
0,0,0,0
0,0,0,0
0,0,0,0
0,0,0,0
0,0,0,0
0,0,0,0
0,0,0,0
0,0,0,0
0,0,0,0
0,0,0,0
0,0,0,0
0,0,0,0
0,0,0,0
0,0,0,0
0,0,0,0
0,0,0,0
0,0,0,0
0,0,0,0
0,0,0,0
0,0,0,0
0,0,0,0
0,0,0,0
0,0,0,0
0,0,0,0
0,0,0,0
0,0,0,0
0,0,0,0
0,0,0,0
0,0,0,0
0,0,0,0
0,0,0,0
0,0,0,0
0,0,0,0
0,0,0,0
0,0,0,0
0,0,0,0
0,0,0,0
0,0,0,0
0,0,0,0
0,0,0,0
0,0,0,0
0,0,0,0
0,0,0,0
0,0,0,0
0,0,0,0
0,0,0,0
0,0,0,0
0,0,0,0
0,0,0,0
0,0,0,0
0,0,0,0
0,0,0,0
0,0,0,0
0,0,0,0
0,0,0,0
0,0,0,0
0,0,0,0
0,0,0,0
0,0,0,0
0,0,0,0
0,0,0,0
0,0,0,0
0,0,0,0
0,0,0,0
0,0,0,0
0,0,0,0
0,0,0,0
0,0,0,0
0,0,0,0
0,0,0,0
0,0,0,0
0,0,0,0
0,0,0,0
0,0,0,0
0,0,0,0
0,0,0,0
0,0,0,0
0,0,0,0
0,0,0,0
0,0,0,0
0,0,0,0
0,0,0,0
0,0,0,0
0,0,0,0
0,0,0,0
0,0,0,0
0,0,0,0
0,0,0,0
0,0,0,0
0,0,0,0
0,0,0,0
0,0,0,0
0,0,0,0
0,0,0,0
0,0,0,0
0,0,0,0
0,0,0,0
0,0,0,0
0,0,0,0
0,0,0,0
0,0,0,0
0,0,0,0
0,0,0,0
0,0,0,0
0,0,0,0
0,0,0,0
0,0,0,0
0,0,0,0
0,0,0,0
0,0,0,0
0,0,0,0
0,0,0,0
0,0,0,0
0,0,0,0
0,0,0,0
0,0,0,0
0,0,0,0
0,0,0,0
0,0,0,0
0,0,0,0
0,0,0,0
0,0,0,0
0,0,0,0
0,0,0,0
0,0,0,0
0,0,0,0
0,0,0,0
0,0,0,0
0,0,0,0
0,0,0,0
0,0,0,0
0,0,0,0
0,0,0,0
0,0,0,0
0,0,0,0
0,0,0,0
0,0,0,0
0,0,0,0
0,0,0,0
0,0,0,0
0,0,0,0
0,0,0,0
0,0,0,0
0,0,0,0
0,0,0,0
0,0,0,0
0,0,0,0
0,0,0,0
0,0,0,0
0,0,0,0
0,0,0,0
0,0,0,0
0,0,0,0
0,0,0,0
0,0,0,0
0,0,0,0
0,0,0,0
0,0,0,0
0,0,0,0
0,0,0,0
0,0,0,0
0,0,0,0
0,0,0,0
0,0,0,0
0,0,0,0
0,0,0,0
0,0,0,0
0,0,0,0
0,0,0,0
0,0,0,0
0,0,0,0
0,0,0,0
0,0,0,0
0,0,0,0
0,0,0,0
0,0,0,0
0,0,0,0
0,0,0,0
0,0,0,0
0,0,0,0
0,0,0,0
0,0,0,0
0,0,0,0
0,0,0,0
0,0,0,0
0,0,0,0
0,0,0,0
0,0,0,0
0,0,0,0
0,0,0,0
0,0,0,0
0,0,0,0
0,0,0,0
0,0,0,0
0,0,0,0
0,0,0,0
0,0,0,0
0,0,0,0
0,0,0,0
0,0,0,0
0,0,0,0
0,0,0,0
0,0,0,0
0,0,0,0
0,0,0,0
0,0,0,0
0,0,0,0
0,0,0,0
0,0,0,0
0,0,0,0
0,0,0,0
0,0,0,0
0,0,0,0
0,0,0,0
0,0,0,0
0,0,0,0
0,0,0,0
0,0,0,0
0,0,0,0
0,0,0,0
0,0,0,0
0,0,0,0
0,0,0,0
0,0,0,0
0,0,0,0
0,0,0,0
0,0,0,0
0,0,0,0
0,0,0,0
0,0,0,0
0,0,0,0
0,0,0,0
0,0,0,0
0,0,0,0
0,0,0,0
0,0,0,0
0,0,0,0
0,0,0,0
0,0,0,0
0,0,0,0
0,0,0,0
0,0,0,0
0,0,0,0
0,0,0,0
0,0,0,0
0,0,0,0
0,0,0,0
0,0,0,0
0,0,0,0
0,0,0,0
0,0,0,0
0,0,0,0
0,0,0,0
0,0,0,0
0,0,0,0
0,0,0,0
0,0,0,0
0,0,0,0
0,0,0,0
0,0,0,0
0,0,0,0
0,0,0,0
0,0,0,0
0,0,0,0
0,0,0,0
0,0,0,0
0,0,0,0
0,0,0,0
0,0,0,0
0,0,0,0
0,0,0,0
0,0,0,0
0,0,0,0
0,0,0,0
0,0,0,0
0,0,0,0
0,0,0,0
0,0,0,0
0,0,0,0
0,0,0,0
0,0,0,0
0,0,0,0
0,0,0,0
0,0,0,0
0,0,0,0
0,0,0,0
0,0,0,0
0,0,0,0
0,0,0,0
0,0,0,0
0,0,0,0
0,0,0,0
0,0,0,0
0,0,0,0
0,0,0,0
0,0,0,0
0,0,0,0
0,0,0,0
0,0,0,0
0,0,0,0
0,0,0,0
0,0,0,0
0,0,0,0
0,0,0,0
0,0,0,0
0,0,0,0
0,0,0,0
0,0,0,0
0,0,0,0
0,0,0,0
0,0,0,0
0,0,0,0
0,0,0,0
0,0,0,0
0,0,0,0
0,0,0,0
0,0,0,0
0,0,0,0
0,0,0,0
0,0,0,0
0,0,0,0
0,0,0,0
0,0,0,0
0,0,0,0
0,0,0,0
0,0,0,0
0,0,0,0
0,0,0,0
0,0,0,0
0,0,0,0
0,0,0,0
0,0,0,0
0,0,0,0
0,0,0,0
0,0,0,0
0,0,0,0
0,0,0,0
0,0,0,0
0,0,0,0
0,0,0,0
0,0,0,0
0,0,0,0
0,0,0,0
0,0,0,0
0,0,0,0
0,0,0,0
0,0,0,0
0,0,0,0
0,0,0,0
0,0,0,0
0,0,0,0
0,0,0,0
0,0,0,0
0,0,0,0
0,0,0,0
0,0,0,0
0,0,0,0
0,0,0,0
0,0,0,0
0,0,0,0
0,0,0,0
0,0,0,0
0,0,0,0
0,0,0,0
0,0,0,0
0,0,0,0
0,0,0,0
0,0,0,0
0,0,0,0
0,0,0,0
0,0,0,0
0,0,0,0
0,0,0,0
0,0,0,0
0,0,0,0
0,0,0,0
0,0,0,0
0,0,0,0
0,0,0,0
0,0,0,0
0,0,0,0
0,0,0,0
0,0,0,0
0,0,0,0
0,0,0,0
0,0,0,0
0,0,0,0
0,0,0,0
0,0,0,0
0,0,0,0
0,0,0,0
0,0,0,0
0,0,0,0
0,0,0,0
0,0,0,0
0,0,0,0
0,0,0,0
0,0,0,0
0,0,0,0
0,0,0,0
0,0,0,0
0,0,0,0
0,0,0,0
0,0,0,0
0,0,0,0
0,0,0,0
0,0,0,0
0,0,0,0
0,0,0,0
0,0,0,0
0,0,0,0
0,0,0,0
0,0,0,0
0,0,0,0
0,0,0,0
0,0,0,0
0,0,0,0
0,0,0,0
0,0,0,0
0,0,0,0
0,0,0,0
0,0,0,0
0,0,0,0
0,0,0,0
0,0,0,0
0,0,0,0
0,0,0,0
0,0,0,0
0,0,0,0
0,0,0,0
0,0,0,0
0,0,0,0
0,0,0,0
0,0,0,0
0,0,0,0
0,0,0,0
0,0,0,0
0,0,0,0
0,0,0,0
0,0,0,0
0,0,0,0
0,0,0,0
0,0,0,0
0,0,0,0
0,0,0,0
0,0,0,0
0,0,0,0
0,0,0,0
0,0,0,0
0,0,0,0
0,0,0,0
0,0,0,0
0,0,0,0
0,0,0,0
0,0,0,0
0,0,0,0
0,0,0,0
0,0,0,0
0,0,0,0
0,0,0,0
0,0,0,0
0,0,0,0
0,0,0,0
0,0,0,0
0,0,0,0
0,0,0,0
0,0,0,0
0,0,0,0
0,0,0,0
0,0,0,0
0,0,0,0
0,0,0,0
0,0,0,0
0,0,0,0
0,0,0,0
0,0,0,0
0,0,0,0
0,0,0,0
0,0,0,0
0,0,0,0
0,0,0,0
0,0,0,0
0,0,0,0
0,0,0,0
0,0,0,0
0,0,0,0
0,0,0,0
0,0,0,0
0,0,0,0
0,0,0,0
0,0,0,0
0,0,0,0
0,0,0,0
0,0,0,0
0,0,0,0
0,0,0,0
0,0,0,0
0,0,0,0
0,0,0,0
0,0,0,0
0,0,0,0
0,0,0,0
0,0,0,0
0,0,0,0
0,0,0,0
0,0,0,0
0,0,0,0
0,0,0,0
0,0,0,0
0,0,0,0
0,0,0,0
0,0,0,0
0,0,0,0
0,0,0,0
0,0,0,0
0,0,0,0
0,0,0,0
0,0,0,0
0,0,0,0
0,0,0,0
0,0,0,0
0,0,0,0
0,0,0,0
0,0,0,0
0,0,0,0
0,0,0,0
0,0,0,0
0,0,0,0
0,0,0,0
0,0,0,0
0,0,0,0
0,0,0,0
0,0,0,0
0,0,0,0
0,0,0,0
0,0,0,0
0,0,0,0
0,0,0,0
0,0,0,0
0,0,0,0
0,0,0,0
0,0,0,0
0,0,0,0
0,0,0,0
0,0,0,0
0,0,0,0
0,0,0,0
0,0,0,0
0,0,0,0
0,0,0,0
0,0,0,0
0,0,0,0
0,0,0,0
0,0,0,0
0,0,0,0
0,0,0,0
0,0,0,0
0,0,0,0
0,0,0,0
0,0,0,0
0,0,0,0
0,0,0,0
0,0,0,0
0,0,0,0
0,0,0,0
0,0,0,0
0,0,0,0
0,0,0,0
0,0,0,0
0,0,0,0
0,0,0,0
0,0,0,0
0,0,0,0
0,0,0,0
0,0,0,0
0,0,0,0
0,0,0,0
0,0,0,0
0,0,0,0
0,0,0,0
0,0,0,0
0,0,0,0
0,0,0,0
0,0,0,0
0,0,0,0
0,0,0,0
0,0,0,0
0,0,0,0
0,0,0,0
0,0,0,0
0,0,0,0
0,0,0,0
0,0,0,0
0,0,0,0
0,0,0,0
0,0,0,0
0,0,0,0
0,0,0,0
0,0,0,0
0,0,0,0
0,0,0,0
0,0,0,0
0,0,0,0
0,0,0,0
0,0,0,0
0,0,0,0
0,0,0,0
0,0,0,0
0,0,0,0
0,0,0,0
0,0,0,0
0,0,0,0
0,0,0,0
0,0,0,0
0,0,0,0
0,0,0,0
0,0,0,0
0,0,0,0
0,0,0,0
0,0,0,0
0,0,0,0
0,0,0,0
0,0,0,0
0,0,0,0
0,0,0,0
0,0,0,0
0,0,0,0
0,0,0,0
0,0,0,0
0,0,0,0
0,0,0,0
0,0,0,0
0,0,0,0
0,0,0,0
0,0,0,0
0,0,0,0
0,0,0,0
0,0,0,0
0,0,0,0
0,0,0,0
0,0,0,0
0,0,0,0
0,0,0,0
0,0,0,0
0,0,0,0
0,0,0,0
0,0,0,0
0,0,0,0
0,0,0,0
0,0,0,0
0,0,0,0
0,0,0,0
0,0,0,0
0,0,0,0
0,0,0,0
0,0,0,0
0,0,0,0
0,0,0,0
0,0,0,0
0,0,0,0
0,0,0,0
0,0,0,0
0,0,0,0
0,0,0,0
0,0,0,0
0,0,0,0
0,0,0,0
0,0,0,0
0,0,0,0
0,0,0,0
0,0,0,0
0,0,0,0
0,0,0,0
0,0,0,0
0,0,0,0
0,0,0,0
0,0,0,0
0,0,0,0
0,0,0,0
0,0,0,0
0,0,0,0
0,0,0,0
0,0,0,0
0,0,0,0
0,0,0,0
0,0,0,0
0,0,0,0
0,0,0,0
0,0,0,0
0,0,0,0
0,0,0,0
0,0,0,0
0,0,0,0
0,0,0,0
0,0,0,0
0,0,0,0
0,0,0,0
0,0,0,0
0,0,0,0
0,0,0,0
0,0,0,0
0,0,0,0
0,0,0,0
0,0,0,0
0,0,0,0
0,0,0,0
0,0,0,0
0,0,0,0
0,0,0,0
0,0,0,0
0,0,0,0
0,0,0,0
0,0,0,0
0,0,0,0
0,0,0,0
0,0,0,0
0,0,0,0
0,0,0,0
0,0,0,0
0,0,0,0
0,0,0,0
0,0,0,0
0,0,0,0
0,0,0,0
0,0,0,0
0,0,0,0
0,0,0,0
0,0,0,0
0,0,0,0
0,0,0,0
0,0,0,0
0,0,0,0
0,0,0,0
0,0,0,0
0,0,0,0
0,0,0,0
0,0,0,0
0,0,0,0
0,0,0,0
0,0,0,0
0,0,0,0
0,0,0,0
0,0,0,0
0,0,0,0
0,0,0,0
0,0,0,0
0,0,0,0
0,0,0,0
0,0,0,0
0,0,0,0
0,0,0,0
0,0,0,0
0,0,0,0
0,0,0,0
0,0,0,0
0,0,0,0
0,0,0,0
0,0,0,0
0,0,0,0
0,0,0,0
0,0,0,0
0,0,0,0
0,0,0,0
0,0,0,0
0,0,0,0
0,0,0,0
0,0,0,0
0,0,0,0
0,0,0,0
0,0,0,0
0,0,0,0
0,0,0,0
0,0,0,0
0,0,0,0
0,0,0,0
0,0,0,0
0,0,0,0
0,0,0,0
0,0,0,0
0,0,0,0
0,0,0,0
0,0,0,0
0,0,0,0
0,0,0,0
0,0,0,0
0,0,0,0
0,0,0,0
0,0,0,0
0,0,0,0
0,0,0,0
0,0,0,0
0,0,0,0
0,0,0,0
0,0,0,0
0,0,0,0
0,0,0,0
0,0,0,0
0,0,0,0
0,0,0,0
0,0,0,0
0,0,0,0
0,0,0,0
0,0,0,0
0,0,0,0
0,0,0,0
0,0,0,0
0,0,0,0
0,0,0,0
0,0,0,0
0,0,0,0
0,0,0,0
0,0,0,0
0,0,0,0
0,0,0,0
0,0,0,0
0,0,0,0
0,0,0,0
0,0,0,0
0,0,0,0
0,0,0,0
0,0,0,0
0,0,0,0
0,0,0,0
0,0,0,0
0,0,0,0
0,0,0,0
0,0,0,0
0,0,0,0
0,0,0,0
0,0,0,0
0,0,0,0
0,0,0,0
0,0,0,0
0,0,0,0
0,0,0,0
0,0,0,0
0,0,0,0
0,0,0,0
0,0,0,0
0,0,0,0
0,0,0,0
0,0,0,0
0,0,0,0
0,0,0,0
0,0,0,0
0,0,0,0
0,0,0,0
0,0,0,0
0,0,0,0
0,0,0,0
0,0,0,0
0,0,0,0
0,0,0,0
0,0,0,0
0,0,0,0
0,0,0,0
0,0,0,0
0,0,0,0
0,0,0,0
0,0,0,0
0,0,0,0
0,0,0,0
0,0,0,0
0,0,0,0
0,0,0,0
0,0,0,0
0,0,0,0
0,0,0,0
0,0,0,0
0,0,0,0
0,0,0,0
0,0,0,0
0,0,0,0
0,0,0,0
0,0,0,0
0,0,0,0
0,0,0,0
0,0,0,0
0,0,0,0
0,0,0,0
0,0,0,0
0,0,0,0
0,0,0,0
0,0,0,0
0,0,0,0
0,0,0,0
0,0,0,0
0,0,0,0
0,0,0,0
0,0,0,0
0,0,0,0
0,0,0,0
0,0,0,0
0,0,0,0
0,0,0,0
0,0,0,0
0,0,0,0
0,0,0,0
0,0,0,0
0,0,0,0
0,0,0,0
0,0,0,0
0,0,0,0
0,0,0,0
0,0,0,0
0,0,0,0
0,0,0,0
0,0,0,0
0,0,0,0
0,0,0,0
0,0,0,0
0,0,0,0
0,0,0,0
0,0,0,0
0,0,0,0
0,0,0,0
0,0,0,0
0,0,0,0
0,0,0,0
0,0,0,0
0,0,0,0
0,0,0,0
0,0,0,0
0,0,0,0
0,0,0,0
0,0,0,0
0,0,0,0
0,0,0,0
0,0,0,0
0,0,0,0
0,0,0,0
0,0,0,0
0,0,0,0
0,0,0,0
0,0,0,0
0,0,0,0
0,0,0,0
0,0,0,0
0,0,0,0
0,0,0,0
0,0,0,0
0,0,0,0
0,0,0,0
0,0,0,0
0,0,0,0
0,0,0,0
0,0,0,0
0,0,0,0
0,0,0,0
0,0,0,0
0,0,0,0
0,0,0,0
0,0,0,0
0,0,0,0
0,0,0,0
0,0,0,0
0,0,0,0
0,0,0,0
0,0,0,0
0,0,0,0
0,0,0,0
0,0,0,0
0,0,0,0
0,0,0,0
0,0,0,0
0,0,0,0
0,0,0,0
0,0,0,0
0,0,0,0
0,0,0,0
0,0,0,0
0,0,0,0
0,0,0,0
0,0,0,0
0,0,0,0
0,0,0,0
0,0,0,0
0,0,0,0
0,0,0,0
0,0,0,0
0,0,0,0
0,0,0,0
0,0,0,0
0,0,0,0
0,0,0,0
0,0,0,0
0,0,0,0
0,0,0,0
0,0,0,0
0,0,0,0
0,0,0,0
0,0,0,0
0,0,0,0
0,0,0,0
0,0,0,0
0,0,0,0
0,0,0,0
0,0,0,0
0,0,0,0
0,0,0,0
0,0,0,0
0,0,0,0
0,0,0,0
0,0,0,0
0,0,0,0
0,0,0,0
0,0,0,0
0,0,0,0
0,0,0,0
0,0,0,0
0,0,0,0
0,0,0,0
0,0,0,0
0,0,0,0
0,0,0,0
0,0,0,0
0,0,0,0
0,0,0,0
0,0,0,0
0,0,0,0
0,0,0,0
0,0,0,0
0,0,0,0
0,0,0,0
0,0,0,0
0,0,0,0
0,0,0,0
0,0,0,0
0,0,0,0
0,0,0,0
0,0,0,0
0,0,0,0
0,0,0,0
0,0,0,0
0,0,0,0
0,0,0,0
0,0,0,0
0,0,0,0
0,0,0,0
0,0,0,0
0,0,0,0
0,0,0,0
0,0,0,0
0,0,0,0
0,0,0,0
0,0,0,0
0,0,0,0
0,0,0,0
0,0,0,0
0,0,0,0
0,0,0,0
0,0,0,0
0,0,0,0
0,0,0,0
0,0,0,0
0,0,0,0
0,0,0,0
0,0,0,0
0,0,0,0
0,0,0,0
0,0,0,0
0,0,0,0
0,0,0,0
0,0,0,0
0,0,0,0
0,0,0,0
0,0,0,0
0,0,0,0
0,0,0,0
0,0,0,0
0,0,0,0
0,0,0,0
0,0,0,0
0,0,0,0
0,0,0,0
0,0,0,0
0,0,0,0
0,0,0,0
0,0,0,0
0,0,0,0
0,0,0,0
0,0,0,0
0,0,0,0
0,0,0,0
0,0,0,0
0,0,0,0
0,0,0,0
0,0,0,0
0,0,0,0
0,0,0,0
0,0,0,0
0,0,0,0
0,0,0,0
0,0,0,0
0,0,0,0
0,0,0,0
0,0,0,0
0,0,0,0
0,0,0,0
0,0,0,0
0,0,0,0
0,0,0,0
0,0,0,0
0,0,0,0
0,0,0,0
0,0,0,0
0,0,0,0
0,0,0,0
0,0,0,0
0,0,0,0
0,0,0,0
0,0,0,0
0,0,0,0
0,0,0,0
0,0,0,0
0,0,0,0
0,0,0,0
0,0,0,0
0,0,0,0
0,0,0,0
0,0,0,0
0,0,0,0
0,0,0,0
0,0,0,0
0,0,0,0
0,0,0,0
0,0,0,0
0,0,0,0
0,0,0,0
0,0,0,0
0,0,0,0
0,0,0,0
0,0,0,0
0,0,0,0
0,0,0,0
0,0,0,0
0,0,0,0
0,0,0,0
0,0,0,0
0,0,0,0
0,0,0,0
0,0,0,0
0,0,0,0
0,0,0,0
0,0,0,0
0,0,0,0
0,0,0,0
0,0,0,0
0,0,0,0
0,0,0,0
0,0,0,0
0,0,0,0
0,0,0,0
0,0,0,0
0,0,0,0
0,0,0,0
0,0,0,0
0,0,0,0
0,0,0,0
0,0,0,0
0,0,0,0
0,0,0,0
0,0,0,0
0,0,0,0
0,0,0,0
0,0,0,0
0,0,0,0
0,0,0,0
0,0,0,0
0,0,0,0
0,0,0,0
0,0,0,0
0,0,0,0
0,0,0,0
0,0,0,0
0,0,0,0
0,0,0,0
0,0,0,0
0,0,0,0
0,0,0,0
0,0,0,0
0,0,0,0
0,0,0,0
0,0,0,0
0,0,0,0
0,0,0,0
0,0,0,0
0,0,0,0
0,0,0,0
0,0,0,0
0,0,0,0
0,0,0,0
0,0,0,0
0,0,0,0
0,0,0,0
0,0,0,0
0,0,0,0
0,0,0,0
0,0,0,0
0,0,0,0
0,0,0,0
0,0,0,0
0,0,0,0
0,0,0,0
0,0,0,0
0,0,0,0
0,0,0,0
0,0,0,0
0,0,0,0
0,0,0,0
0,0,0,0
0,0,0,0
0,0,0,0
0,0,0,0
0,0,0,0
0,0,0,0
0,0,0,0
0,0,0,0
0,0,0,0
0,0,0,0
0,0,0,0
0,0,0,0
0,0,0,0
0,0,0,0
0,0,0,0
0,0,0,0
0,0,0,0
0,0,0,0
0,0,0,0
0,0,0,0
0,0,0,0
0,0,0,0
0,0,0,0
0,0,0,0
0,0,0,0
0,0,0,0
0,0,0,0
0,0,0,0
0,0,0,0
0,0,0,0
0,0,0,0
0,0,0,0
0,0,0,0
0,0,0,0
0,0,0,0
0,0,0,0
0,0,0,0
0,0,0,0
0,0,0,0
0,0,0,0
0,0,0,0
0,0,0,0
0,0,0,0
0,0,0,0
0,0,0,0
0,0,0,0
0,0,0,0
0,0,0,0
0,0,0,0
0,0,0,0
0,0,0,0
0,0,0,0
0,0,0,0
0,0,0,0
0,0,0,0
0,0,0,0
0,0,0,0
0,0,0,0
0,0,0,0
0,0,0,0
0,0,0,0
0,0,0,0
0,0,0,0
0,0,0,0
0,0,0,0
0,0,0,0
0,0,0,0
0,0,0,0
0,0,0,0
0,0,0,0
0,0,0,0
0,0,0,0
0,0,0,0
0,0,0,0
0,0,0,0
0,0,0,0
0,0,0,0
0,0,0,0
0,0,0,0
0,0,0,0
0,0,0,0
0,0,0,0
0,0,0,0
0,0,0,0
0,0,0,0
0,0,0,0
0,0,0,0
0,0,0,0
0,0,0,0
0,0,0,0
0,0,0,0
0,0,0,0
0,0,0,0
0,0,0,0
0,0,0,0
0,0,0,0
0,0,0,0
0,0,0,0
0,0,0,0
0,0,0,0
0,0,0,0
0,0,0,0
0,0,0,0
0,0,0,0
0,0,0,0
0,0,0,0
0,0,0,0
0,0,0,0
0,0,0,0
0,0,0,0
0,0,0,0
0,0,0,0
0,0,0,0
0,0,0,0
0,0,0,0
0,0,0,0
0,0,0,0
0,0,0,0
0,0,0,0
0,0,0,0
0,0,0,0
0,0,0,0
0,0,0,0
0,0,0,0
0,0,0,0
0,0,0,0
0,0,0,0
0,0,0,0
0,0,0,0
0,0,0,0
0,0,0,0
0,0,0,0
0,0,0,0
0,0,0,0
0,0,0,0
0,0,0,0
0,0,0,0
0,0,0,0
0,0,0,0
0,0,0,0
0,0,0,0
0,0,0,0
0,0,0,0
0,0,0,0
0,0,0,0
0,0,0,0
0,0,0,0
0,0,0,0
0,0,0,0
0,0,0,0
0,0,0,0
0,0,0,0
0,0,0,0
0,0,0,0
0,0,0,0
0,0,0,0
0,0,0,0
0,0,0,0
0,0,0,0
0,0,0,0
0,0,0,0
0,0,0,0
0,0,0,0
0,0,0,0
0,0,0,0
0,0,0,0
0,0,0,0
0,0,0,0
0,0,0,0
0,0,0,0
0,0,0,0
0,0,0,0
0,0,0,0
0,0,0,0
0,0,0,0
0,0,0,0
0,0,0,0
0,0,0,0
0,0,0,0
0,0,0,0
0,0,0,0
0,0,0,0
0,0,0,0
0,0,0,0
0,0,0,0
0,0,0,0
0,0,0,0
0,0,0,0
0,0,0,0
0,0,0,0
0,0,0,0
0,0,0,0
0,0,0,0
0,0,0,0
0,0,0,0
0,0,0,0
0,0,0,0
0,0,0,0
0,0,0,0
0,0,0,0
0,0,0,0
0,0,0,0
0,0,0,0
0,0,0,0
0,0,0,0
0,0,0,0
0,0,0,0
0,0,0,0
0,0,0,0
0,0,0,0
0,0,0,0
0,0,0,0
0,0,0,0
0,0,0,0
0,0,0,0
0,0,0,0
0,0,0,0
0,0,0,0
0,0,0,0
0,0,0,0
0,0,0,0
0,0,0,0
0,0,0,0
0,0,0,0
0,0,0,0
0,0,0,0
0,0,0,0
0,0,0,0
0,0,0,0
0,0,0,0
0,0,0,0
0,0,0,0
0,0,0,0
0,0,0,0
0,0,0,0
0,0,0,0
0,0,0,0
0,0,0,0
0,0,0,0
0,0,0,0
0,0,0,0
0,0,0,0
0,0,0,0
0,0,0,0
0,0,0,0
0,0,0,0
0,0,0,0
0,0,0,0
0,0,0,0
0,0,0,0
0,0,0,0
0,0,0,0
0,0,0,0
0,0,0,0
0,0,0,0
0,0,0,0
0,0,0,0
0,0,0,0
0,0,0,0
0,0,0,0
0,0,0,0
0,0,0,0
0,0,0,0
0,0,0,0
0,0,0,0
0,0,0,0
0,0,0,0
0,0,0,0
0,0,0,0
0,0,0,0
0,0,0,0
0,0,0,0
0,0,0,0
0,0,0,0
0,0,0,0
0,0,0,0
0,0,0,0
0,0,0,0
0,0,0,0
0,0,0,0
0,0,0,0
0,0,0,0
0,0,0,0
0,0,0,0
0,0,0,0
0,0,0,0
0,0,0,0
0,0,0,0
0,0,0,0
0,0,0,0
0,0,0,0
0,0,0,0
0,0,0,0
0,0,0,0
0,0,0,0
0,0,0,0
0,0,0,0
0,0,0,0
0,0,0,0
0,0,0,0
0,0,0,0
0,0,0,0
0,0,0,0
0,0,0,0
0,0,0,0
0,0,0,0
0,0,0,0
0,0,0,0
0,0,0,0
0,0,0,0
0,0,0,0
0,0,0,0
0,0,0,0
0,0,0,0
0,0,0,0
0,0,0,0
0,0,0,0
0,0,0,0
0,0,0,0
0,0,0,0
0,0,0,0
0,0,0,0
0,0,0,0
0,0,0,0
0,0,0,0
0,0,0,0
0,0,0,0
0,0,0,0
0,0,0,0
0,0,0,0
0,0,0,0
0,0,0,0
0,0,0,0
0,0,0,0
0,0,0,0
0,0,0,0
0,0,0,0
0,0,0,0
0,0,0,0
0,0,0,0
0,0,0,0
0,0,0,0
0,0,0,0
0,0,0,0
0,0,0,0
0,0,0,0
0,0,0,0
0,0,0,0
0,0,0,0
0,0,0,0
0,0,0,0
0,0,0,0
0,0,0,0
0,0,0,0
0,0,0,0
0,0,0,0
0,0,0,0
0,0,0,0
0,0,0,0
0,0,0,0
0,0,0,0
0,0,0,0
0,0,0,0
0,0,0,0
0,0,0,0
0,0,0,0
0,0,0,0
0,0,0,0
0,0,0,0
0,0,0,0
0,0,0,0
0,0,0,0
0,0,0,0
0,0,0,0
0,0,0,0
0,0,0,0
0,0,0,0
0,0,0,0
0,0,0,0
0,0,0,0
0,0,0,0
0,0,0,0
0,0,0,0
0,0,0,0
0,0,0,0
0,0,0,0
0,0,0,0
0,0,0,0
0,0,0,0
0,0,0,0
0,0,0,0
0,0,0,0
0,0,0,0
0,0,0,0
0,0,0,0
0,0,0,0
0,0,0,0
0,0,0,0
0,0,0,0
0,0,0,0
0,0,0,0
0,0,0,0
0,0,0,0
0,0,0,0
0,0,0,0
0,0,0,0
0,0,0,0
0,0,0,0
0,0,0,0
0,0,0,0
0,0,0,0
0,0,0,0
0,0,0,0
0,0,0,0
0,0,0,0
0,0,0,0
0,0,0,0
0,0,0,0
0,0,0,0
0,0,0,0
0,0,0,0
0,0,0,0
0,0,0,0
0,0,0,0
0,0,0,0
0,0,0,0
0,0,0,0
0,0,0,0
0,0,0,0
0,0,0,0
0,0,0,0
0,0,0,0
0,0,0,0
0,0,0,0
0,0,0,0
0,0,0,0
0,0,0,0
0,0,0,0
0,0,0,0
0,0,0,0
0,0,0,0
0,0,0,0
0,0,0,0
0,0,0,0
0,0,0,0
0,0,0,0
0,0,0,0
0,0,0,0
0,0,0,0
0,0,0,0
0,0,0,0
0,0,0,0
0,0,0,0
0,0,0,0
0,0,0,0
0,0,0,0
0,0,0,0
0,0,0,0
0,0,0,0
0,0,0,0
0,0,0,0
0,0,0,0
0,0,0,0
0,0,0,0
0,0,0,0
0,0,0,0
0,0,0,0
0,0,0,0
0,0,0,0
0,0,0,0
0,0,0,0
0,0,0,0
0,0,0,0
0,0,0,0
0,0,0,0
0,0,0,0
0,0,0,0
0,0,0,0
0,0,0,0
0,0,0,0
0,0,0,0
0,0,0,0
0,0,0,0
0,0,0,0
0,0,0,0
0,0,0,0
0,0,0,0
0,0,0,0
0,0,0,0
0,0,0,0
0,0,0,0
0,0,0,0
0,0,0,0
0,0,0,0
0,0,0,0
0,0,0,0
0,0,0,0
0,0,0,0
0,0,0,0
0,0,0,0
0,0,0,0
0,0,0,0
0,0,0,0
0,0,0,0
0,0,0,0
0,0,0,0
0,0,0,0
0,0,0,0
0,0,0,0
0,0,0,0
0,0,0,0
0,0,0,0
0,0,0,0
0,0,0,0
0,0,0,0
0,0,0,0
0,0,0,0
0,0,0,0
0,0,0,0
0,0,0,0
0,0,0,0
0,0,0,0
0,0,0,0
0,0,0,0
0,0,0,0
0,0,0,0
0,0,0,0
0,0,0,0
0,0,0,0
0,0,0,0
0,0,0,0
0,0,0,0
0,0,0,0
0,0,0,0
0,0,0,0
0,0,0,0
0,0,0,0
0,0,0,0
0,0,0,0
0,0,0,0
0,0,0,0
0,0,0,0
0,0,0,0
0,0,0,0
0,0,0,0
0,0,0,0
0,0,0,0
0,0,0,0
0,0,0,0
0,0,0,0
0,0,0,0
0,0,0,0
0,0,0,0
0,0,0,0
0,0,0,0
0,0,0,0
0,0,0,0
0,0,0,0
0,0,0,0
0,0,0,0
0,0,0,0
0,0,0,0
0,0,0,0
0,0,0,0
0,0,0,0
0,0,0,0
0,0,0,0
0,0,0,0
0,0,0,0
0,0,0,0
0,0,0,0
0,0,0,0
0,0,0,0
0,0,0,0
0,0,0,0
0,0,0,0
0,0,0,0
0,0,0,0
0,0,0,0
0,0,0,0
0,0,0,0
0,0,0,0
0,0,0,0
0,0,0,0
0,0,0,0
0,0,0,0
0,0,0,0
0,0,0,0
0,0,0,0
0,0,0,0
0,0,0,0
0,0,0,0
0,0,0,0
0,0,0,0
0,0,0,0
0,0,0,0
0,0,0,0
0,0,0,0
0,0,0,0
0,0,0,0
0,0,0,0
0,0,0,0
0,0,0,0
0,0,0,0
0,0,0,0
0,0,0,0
0,0,0,0
0,0,0,0
0,0,0,0
0,0,0,0
0,0,0,0
0,0,0,0
0,0,0,0
0,0,0,0
0,0,0,0
0,0,0,0
0,0,0,0
0,0,0,0
0,0,0,0
0,0,0,0
0,0,0,0
0,0,0,0
0,0,0,0
0,0,0,0
0,0,0,0
0,0,0,0
0,0,0,0
0,0,0,0
0,0,0,0
0,0,0,0
0,0,0,0
0,0,0,0
0,0,0,0
0,0,0,0
0,0,0,0
0,0,0,0
0,0,0,0
0,0,0,0
0,0,0,0
0,0,0,0
0,0,0,0
0,0,0,0
0,0,0,0
0,0,0,0
0,0,0,0
0,0,0,0
0,0,0,0
0,0,0,0
0,0,0,0
0,0,0,0
0,0,0,0
0,0,0,0
0,0,0,0
0,0,0,0
0,0,0,0
0,0,0,0
0,0,0,0
0,0,0,0
0,0,0,0
0,0,0,0
0,0,0,0
0,0,0,0
0,0,0,0
0,0,0,0
0,0,0,0
0,0,0,0
0,0,0,0
0,0,0,0
0,0,0,0
0,0,0,0
0,0,0,0
0,0,0,0
0,0,0,0
0,0,0,0
0,0,0,0
0,0,0,0
0,0,0,0
0,0,0,0
0,0,0,0
0,0,0,0
0,0,0,0
0,0,0,0
0,0,0,0
0,0,0,0
0,0,0,0
0,0,0,0
0,0,0,0
0,0,0,0
0,0,0,0
0,0,0,0
0,0,0,0
0,0,0,0
0,0,0,0
0,0,0,0
0,0,0,0
0,0,0,0
0,0,0,0
0,0,0,0
0,0,0,0
0,0,0,0
0,0,0,0
0,0,0,0
0,0,0,0
0,0,0,0
0,0,0,0
0,0,0,0
0,0,0,0
0,0,0,0
0,0,0,0
0,0,0,0
0,0,0,0
0,0,0,0
0,0,0,0
0,0,0,0
0,0,0,0
0,0,0,0
0,0,0,0
0,0,0,0
0,0,0,0
0,0,0,0
0,0,0,0
0,0,0,0
0,0,0,0
0,0,0,0
0,0,0,0
0,0,0,0
0,0,0,0
0,0,0,0
0,0,0,0
0,0,0,0
0,0,0,0
0,0,0,0
0,0,0,0
0,0,0,0
0,0,0,0
0,0,0,0
0,0,0,0
0,0,0,0
0,0,0,0
0,0,0,0
0,0,0,0
0,0,0,0
0,0,0,0
0,0,0,0
0,0,0,0
0,0,0,0
0,0,0,0
0,0,0,0
0,0,0,0
0,0,0,0
0,0,0,0
0,0,0,0
0,0,0,0
0,0,0,0
0,0,0,0
0,0,0,0
0,0,0,0
0,0,0,0
0,0,0,0
0,0,0,0
0,0,0,0
0,0,0,0
0,0,0,0
0,0,0,0
0,0,0,0
0,0,0,0
0,0,0,0
0,0,0,0
0,0,0,0
0,0,0,0
0,0,0,0
0,0,0,0
0,0,0,0
0,0,0,0
0,0,0,0
0,0,0,0
0,0,0,0
0,0,0,0
0,0,0,0
0,0,0,0
0,0,0,0
0,0,0,0
0,0,0,0
0,0,0,0
0,0,0,0
0,0,0,0
0,0,0,0
0,0,0,0
0,0,0,0
0,0,0,0
0,0,0,0
0,0,0,0
0,0,0,0
0,0,0,0
0,0,0,0
0,0,0,0
0,0,0,0
0,0,0,0
0,0,0,0
0,0,0,0
0,0,0,0
0,0,0,0
0,0,0,0
0,0,0,0
0,0,0,0
0,0,0,0
0,0,0,0
0,0,0,0
0,0,0,0
0,0,0,0
0,0,0,0
0,0,0,0
0,0,0,0
0,0,0,0
0,0,0,0
0,0,0,0
0,0,0,0
0,0,0,0
0,0,0,0
0,0,0,0
0,0,0,0
0,0,0,0
0,0,0,0
0,0,0,0
0,0,0,0
0,0,0,0
0,0,0,0
0,0,0,0
0,0,0,0
0,0,0,0
0,0,0,0
0,0,0,0
0,0,0,0
0,0,0,0
0,0,0,0
0,0,0,0
0,0,0,0
0,0,0,0
0,0,0,0
0,0,0,0
0,0,0,0
0,0,0,0
0,0,0,0
0,0,0,0
0,0,0,0
0,0,0,0
0,0,0,0
0,0,0,0
0,0,0,0
0,0,0,0
0,0,0,0
0,0,0,0
0,0,0,0
0,0,0,0
0,0,0,0
0,0,0,0
0,0,0,0
0,0,0,0
0,0,0,0
0,0,0,0
0,0,0,0
0,0,0,0
0,0,0,0
0,0,0,0
0,0,0,0
0,0,0,0
0,0,0,0
0,0,0,0
0,0,0,0
0,0,0,0
0,0,0,0
0,0,0,0
0,0,0,0
0,0,0,0
0,0,0,0
0,0,0,0
0,0,0,0
0,0,0,0
0,0,0,0
0,0,0,0
0,0,0,0
0,0,0,0
0,0,0,0
0,0,0,0
0,0,0,0
0,0,0,0
0,0,0,0
0,0,0,0
0,0,0,0
0,0,0,0
0,0,0,0
0,0,0,0
0,0,0,0
0,0,0,0
0,0,0,0
0,0,0,0
0,0,0,0
0,0,0,0
0,0,0,0
0,0,0,0
0,0,0,0
0,0,0,0
0,0,0,0
0,0,0,0
0,0,0,0
0,0,0,0
0,0,0,0
0,0,0,0
0,0,0,0
0,0,0,0
0,0,0,0
0,0,0,0
0,0,0,0
0,0,0,0
0,0,0,0
0,0,0,0
0,0,0,0
0,0,0,0
0,0,0,0
0,0,0,0
0,0,0,0
0,0,0,0
0,0,0,0
0,0,0,0
0,0,0,0
0,0,0,0
0,0,0,0
0,0,0,0
0,0,0,0
0,0,0,0
0,0,0,0
0,0,0,0
0,0,0,0
0,0,0,0
0,0,0,0
0,0,0,0
0,0,0,0
0,0,0,0
0,0,0,0
0,0,0,0
0,0,0,0
0,0,0,0
0,0,0,0
0,0,0,0
0,0,0,0
0,0,0,0
0,0,0,0
0,0,0,0
0,0,0,0
0,0,0,0
0,0,0,0
0,0,0,0
0,0,0,0
0,0,0,0
0,0,0,0
0,0,0,0
0,0,0,0
0,0,0,0
0,0,0,0
0,0,0,0
0,0,0,0
0,0,0,0
0,0,0,0
0,0,0,0
0,0,0,0
0,0,0,0
0,0,0,0
0,0,0,0
0,0,0,0
0,0,0,0
0,0,0,0
0,0,0,0
0,0,0,0
0,0,0,0
0,0,0,0
0,0,0,0
0,0,0,0
0,0,0,0
0,0,0,0
0,0,0,0
0,0,0,0
0,0,0,0
0,0,0,0
0,0,0,0
0,0,0,0
0,0,0,0
0,0,0,0
0,0,0,0
0,0,0,0
0,0,0,0
0,0,0,0
0,0,0,0
0,0,0,0
0,0,0,0
0,0,0,0
0,0,0,0
0,0,0,0
0,0,0,0
0,0,0,0
0,0,0,0
0,0,0,0
0,0,0,0
0,0,0,0
0,0,0,0
0,0,0,0
0,0,0,0
0,0,0,0
0,0,0,0
0,0,0,0
0,0,0,0
0,0,0,0
0,0,0,0
0,0,0,0
0,0,0,0
0,0,0,0
0,0,0,0
0,0,0,0
0,0,0,0
0,0,0,0
0,0,0,0
0,0,0,0
0,0,0,0
0,0,0,0
0,0,0,0
0,0,0,0
0,0,0,0
0,0,0,0
0,0,0,0
0,0,0,0
0,0,0,0
0,0,0,0
0,0,0,0
0,0,0,0
0,0,0,0
0,0,0,0
0,0,0,0
0,0,0,0
0,0,0,0
0,0,0,0
0,0,0,0
0,0,0,0
0,0,0,0
0,0,0,0
0,0,0,0
0,0,0,0
0,0,0,0
0,0,0,0
0,0,0,0
0,0,0,0
0,0,0,0
0,0,0,0
0,0,0,0
0,0,0,0
0,0,0,0
0,0,0,0
0,0,0,0
0,0,0,0
0,0,0,0
0,0,0,0
0,0,0,0
0,0,0,0
0,0,0,0
0,0,0,0
0,0,0,0
0,0,0,0
0,0,0,0
0,0,0,0
0,0,0,0
0,0,0,0
0,0,0,0
0,0,0,0
0,0,0,0
0,0,0,0
0,0,0,0
0,0,0,0
0,0,0,0
0,0,0,0
0,0,0,0
0,0,0,0
0,0,0,0
0,0,0,0
0,0,0,0
0,0,0,0
0,0,0,0
0,0,0,0
0,0,0,0
0,0,0,0
0,0,0,0
0,0,0,0
0,0,0,0
0,0,0,0
0,0,0,0
0,0,0,0
0,0,0,0
0,0,0,0
0,0,0,0
0,0,0,0
0,0,0,0
0,0,0,0
0,0,0,0
0,0,0,0
0,0,0,0
0,0,0,0
0,0,0,0
0,0,0,0
0,0,0,0
0,0,0,0
0,0,0,0
0,0,0,0
0,0,0,0
0,0,0,0
0,0,0,0
0,0,0,0
0,0,0,0
0,0,0,0
0,0,0,0
0,0,0,0
0,0,0,0
0,0,0,0
0,0,0,0
0,0,0,0
0,0,0,0
0,0,0,0
0,0,0,0
0,0,0,0
0,0,0,0
0,0,0,0
0,0,0,0
0,0,0,0
0,0,0,0
0,0,0,0
0,0,0,0
0,0,0,0
0,0,0,0
0,0,0,0
0,0,0,0
0,0,0,0
0,0,0,0
0,0,0,0
0,0,0,0
0,0,0,0
0,0,0,0
0,0,0,0
0,0,0,0
0,0,0,0
0,0,0,0
0,0,0,0
0,0,0,0
0,0,0,0
0,0,0,0
0,0,0,0
0,0,0,0
0,0,0,0
0,0,0,0
0,0,0,0
0,0,0,0
0,0,0,0
0,0,0,0
0,0,0,0
0,0,0,0
0,0,0,0
0,0,0,0
0,0,0,0
0,0,0,0
0,0,0,0
0,0,0,0
0,0,0,0
0,0,0,0
0,0,0,0
0,0,0,0
0,0,0,0
0,0,0,0
0,0,0,0
0,0,0,0
0,0,0,0
0,0,0,0
0,0,0,0
0,0,0,0
0,0,0,0
0,0,0,0
0,0,0,0
0,0,0,0
0,0,0,0
0,0,0,0
0,0,0,0
0,0,0,0
0,0,0,0
0,0,0,0
0,0,0,0
0,0,0,0
0,0,0,0
0,0,0,0
0,0,0,0
0,0,0,0
0,0,0,0
0,0,0,0
0,0,0,0
0,0,0,0
0,0,0,0
0,0,0,0
0,0,0,0
0,0,0,0
0,0,0,0
0,0,0,0
0,0,0,0
0,0,0,0
0,0,0,0
0,0,0,0
0,0,0,0
0,0,0,0
0,0,0,0
0,0,0,0
0,0,0,0
0,0,0,0
0,0,0,0
0,0,0,0
0,0,0,0
0,0,0,0
0,0,0,0
0,0,0,0
0,0,0,0
0,0,0,0
0,0,0,0
0,0,0,0
0,0,0,0
0,0,0,0
0,0,0,0
0,0,0,0
0,0,0,0
0,0,0,0
0,0,0,0
0,0,0,0
0,0,0,0
0,0,0,0
0,0,0,0
0,0,0,0
0,0,0,0
0,0,0,0
0,0,0,0
0,0,0,0
0,0,0,0
0,0,0,0
0,0,0,0
0,0,0,0
0,0,0,0
0,0,0,0
0,0,0,0
0,0,0,0
0,0,0,0
0,0,0,0
0,0,0,0
0,0,0,0
0,0,0,0
0,0,0,0
0,0,0,0
0,0,0,0
0,0,0,0
0,0,0,0
0,0,0,0
0,0,0,0
0,0,0,0
0,0,0,0
0,0,0,0
0,0,0,0
0,0,0,0
0,0,0,0
0,0,0,0
0,0,0,0
0,0,0,0
0,0,0,0
0,0,0,0
0,0,0,0
0,0,0,0
0,0,0,0
0,0,0,0
0,0,0,0
0,0,0,0
0,0,0,0
0,0,0,0
0,0,0,0
0,0,0,0
0,0,0,0
0,0,0,0
0,0,0,0
0,0,0,0
0,0,0,0
0,0,0,0
0,0,0,0
0,0,0,0
0,0,0,0
0,0,0,0
0,0,0,0
0,0,0,0
0,0,0,0
0,0,0,0
0,0,0,0
0,0,0,0
0,0,0,0
0,0,0,0
0,0,0,0
0,0,0,0
0,0,0,0
0,0,0,0
0,0,0,0
0,0,0,0
0,0,0,0
0,0,0,0
0,0,0,0
0,0,0,0
0,0,0,0
0,0,0,0
0,0,0,0
0,0,0,0
0,0,0,0
0,0,0,0
0,0,0,0
0,0,0,0
0,0,0,0
0,0,0,0
0,0,0,0
0,0,0,0
0,0,0,0
0,0,0,0
0,0,0,0
0,0,0,0
0,0,0,0
0,0,0,0
0,0,0,0
0,0,0,0
0,0,0,0
0,0,0,0
0,0,0,0
0,0,0,0
0,0,0,0
0,0,0,0
0,0,0,0
0,0,0,0
0,0,0,0
0,0,0,0
0,0,0,0
0,0,0,0
0,0,0,0
0,0,0,0
0,0,0,0
0,0,0,0
0,0,0,0
0,0,0,0
0,0,0,0
0,0,0,0
0,0,0,0
0,0,0,0
0,0,0,0
0,0,0,0
0,0,0,0
0,0,0,0
0,0,0,0
0,0,0,0
0,0,0,0
0,0,0,0
0,0,0,0
0,0,0,0
0,0,0,0
0,0,0,0
0,0,0,0
0,0,0,0
0,0,0,0
0,0,0,0
0,0,0,0
0,0,0,0
0,0,0,0
0,0,0,0
0,0,0,0
0,0,0,0
0,0,0,0
0,0,0,0
0,0,0,0
0,0,0,0
0,0,0,0
0,0,0,0
0,0,0,0
0,0,0,0
0,0,0,0
0,0,0,0
0,0,0,0
0,0,0,0
0,0,0,0
0,0,0,0
0,0,0,0
0,0,0,0
0,0,0,0
0,0,0,0
0,0,0,0
0,0,0,0
0,0,0,0
0,0,0,0
0,0,0,0
0,0,0,0
0,0,0,0
0,0,0,0
0,0,0,0
0,0,0,0
0,0,0,0
0,0,0,0
0,0,0,0
0,0,0,0
0,0,0,0
0,0,0,0
0,0,0,0
0,0,0,0
0,0,0,0
0,0,0,0
0,0,0,0
0,0,0,0
0,0,0,0
0,0,0,0
0,0,0,0
0,0,0,0
0,0,0,0
0,0,0,0
0,0,0,0
0,0,0,0
0,0,0,0
0,0,0,0
0,0,0,0
0,0,0,0
0,0,0,0
0,0,0,0
0,0,0,0
0,0,0,0
0,0,0,0
0,0,0,0
0,0,0,0
0,0,0,0
0,0,0,0
0,0,0,0
0,0,0,0
0,0,0,0
0,0,0,0
0,0,0,0
0,0,0,0
0,0,0,0
0,0,0,0
0,0,0,0
0,0,0,0
0,0,0,0
0,0,0,0
0,0,0,0
0,0,0,0
0,0,0,0
0,0,0,0
0,0,0,0
0,0,0,0
0,0,0,0
0,0,0,0
0,0,0,0
0,0,0,0
0,0,0,0
0,0,0,0
0,0,0,0
0,0,0,0
0,0,0,0
0,0,0,0
0,0,0,0
0,0,0,0
0,0,0,0
0,0,0,0
0,0,0,0
0,0,0,0
0,0,0,0
0,0,0,0
0,0,0,0
0,0,0,0
0,0,0,0
0,0,0,0
0,0,0,0
0,0,0,0
0,0,0,0
0,0,0,0
0,0,0,0
0,0,0,0
0,0,0,0
0,0,0,0
0,0,0,0
0,0,0,0
0,0,0,0
0,0,0,0
0,0,0,0
0,0,0,0
0,0,0,0
0,0,0,0
0,0,0,0
0,0,0,0
0,0,0,0
0,0,0,0
0,0,0,0
0,0,0,0
0,0,0,0
0,0,0,0
0,0,0,0
0,0,0,0
0,0,0,0
0,0,0,0
0,0,0,0
0,0,0,0
0,0,0,0
0,0,0,0
0,0,0,0
0,0,0,0
0,0,0,0
0,0,0,0
0,0,0,0
0,0,0,0
0,0,0,0
0,0,0,0
0,0,0,0
0,0,0,0
0,0,0,0
0,0,0,0
0,0,0,0
0,0,0,0
0,0,0,0
0,0,0,0
0,0,0,0
0,0,0,0
0,0,0,0
0,0,0,0
0,0,0,0
0,0,0,0
0,0,0,0
0,0,0,0
0,0,0,0
0,0,0,0
0,0,0,0
0,0,0,0
0,0,0,0
0,0,0,0
0,0,0,0
0,0,0,0
0,0,0,0
0,0,0,0
0,0,0,0
0,0,0,0
0,0,0,0
0,0,0,0
0,0,0,0
0,0,0,0
0,0,0,0
0,0,0,0
0,0,0,0
0,0,0,0
0,0,0,0
0,0,0,0
0,0,0,0
0,0,0,0
0,0,0,0
0,0,0,0
0,0,0,0
0,0,0,0
0,0,0,0
0,0,0,0
0,0,0,0
0,0,0,0
0,0,0,0
0,0,0,0
0,0,0,0
0,0,0,0
0,0,0,0
0,0,0,0
0,0,0,0
0,0,0,0
0,0,0,0
0,0,0,0
0,0,0,0
0,0,0,0
0,0,0,0
0,0,0,0
0,0,0,0
0,0,0,0
0,0,0,0
0,0,0,0
0,0,0,0
0,0,0,0
0,0,0,0
0,0,0,0
0,0,0,0
0,0,0,0
0,0,0,0
0,0,0,0
0,0,0,0
0,0,0,0
0,0,0,0
0,0,0,0
0,0,0,0
0,0,0,0
0,0,0,0
0,0,0,0
0,0,0,0
0,0,0,0
0,0,0,0
0,0,0,0
0,0,0,0
0,0,0,0
0,0,0,0
0,0,0,0
0,0,0,0
0,0,0,0
0,0,0,0
0,0,0,0
0,0,0,0
0,0,0,0
0,0,0,0
0,0,0,0
0,0,0,0
0,0,0,0
0,0,0,0
0,0,0,0
0,0,0,0
0,0,0,0
0,0,0,0
0,0,0,0
0,0,0,0
0,0,0,0
0,0,0,0
0,0,0,0
0,0,0,0
0,0,0,0
0,0,0,0
0,0,0,0
0,0,0,0
0,0,0,0
0,0,0,0
0,0,0,0
0,0,0,0
0,0,0,0
0,0,0,0
0,0,0,0
0,0,0,0
0,0,0,0
0,0,0,0
0,0,0,0
0,0,0,0
0,0,0,0
0,0,0,0
0,0,0,0
0,0,0,0
0,0,0,0
0,0,0,0
0,0,0,0
0,0,0,0
0,0,0,0
